2000 81
97 630 1373
398 361 536
1 2 3
2 3 4
3 4 5
1573 1392 1526
645 1562 79
1833 239 840
4 5 5
1122 972 412
5 6 7
1089 190 1311
672 1664 887
6 7 8
805 1221 1635
7 8 8
8 9 9
1001 1271 267
176 200 567
1800 762 1129
1978 1273 429
1965 155 68
295 1714 836
499 1093 465
9 10 11
10 11 11
11 12 13
12 13 14
1122 1614 1863
13 14 14
1334 149 273
929 1163 221
14 15 15
15 16 17
315 100 86
1449 129 467
75 152 1760
270 535 845
960 413 787
1248 709 553
16 17 17
1109 764 1079
1586 602 1947
17 18 19
18 19 20
19 20 21
1652 1322 1521
1404 569 440
1848 1130 380
130 771 807
1932 1622 1409
1968 625 527
418 1417 1101
937 1654 1711
325 943 221
980 94 567
1840 1059 197
1408 804 361
20 21 21
1419 1942 274
106 403 385
1883 701 1651
21 22 22
1082 645 1643
1456 836 1091
35 313 866
22 23 24
1745 914 1595
1742 204 284
1328 1658 20
1080 1861 19
138 361 150
1736 1821 200
23 24 25
1283 1604 1588
378 1991 829
1058 680 1575
822 1129 566
24 25 26
1928 337 1599
707 251 1832
