2000 161
594 271 957
633 1085 1384
1133 1233 916
1463 1353 621
1 2 2
514 1052 224
814 744 1837
44 195 1186
2 3 4
1272 606 1531
739 706 1827
1862 1014 834
3 4 5
4 5 5
1063 1246 1103
935 318 593
1657 93 324
583 987 1283
1258 1051 866
1187 1012 1167
1427 1825 589
5 6 7
1055 141 69
491 1545 487
739 1255 815
868 577 244
6 7 7
303 140 1208
1411 134 634
1317 1053 1483
7 8 8
658 1910 923
8 9 9
9 10 10
10 11 12
818 1882 167
1626 642 1876
765 725 1620
941 490 1142
295 1767 1551
11 12 12
669 1690 433
1949 1786 648
1786 1628 1928
228 266 1340
1922 444 122
1759 1231 304
1655 801 265
709 882 74
1229 906 1634
331 952 149
755 1295 1201
1510 382 1680
195 683 51
170 379 1236
1872 1490 1457
1954 1591 760
1810 1156 1093
1581 1488 1604
12 13 13
1433 1408 1345
539 1010 1524
970 1104 745
13 14 14
1918 915 926
1951 1961 810
585 806 881
1765 1777 529
14 15 16
1434 1337 1850
53 1904 200
1707 811 1542
1946 1834 1222
15 16 17
1631 216 816
1050 10 739
6 1648 1341
342 750 1386
1060 245 780
16 17 17
1231 289 850
293 1165 1722
1376 1807 1152
1029 169 290
17 18 19
18 19 19
251 386 1290
19 20 21
1406 1290 816
1137 890 856
908 918 1280
571 1963 86
1852 1735 1711
381 135 927
906 1683 1116
1705 1566 1988
1741 454 39
1865 1250 766
673 1101 1457
1074 295 1486
20 21 21
21 22 22
193 890 811
1958 1604 621
1136 819 286
870 995 277
1657 1011 733
42 1459 239
22 23 24
1863 260 915
339 377 1261
1654 1236 1932
23 24 25
596 1604 1181
364 27 678
1165 1247 1989
1959 1370 6
445 132 21
683 1003 1703
1605 1727 162
963 546 61
24 25 25
25 26 27
1307 1303 1000
26 27 28
1187 411 1409
245 512 465
1678 1268 364
253 590 1625
378 279 732
1465 262 136
27 28 29
1834 790 1300
724 512 1101
132 342 1321
66 379 882
28 29 29
1175 216 877
1462 325 729
1221 1608 915
149 501 1641
996 859 1890
1526 1889 1010
420 631 1628
1740 800 220
29 30 31
1995 1029 1964
454 58 390
852 821 317
523 1434 1831
1202 959 1720
313 1532 477
905 530 923
1293 189 838
1097 634 1537
1937 1163 1121
1659 956 980
682 690 47
29 508 1792
1352 1208 1898
1327 1464 1216
