2000 241
410 1433 1627
1489 1395 611
1 2 3
2 3 3
1553 1507 1544
3 4 4
4 5 5
1073 1318 1088
112 333 87
1322 187 439
461 1272 1516
1385 813 1044
784 954 1186
449 53 531
5 6 6
644 1277 1454
76 1249 1631
1233 992 209
310 416 447
909 227 1268
956 594 1727
1576 1567 116
1954 1245 1988
1755 1154 437
1539 1703 207
1478 1584 1367
356 1475 819
111 1439 1194
379 782 31
13 933 988
1469 1313 1068
1197 1343 1045
312 1260 128
500 47 880
1481 1338 1880
6 7 7
268 51 90
1950 1606 787
490 954 666
1600 1401 495
1748 488 1148
7 8 9
442 1620 1242
8 9 9
507 458 1783
233 1480 1542
279 1852 599
397 1562 1449
630 1380 1068
415 1203 407
1750 925 1679
1726 1189 1625
9 10 11
1191 9 896
39 365 345
1529 1480 462
10 11 11
765 1134 1282
11 12 12
1566 1603 241
12 13 14
13 14 15
528 1443 1611
768 838 707
1011 1859 1422
622 305 530
35 1342 1418
612 442 1349
1541 1658 1162
1759 1219 1614
1288 840 1689
1342 1174 1802
727 446 1778
1290 1141 927
1144 1934 1301
14 15 16
467 1120 1209
15 16 17
359 1436 743
84 524 1062
1953 321 814
16 17 18
1844 93 1820
101 824 1606
1903 353 1373
101 270 680
550 1864 806
17 18 18
477 1177 707
1214 1088 1602
4 523 1082
945 1949 74
397 1671 1289
1561 58 1848
18 19 20
738 1909 1515
1593 847 1124
835 1219 365
137 840 843
1474 1154 642
1419 1713 1819
95 1084 62
1168 1697 1673
62 1122 320
1310 356 582
1282 291 215
275 1349 1681
78 454 1089
19 20 21
1974 1062 57
243 651 248
381 1724 162
1310 428 911
830 599 1097
575 1954 284
1409 607 1313
486 36 1728
1459 690 807
797 1738 10
201 250 1960
428 1293 1721
454 1985 117
602 1365 1224
1946 1656 1571
895 114 261
20 21 22
1554 1089 362
1280 1680 105
1594 1171 1784
1402 1357 230
21 22 22
1212 1723 699
1210 314 236
710 54 1729
22 23 24
890 1859 1083
73 1892 1893
956 698 377
1033 1295 703
659 548 411
1130 1173 1482
1294 1127 66
1010 1944 1565
1208 1803 1503
1463 1321 560
804 553 357
545 33 168
341 444 859
1155 158 1974
1537 797 937
454 35 956
1521 1177 1900
109 1451 1642
1574 1917 1276
744 742 1460
1956 1272 1792
614 775 563
23 24 24
1969 1126 535
563 1662 2
24 25 25
25 26 26
683 1014 341
325 62 740
721 1863 1430
26 27 27
27 28 29
1217 391 1256
186 38 871
584 873 952
113 705 1068
1518 1130 125
1224 384 1254
1616 533 967
1350 1288 1776
254 607 1414
733 1042 1286
1169 987 1209
1120 432 1464
430 451 123
763 1657 98
1705 151 1293
1830 1148 1507
952 1352 976
28 29 29
354 1150 777
1216 1533 141
483 1209 841
29 30 30
30 31 32
1070 90 627
71 1451 874
1127 879 1810
125 1613 1678
278 1964 1744
31 32 32
523 1572 1394
1934 938 702
693 1036 765
1347 612 1239
774 19 1975
1530 518 643
226 930 368
958 189 924
1112 631 1807
970 1817 111
658 1874 775
984 411 1414
915 737 1298
756 61 1697
1880 151 1301
1647 68 277
752 1981 256
1966 266 1520
1638 153 1827
415 1637 1248
1789 52 198
1803 1570 329
1074 1346 449
178 782 569
790 559 927
1591 1147 1465
1228 945 1264
322 808 136
326 1605 1431
1296 1237 1578
32 33 33
512 952 1579
1254 508 339
796 1943 1315
804 1672 1463
1466 1517 312
933 87 43
393 1881 32
961 745 131
33 34 35
1651 321 1585
1928 1451 293
34 35 36
536 1481 1781
986 505 512
