2000 321
542 97 1114
519 254 1751
1344 621 878
1701 682 1976
947 139 618
1930 986 1144
437 1803 1241
694 1316 1725
636 1886 1728
406 1435 453
530 802 1423
1575 1283 1451
64 982 536
990 123 1412
1 2 2
1013 1788 773
792 353 98
22 1024 1038
1169 1251 1780
2 3 4
573 1327 205
1575 102 474
420 717 451
84 1075 318
1961 297 991
3 4 5
1234 1812 1424
1111 1663 710
412 303 235
1068 1685 986
4 5 5
231 1698 1521
1325 1838 1706
639 167 920
298 476 989
1216 1738 1522
1946 1501 378
1693 779 1733
1837 613 1537
1897 344 1885
175 356 1294
5 6 6
328 244 1015
1496 548 686
1786 1060 1614
1256 1765 174
20 677 1857
6 7 7
790 261 199
485 1011 938
1276 763 1091
1918 1787 73
1044 706 403
1151 1999 701
631 1299 1135
1005 934 1564
1044 611 1608
1868 634 1261
1770 204 1193
1739 1012 1596
355 1427 827
1615 253 643
345 504 1864
7 8 9
399 1784 294
8 9 9
1977 1189 1895
140 1328 368
307 65 1559
59 786 1251
412 1994 398
1023 1844 82
1148 1807 1225
1024 523 1226
9 10 11
118 929 1587
114 1235 252
1338 292 188
768 1167 1459
1635 1837 1649
44 9 954
1906 401 1718
1467 1959 1253
615 591 1629
857 1689 774
10 11 11
644 910 636
1216 384 28
1741 1253 73
504 1572 1474
1058 1153 618
1696 1559 856
1223 878 350
1079 136 517
1784 566 966
1595 463 1124
670 15 456
12 1249 301
1546 259 1873
1779 1050 1833
11 12 13
1378 1665 591
1915 171 1233
241 963 910
973 671 1430
1033 164 1328
1541 1160 1804
957 652 1828
790 1137 1289
1883 1967 1069
918 1181 982
810 1575 1886
1824 281 153
1013 80 913
268 1303 1200
1041 404 1896
704 259 1327
1944 389 355
12 13 13
13 14 15
1892 1202 1127
238 1724 505
1626 4 227
1146 1628 291
307 964 1396
14 15 16
1384 865 1426
562 183 1893
68 1621 923
486 1399 1539
1262 1154 926
617 774 1521
1187 1040 1323
1833 313 967
1372 1736 1833
536 1662 1531
984 927 1426
1888 327 1734
643 283 873
1000 1601 642
1840 1586 305
15 16 16
1111 673 121
598 1630 613
1240 743 1077
904 761 464
1576 1362 1242
1213 385 671
585 129 1744
1310 691 1740
821 924 1784
252 56 1707
792 622 979
1397 1329 624
1437 1403 318
1053 1162 1532
16 17 17
1647 938 1493
35 884 1972
1742 698 440
421 1884 150
1556 1808 2000
1768 1429 273
518 1989 950
1436 403 1581
17 18 19
329 868 93
747 166 205
501 500 825
1459 1701 1147
586 920 572
178 1252 770
1160 1182 1303
179 1641 1478
1899 1819 419
1967 1499 1528
1468 1978 1931
11 1489 448
1777 1331 651
1684 1612 1897
1234 224 733
262 19 1565
1573 1614 930
435 1686 565
41 855 1733
71 1048 1072
1864 1036 1007
475 1890 354
173 1957 1300
675 804 971
552 231 525
637 548 515
228 1940 1563
1578 1946 9
771 945 1137
1128 462 1103
483 206 348
1652 671 1249
1131 1487 745
1036 1209 447
1110 1347 138
1525 1286 226
1951 1660 1416
1326 713 606
64 898 877
527 1347 1815
18 19 19
996 1309 1521
621 1169 1840
1322 1431 1119
1501 1416 481
19 20 21
927 1164 130
1972 398 217
8 583 1710
1209 771 1513
87 203 1865
547 1495 1424
992 1229 1056
1931 743 639
338 767 224
1079 472 190
600 219 825
755 1265 493
721 115 1133
1749 1211 117
354 361 1536
1314 1971 1720
225 806 745
487 1105 24
1337 951 1555
431 995 1429
560 437 1410
256 1763 826
1323 1410 753
1472 452 1499
1142 786 1058
1128 747 836
82 1329 1144
1239 1315 130
604 1265 279
1388 1610 1197
1598 856 284
835 44 1357
1590 1226 861
1667 425 1284
900 219 837
1319 1672 595
60 798 1900
225 446 1538
20 21 22
285 1028 1105
632 1286 937
1393 1833 1035
1504 1742 1528
575 1985 1584
67 497 737
1763 1144 1694
470 287 1620
1663 985 1342
1742 1718 1104
557 790 206
1159 1237 526
34 1436 850
322 1539 949
1729 991 1644
1734 1438 748
1465 1234 1680
37 1032 1810
1127 564 1220
205 868 382
21 22 22
22 23 23
23 24 24
768 415 1461
1055 918 1592
112 1723 913
370 1314 1782
70 1527 1514
895 1591 1310
1276 1415 605
1671 182 852
1905 279 1425
1903 792 1621
881 157 456
1890 238 1955
1125 754 1614
24 25 25
1386 1240 249
1983 240 1521
1522 1955 988
1634 279 1749
25 26 26
1752 887 218
323 1916 1699
1479 427 983
176 1235 1651
1935 500 1088
923 848 421
635 1369 546
1805 1213 1530
1743 591 404
323 807 500
1496 1993 138
26 27 27
1085 1197 1678
887 747 1193
988 447 486
1660 1683 1214
1788 1431 690
1288 1733 980
926 1479 215
1073 198 56
1370 989 1497
1863 1724 1602
1165 1614 1693
905 1888 912
328 786 1479
3 1112 1952
949 1369 563
417 1904 1350
