2000 401
1 2 3
1302 160 543
431 1432 1771
727 1624 144
1965 1363 365
360 1 1960
483 140 110
169 745 1102
608 917 1278
1258 1883 734
1855 748 1859
2 3 3
68 741 1342
1762 323 124
1686 1481 57
515 1497 699
1283 1923 1461
135 870 1705
1715 579 700
139 607 1680
58 550 1717
774 763 589
142 883 701
1982 836 1145
894 1737 1896
789 1976 611
838 1305 210
1067 72 203
1547 1925 116
213 17 1396
1643 1257 1427
515 495 1141
1703 264 1775
3 4 5
486 374 610
1311 789 1620
80 872 807
1099 1496 252
1019 71 733
1718 969 414
4 5 6
889 1677 46
1872 574 183
1579 383 619
1542 849 635
1432 249 159
1497 478 66
1203 803 422
188 61 1582
1330 979 416
1484 589 261
591 579 1021
1293 630 1712
1918 175 252
1622 1753 696
677 901 230
1561 1043 348
225 1357 1778
510 1704 876
1138 758 1588
1722 183 751
647 1546 150
1978 1749 1330
833 291 106
1021 378 1190
1508 951 711
314 678 1465
1845 1081 307
44 1574 1352
5 6 7
332 144 616
6 7 8
362 1554 1372
404 1984 987
1875 1022 1648
437 513 1206
591 1448 369
69 142 1972
1287 240 970
753 1879 859
465 216 1512
1306 792 1736
995 1867 636
1035 1452 846
965 105 1334
1719 999 1642
1791 1853 1056
521 1877 876
1806 1571 515
390 12 1914
140 1226 163
214 1546 1710
735 1662 860
1038 745 547
482 624 813
604 1922 420
1099 1977 1944
976 350 686
513 1878 1646
1727 1554 1946
1330 66 948
7 8 8
297 956 796
287 1593 1659
667 1451 830
1393 371 498
1113 1610 261
91 1178 63
1889 345 1789
1852 1358 1959
1465 814 1192
73 1135 637
599 47 589
1634 653 884
726 1547 1580
8 9 9
1202 605 1768
344 360 1456
810 89 1740
109 799 292
505 1821 949
1815 1888 330
37 188 1651
1405 1743 473
1519 1401 1547
1925 478 1038
1656 364 485
9 10 11
1166 1205 618
599 512 741
10 11 11
1684 122 714
1758 692 839
437 1421 1618
1463 621 1750
923 971 1056
330 895 614
1006 1904 76
1457 447 1663
905 1385 1626
1009 1005 299
1623 331 1648
1522 163 651
1231 662 1982
285 1773 772
399 180 109
1887 1783 142
1606 226 1603
1987 1527 1229
793 447 977
1580 1729 1017
329 1480 722
537 1423 1830
1431 1177 68
11 12 13
1832 414 206
1360 320 1572
1840 1660 1012
12 13 13
393 1912 793
1814 288 908
1701 295 1504
936 1711 1519
1569 126 177
1502 86 1454
1702 395 990
858 465 748
409 1092 888
203 1974 639
625 1028 1736
208 1052 1250
1416 698 168
13 14 15
1345 1789 887
1688 1515 1532
1197 100 1219
1008 485 1294
69 1149 1863
1742 1009 460
71 1147 941
756 826 1948
1869 346 452
410 1739 1614
1104 1243 765
357 528 511
14 15 16
1650 1204 1319
403 172 1404
1258 1501 849
1701 1188 1658
1827 1638 1635
1240 1390 969
1560 1570 760
1596 949 405
1797 464 1627
1033 390 1934
625 345 628
1295 1014 566
1200 889 617
768 117 1465
625 1385 345
155 1131 1036
679 1481 1595
402 1085 817
1359 537 239
1338 1311 1597
1129 1462 1733
1468 1548 882
1599 60 481
1583 1855 708
614 1738 1265
594 243 344
1870 1792 732
302 737 138
279 691 342
1995 135 845
905 1601 1346
715 343 710
1076 489 1680
1810 1818 1535
15 16 16
16 17 18
1543 623 86
119 880 172
17 18 19
510 1903 1577
530 1939 1061
141 1811 362
14 258 1808
1629 596 1094
1661 1829 1479
821 1224 851
123 589 846
18 19 20
91 34 728
1885 897 1577
901 1332 1821
1684 368 1733
1502 1690 287
918 751 703
1823 379 401
793 222 1162
19 20 20
870 1064 735
1675 858 266
202 794 67
805 519 1365
733 962 30
693 1196 878
1130 1717 985
408 1338 471
554 561 626
45 158 370
1223 680 76
532 1242 854
77 462 738
242 247 285
865 588 394
724 464 593
964 339 754
137 1364 1592
587 430 1008
20 21 22
1432 1910 171
1240 727 1779
792 977 1093
1878 577 631
629 703 1414
130 1010 1525
1126 1739 609
954 1125 1421
1843 1836 1347
29 429 761
1239 1465 1338
1152 457 119
11 1116 1557
1477 147 1450
1470 1920 872
21 22 22
849 492 755
1326 43 1862
1169 1451 386
962 1480 9
683 1208 1580
1449 864 1104
1091 194 1647
446 1183 147
1149 1109 1701
26 1864 919
334 1747 182
1139 303 1685
534 120 2000
959 1344 965
546 1657 1764
1528 97 379
448 1805 1953
694 1276 1348
1867 1466 418
1586 382 1038
995 1962 621
1577 416 364
733 261 762
1188 1204 575
120 1574 730
1238 1340 646
824 611 1024
22 23 23
1776 381 1191
1742 1582 1020
530 1796 1163
23 24 25
1694 1482 316
796 1155 1201
54 1144 1476
1362 856 173
1751 510 837
1228 373 694
1361 900 137
795 180 809
586 1563 812
1021 1691 1926
24 25 26
1849 365 602
1705 1826 594
318 1846 1269
1420 696 1824
25 26 27
760 313 276
810 880 1290
1794 1846 1071
1153 1799 781
894 1360 1187
1714 83 1068
1352 759 1305
1453 1812 658
748 1082 1740
494 1546 914
1184 607 1450
1535 210 817
311 1468 1636
26 27 28
1846 601 1873
1092 655 1800
19 1461 853
1639 1040 815
27 28 29
1258 1133 1098
1170 1267 681
1235 60 1315
595 1735 1473
1711 298 1141
28 29 30
1662 1324 1388
623 37 1641
933 808 1849
1537 687 494
1895 1452 134
886 1672 189
1670 1006 1386
724 207 1775
1263 29 1494
112 1251 1789
29 30 30
1519 1592 1522
1687 1040 1840
673 1185 1214
190 1708 1703
334 1816 1152
729 1936 602
506 859 1365
1212 1025 909
1302 1723 1018
951 1783 1686
1168 1935 2
1261 1935 948
302 1634 1794
735 1571 1821
635 1777 1040
527 415 397
1656 1573 1315
1653 1746 725
1633 526 1762
1831 939 745
1099 1303 1625
1857 1418 992
491 1179 946
1781 846 452
994 682 802
995 1003 918
931 1479 76
1644 1399 1973
1823 953 1357
1913 929 1642
190 759 1334
1181 512 1577
1413 850 1483
1147 656 1619
725 709 992
1415 334 555
503 343 717
1978 1275 1455
