20000 801
5877 15165 15028
11576 11516 11520
16218 6592 12411
15348 8674 8282
9862 8401 4574
13463 5479 18405
45 16626 4656
7030 15740 1491
10040 14135 7870
442 13386 17115
17476 7163 4310
12916 18260 6051
3696 13552 2782
11458 10057 4453
7852 7373 8617
3562 13122 7383
1032 7508 14804
19557 11987 9764
5691 2685 2131
5139 2580 14991
16762 517 5891
9690 14154 7346
9146 13516 8305
11430 3025 992
756 742 4386
8364 18574 18047
12958 9974 4235
17973 5875 17064
7044 14334 15524
19173 13555 12221
7007 4124 14913
18310 9799 8488
12427 8732 6828
8963 17142 7356
4539 4433 12655
724 5685 580
7062 5661 2269
18468 4752 2807
2811 5956 11581
12571 19725 331
3238 2146 7038
3165 9293 6279
19647 15455 19215
13596 8578 18555
8665 623 12589
18585 14866 8588
14668 6778 12870
13218 6510 9383
16736 16153 7373
2930 4904 8599
13111 9608 8423
13968 12025 5501
3540 2255 11618
1676 1949 17956
3254 13254 4006
1412 8373 14994
13273 15164 16112
4464 2795 17293
12270 6072 4693
12833 15946 3000
16371 14969 6127
18812 3959 8410
4681 16905 14796
12826 10987 762
11725 3729 14980
11101 808 10467
11130 13641 10517
2445 19913 15550
10904 5695 11153
219 18342 18582
291 412 1057
1476 15661 1582
16338 3986 8526
15329 6627 5555
7056 14327 3394
17528 9332 9777
1 2 2
18062 9083 7479
1930 12579 6277
3458 563 8394
10680 16639 10267
18868 615 12413
3288 19045 18630
16424 13539 13458
12842 8333 19801
11314 13828 8479
14671 17463 4442
4712 10576 946
1302 12909 9235
3913 19628 13606
18143 13476 9462
16342 16026 7050
18752 7304 12421
1795 15282 12183
7079 12607 16323
8405 11737 12098
4807 16931 15943
17472 4037 4796
13991 3599 2890
7540 18130 17050
13650 14758 2417
16947 14197 12232
15692 19109 5648
19298 19418 17146
3079 14072 5337
4299 5699 17440
11206 7181 3642
583 11342 8819
16688 6733 10525
2 3 4
16661 19312 5620
19771 1718 13302
6835 14023 3519
3 4 5
7737 19218 14947
5612 16437 5970
2605 8713 11791
10461 19685 14135
8753 15685 8371
7139 5563 7881
18879 16082 9280
6189 14452 3699
6913 19082 14636
4 5 5
11581 15601 19769
13480 19567 11522
1264 11376 13726
15364 14105 18560
18887 13733 5498
1345 11750 3824
7936 13058 12731
12856 12618 19687
17925 7048 15845
14393 18404 2466
13463 5120 11653
8039 12185 91
789 6325 773
18191 10537 14347
14017 15824 14596
12979 2258 13093
1648 7010 18141
19940 1930 1921
8050 14583 15970
14275 16450 3507
13328 14635 12468
3575 17987 9917
1970 15450 15527
1388 295 6645
12220 5653 5490
10841 13779 2019
14629 18854 19251
10632 8354 5224
15574 8928 15362
949 4278 2121
3378 19333 11497
16391 16826 5196
7116 11005 13320
10057 9106 13707
3864 2618 223
13236 11989 6043
10063 17549 252
8592 230 10875
13172 9499 13856
11742 10300 5920
11490 4340 5920
7247 19805 8807
5 6 7
7566 12311 10648
19638 17746 12058
15617 6700 9299
13974 16843 10253
19073 19133 10478
11782 12854 13572
8068 11233 1796
9948 14981 12924
10804 2989 3728
1386 13074 6058
5732 9190 13440
17613 10908 4170
9717 9778 6300
6648 6219 10595
862 2891 783
18271 2336 8803
1401 16401 948
18731 896 5940
18565 9630 2223
18791 19757 13847
557 12080 1026
5980 14023 7568
7363 12316 10738
4804 4716 3814
14578 12063 3213
9657 8260 4253
14872 4121 268
6 7 7
17274 17683 16303
10697 6344 5323
281 10009 16121
435 15015 4586
13702 2190 8142
9418 13790 1694
3492 10902 167
12389 5498 8362
9689 14033 11151
19310 4195 18085
5906 2791 14492
2964 160 16347
15128 9610 5913
10202 2227 4663
18592 6225 13823
19065 9807 9756
4111 6974 9460
4880 5251 2953
13920 6257 375
9411 1783 17079
885 19840 8840
7172 14757 77
15179 18093 3985
5509 18402 19797
13279 18731 14296
18778 18021 8533
9593 14243 2331
15105 1586 262
9598 16444 13490
3444 5448 9253
19457 17874 8672
16928 436 18930
9232 9905 19934
4074 894 9143
2186 13416 15360
18272 14794 2932
14296 7419 15474
7 8 9
13667 4267 363
13216 19485 8197
1458 12028 14676
5774 8735 14295
615 12691 7822
7937 9935 9927
7501 13286 16442
12365 18794 18311
16468 3150 7283
15677 1825 9590
5757 1589 18165
13176 535 15817
15759 7732 7968
12753 16809 8276
12480 12026 14154
888 10512 10367
1670 4869 19257
16233 169 10380
728 9516 16203
12532 19800 13209
6808 19441 5051
12390 18024 3092
9112 7092 10710
1013 16709 3365
19974 2008 12526
12071 1548 2569
12016 766 13157
7707 12576 18327
13028 9870 8993
14112 15991 2214
18479 18299 6556
8557 19025 16411
19588 2439 6249
18550 19573 18648
8795 9377 15426
14652 12640 6987
14358 2831 7620
8515 4138 2839
1922 19340 15257
8 9 9
5563 19760 6915
6650 13665 10535
15485 10223 3710
4548 18186 4006
7720 3308 16970
17084 13070 1394
10813 116 316
17031 12593 17850
9500 17090 18963
6820 2176 12577
19251 15906 2302
4360 8469 17575
14700 852 18221
3685 19845 17958
2078 12648 13862
9929 5471 14253
18226 3623 613
18680 2008 10646
11382 16460 11861
14337 1261 18989
2667 13554 17600
4434 1178 9109
16148 4506 7030
8008 14194 11093
3739 13165 7991
15339 4125 12714
11811 15104 12891
9103 9104 18774
9 10 11
1961 1575 3863
17206 16451 11028
10459 7006 7074
15344 1347 15217
4633 19749 16963
561 7993 8592
2394 16502 6850
7350 8050 11126
5994 15878 10018
13543 622 13229
4589 2588 19243
9465 2344 2098
1435 15769 10671
19166 5233 2248
10 11 12
18071 5871 12607
5660 19868 3679
16440 12853 1592
14865 1672 12103
14907 2588 98
19987 10768 19813
9482 9490 14439
16863 5605 5702
3452 19338 19733
16560 13204 5703
5260 15928 6391
11 12 13
5638 12573 16712
3931 7298 4747
7115 1819 11930
2758 5074 5489
12 13 14
14457 5697 14407
16597 1159 18716
1168 3476 15135
13330 19117 4958
8776 10215 4307
699 3916 5664
5725 18842 19200
9854 14256 10872
16530 5131 721
19515 2764 15476
12776 14849 7601
15557 10636 7206
12056 18621 11788
18887 1930 16001
11518 19818 16988
1491 3243 18899
18813 8443 19305
1834 13858 14780
7498 12045 3778
11910 9930 11031
19508 8390 4550
18686 18837 4005
12437 18154 14862
7688 4398 16561
13966 18684 8293
19644 17110 10371
6389 8418 4289
8506 11979 865
9620 13492 12930
19540 835 19243
7114 11398 12516
15652 14332 9840
14928 15456 17334
11069 14496 5774
6589 1531 6095
17707 19501 13475
18436 7072 18120
137 15141 11803
1976 3363 15130
237 4685 8542
9660 16189 13581
1189 15981 4095
16836 16432 13265
2215 18142 16524
18567 17794 14015
626 13407 19653
2633 8747 11470
921 2944 6724
9169 17917 2089
12159 16354 3322
9946 11712 1818
1234 13664 5364
4467 4973 18236
1870 17556 6461
10916 6967 19499
3681 19579 18442
9237 13568 19453
266 1606 1093
10073 10732 15468
982 1326 11779
4457 18659 7084
2688 14910 14405
8709 10911 12216
9655 16746 8264
6772 11470 11626
13521 1973 1213
10314 7000 14116
8586 17675 2591
11685 3124 2431
7131 16197 10436
14263 5808 14161
17940 14472 11843
5706 6591 5331
15642 17099 15296
18987 15621 8504
17011 8778 10002
13855 14281 14443
1112 14836 11685
17348 6596 14094
9901 10560 2395
17834 862 7485
5782 8729 4191
3311 14935 5700
14339 19428 4167
6954 4093 9746
17383 2825 6265
6282 17445 2217
525 11984 5277
5078 917 18420
5709 11847 18668
13 14 15
18860 13359 6100
5933 16407 16451
15006 16155 17960
16036 13296 15327
11676 11753 18686
328 10217 16913
12437 12990 11647
19323 11134 3548
15478 10866 5227
18249 19349 7291
15319 9704 11794
2941 18572 8000
12351 4934 10753
3504 14685 15380
6051 357 11512
7471 19302 2861
11140 3330 3493
11576 493 15898
14590 8395 6112
803 8545 3643
18784 5501 10234
10094 15209 9899
2450 944 7282
19809 6540 11440
16850 10552 13609
7566 12417 11876
9334 13606 13865
19311 6165 18072
6179 15913 7096
7370 15852 4483
19709 16498 14333
11442 2055 18001
7876 5730 16481
13299 6175 18380
18163 6368 13642
11421 16620 8201
11478 12944 7124
17515 13830 11691
8700 2488 19841
15815 6518 1243
3526 9159 13257
2202 5644 6975
19696 15655 1057
14063 1324 18671
10974 17632 19820
2506 12087 19154
1310 14207 9038
15634 35 9495
729 10421 3521
12446 17371 8843
10185 15448 13306
9827 5313 18097
5112 13232 12313
14 15 15
15575 19805 3696
8335 5914 8025
9038 8194 2980
5526 8036 8696
11565 9279 3655
13560 5329 5903
9078 5540 16922
10803 14304 8999
8445 10968 12110
16980 10319 18109
12498 12070 5475
13802 5685 12460
11806 6637 7458
17966 5743 2359
11810 3644 16911
19083 14134 1970
98 13957 13678
15 16 17
3187 19505 12241
5342 15586 9525
18021 4903 18314
5104 8499 12238
15573 8836 17510
12086 4827 9073
3564 1135 18788
3351 16672 7802
364 13290 14150
16601 14652 15156
4581 12446 1388
8737 7251 19782
10069 745 7035
6038 240 2463
11759 14665 6879
16968 378 1808
16302 283 948
6330 4819 13316
13317 5414 15654
19453 17602 19282
17332 7398 1320
18704 7126 7142
12295 2146 16106
17912 13341 8772
16 17 17
8041 2525 3484
19961 7785 5663
12687 7031 12680
3766 12129 2523
8235 18177 19618
14816 16705 19262
9590 6556 4370
14839 3740 10293
16379 6988 1321
16162 16935 5696
2710 15277 2165
7742 12621 8190
19514 17393 14712
19112 15002 12001
12389 674 2537
5153 6593 14484
2103 18893 4390
6076 9289 6817
8412 6349 7008
17214 632 12268
9294 10400 12017
16708 7479 13324
17599 11299 19056
14665 7791 16544
6190 16577 10010
3207 18942 17177
17815 13439 9144
10813 15899 18314
7134 13693 12122
7264 5908 12086
4466 17150 1695
8988 12266 9699
4499 17321 15521
10091 6797 12126
10405 18450 600
9836 19374 19875
3295 707 7484
12511 12564 6607
16378 1200 14278
4331 872 11937
15322 8102 2275
19712 18032 19021
12192 11737 15421
2014 5518 18673
17583 5798 4450
13989 18347 317
17223 19368 9697
18265 16136 18747
2572 15187 16929
18934 8033 3692
18017 81 12539
8292 4065 7962
15574 4870 18584
3021 3455 182
13984 4308 10632
14614 4390 11935
5136 18596 12508
14577 4438 13334
9695 6351 16873
1548 937 8995
17 18 18
9915 3178 13840
3013 5161 7014
11728 2245 6913
17338 10891 6746
2855 18756 14654
8315 4756 16626
8344 8560 6916
12985 16835 5657
11705 11557 1074
14175 6565 1519
2789 7247 18952
6437 18956 4677
10968 16859 9625
15737 12114 10166
13071 9645 19856
12181 16189 17767
13271 6171 17549
234 3296 1332
618 19203 1880
16057 5831 1182
17224 17573 15129
16384 6738 16714
5173 622 887
8435 18894 5209
19826 17491 18973
19053 14471 5541
16710 15187 12784
1067 9694 19078
13402 12890 7462
2153 821 3156
18 19 20
19 20 20
12691 7169 2167
13737 3066 8737
19052 8596 2782
10243 19952 3585
13266 8976 18926
8624 446 8477
11222 15037 2786
952 8982 19439
17384 18683 919
17714 8653 11860
5565 10931 12487
14529 9875 5088
896 3233 6472
7885 2276 17295
18753 12923 10648
7681 4292 14231
10213 13618 4211
12944 3362 19519
12177 15466 10923
9465 8461 1814
14021 18607 11445
1799 7883 4978
16586 15591 14278
10196 7699 10198
18281 6125 16186
3524 2245 4446
4296 17144 17830
8702 18234 13254
17059 5480 11409
17305 15362 11075
7973 1854 11539
16173 18176 8618
634 17714 779
17269 7120 16881
7353 19778 17908
9253 11076 17654
8450 16377 19445
10144 13811 1327
138 5619 19871
18578 18662 19918
12463 17766 10123
13797 15661 1400
16846 15960 6735
6963 14297 13679
18202 2343 18924
7309 9680 1050
5020 15630 8503
18232 14432 15315
11161 18757 11942
4012 6678 14991
4488 5295 12642
315 13293 15054
11235 18602 19444
2383 8924 16902
12914 12764 8443
4635 5898 10468
6539 3427 19256
7591 5687 16231
20 21 22
11319 3533 3763
14962 12018 16512
2043 6428 12059
16157 6744 9017
13092 14826 14272
5924 18350 15133
13284 11080 17759
3608 18278 19597
17221 7239 18554
19639 12743 1325
660 14625 12928
17782 18917 10754
9646 8481 6002
13985 17061 18213
9776 11221 10023
8591 6348 6180
3960 4588 8928
17396 1909 9388
18617 622 7657
2733 14686 13566
5619 3967 17891
7780 9440 10363
7529 18160 188
10586 16245 1206
13997 7517 4057
890 8045 8927
16870 6781 1321
4256 14670 677
6000 12299 12448
6406 3347 12317
7654 16500 14908
19730 11924 15391
14269 7540 1416
16527 2952 2267
6707 7224 19422
9065 7967 16291
4908 9993 15688
5152 12392 5693
15542 19047 5126
5144 5171 15362
6185 8942 15489
9580 14371 13562
2687 15564 1037
21 22 22
387 12415 7365
18572 9014 12247
9278 12140 19002
9833 5904 10526
4430 15777 10887
2049 17808 2368
4685 16785 19253
6876 7420 2244
6208 11992 12794
4241 13082 11341
9458 18457 8046
6438 12282 18264
10809 18596 16913
4280 8663 13270
18825 19165 1411
16537 13768 8534
11698 12264 1443
3525 12912 4994
15306 3541 3173
5371 9672 13506
4614 19944 2298
9521 15897 5847
703 17457 10857
1722 10853 2751
17859 360 7779
12300 17475 13631
16436 17104 597
19414 10716 15571
4839 13788 11645
7025 4710 14334
5470 14060 7652
6450 17102 10060
12855 3320 14742
19298 13582 14462
15369 11038 639
9374 1696 14915
97 891 5527
11524 2658 17319
6013 16873 7725
19071 2034 3433
11539 15305 18515
10058 18411 7201
8628 16700 15907
11089 1930 13778
16207 4257 10631
18275 6295 14751
5430 17878 17793
19462 10409 7461
22 23 23
15526 17896 1072
15987 3025 9449
386 4141 18783
12022 12673 16013
6900 17382 1291
12270 10577 4659
13196 12053 14366
16590 14767 6345
9505 6040 4051
4347 17608 19478
8083 16781 3695
14141 9116 8365
16343 2938 8564
2408 15708 12789
4171 7177 9960
12766 16517 2131
13738 12081 1653
2822 12729 9791
18148 6563 12067
15858 17093 4282
3880 446 17223
793 7900 13677
8590 3253 2237
9367 7696 986
3556 10431 5804
19486 19968 10218
19139 5936 7785
2011 12127 14889
18706 11173 6056
18198 1809 11722
17675 12853 16351
7686 4780 5498
8549 13190 9223
11226 18096 1917
