20000 1601
3314 8694 954
267 12497 3314
11554 221 11833
14065 12863 18562
3742 16399 16058
12947 9367 19342
3006 1650 10622
18442 18553 17025
14309 10788 11772
17294 10946 13485
14863 4849 15616
3128 10007 7911
4337 4902 10117
3193 16846 10501
4601 19228 492
12349 18737 9543
2995 88 3661
5506 10327 3405
16852 3930 1770
4277 15727 1508
11061 19043 4490
4450 1318 15142
1303 2895 754
12945 10454 12510
16549 8563 18622
8132 15537 4807
8558 4004 13064
3958 14769 17689
18482 13936 5229
15521 9796 17464
12311 3665 1931
2084 8197 15510
8598 18771 8226
13203 7767 18571
12914 11202 19827
16407 11896 13381
9935 329 11959
14515 10516 16495
1 2 3
11413 7052 7816
3927 6350 16970
13081 3844 8370
2423 6192 10289
11956 285 7670
9918 891 16816
17394 11617 15233
1595 2355 12296
19248 7942 9355
5702 15616 9521
17204 3846 12048
10658 17434 17536
19840 4796 1854
17825 6421 13211
10341 1680 9325
4540 4009 11099
6488 17629 5570
156 5803 2582
17334 1494 3181
9859 1843 10770
3070 1255 18375
10301 11681 2045
5537 13078 15858
18530 6338 16243
3631 1022 16744
10010 9448 7581
10758 9400 14656
10936 17524 4168
18238 14071 10088
11096 12600 17148
8897 13608 6022
19237 10626 1638
15477 5499 6172
5592 18861 11888
14754 14111 16125
14586 14337 19874
11086 15057 12742
1708 11822 11883
3550 4106 4816
13926 16371 8013
18320 3630 13573
3369 2597 6090
18678 3571 11943
5638 15391 19464
1753 490 12165
13940 905 15303
7295 3567 17889
17594 11033 19091
10570 581 1502
17365 7281 14434
18567 10040 8634
11262 2612 9535
11972 83 8382
9502 721 18681
19340 5758 19846
7419 18066 12101
16532 3871 19620
290 7557 11194
16991 8715 12566
5574 4043 11459
7480 12508 6840
4751 16650 604
5500 18945 11957
5438 10307 19139
8816 11255 18179
19566 13685 363
2 3 3
10442 17420 10228
16390 13342 13062
11458 12331 11623
82 11929 8988
526 2534 6470
15702 8662 17249
13550 17999 7043
2872 5029 3985
12849 2361 8932
7687 13888 19999
12634 6306 5927
4848 738 11927
5271 16265 10354
10380 3205 9803
777 3008 300
15755 19845 6562
1700 6126 7823
13971 1925 6216
5265 7854 2026
10465 19076 19668
14372 16514 3157
7221 13426 7839
7381 17672 16279
15636 16965 15850
6962 934 7030
12966 4623 13410
9166 13775 12773
3404 6199 6394
16008 515 19033
16065 5896 16291
2146 7741 18281
14150 18726 2423
5120 14632 3917
14734 10892 15401
17103 17414 4809
4203 16659 16511
12383 19875 14425
11003 17627 8000
17395 4381 172
3948 7844 13295
19992 13880 15344
84 4253 1146
14875 3212 10272
7513 15093 12947
4905 5423 12131
18871 2812 16939
10105 18066 7413
1959 15711 1856
3 4 4
4685 13282 4893
12897 18371 9813
7688 12794 762
4536 7855 8574
10398 7315 510
11750 16230 9054
13226 19530 1875
2738 15779 19803
6427 11192 17581
18624 19323 18501
6820 5015 14013
9532 8498 8465
90 1497 15456
13190 10306 19526
17238 5615 7959
4315 11528 16724
2861 11247 708
11549 3259 12380
18428 8224 15407
18745 15551 5154
1240 876 8365
17170 2769 14098
14202 6849 13392
12664 19649 5073
9554 17012 11894
7150 19216 11431
18944 7696 1123
238 17881 13404
13172 5835 7327
5024 13582 1739
12218 16265 2366
10099 811 3554
6704 12587 19151
5163 14867 15248
7951 4188 11055
15961 11988 15052
4 5 5
5 6 6
6092 2036 17925
9899 3196 7387
19511 7401 12169
12300 11765 1344
1698 11161 1709
3754 18965 15955
11608 11854 10366
2507 16447 10096
7390 4996 1039
9426 16329 3831
18273 12393 17291
8901 5154 19972
4315 7836 13487
3843 9334 4413
371 10259 17955
14919 6546 6058
14241 12926 2298
6 7 8
12442 2139 13290
163 5289 773
9677 13451 8809
1108 3122 12113
16823 4800 10526
11322 10704 2034
12786 3131 3521
13761 18623 11010
12554 18222 12622
1435 1855 17069
4655 3489 11409
12562 6969 15101
12002 17005 8154
16094 3612 18307
1576 1979 16146
9459 19845 8424
19317 4526 18672
3285 17195 1103
10689 7865 11866
19000 11275 607
7390 7907 14293
12371 5423 8626
7686 13556 4987
177 7498 17788
9869 477 3660
14806 6299 18885
17014 18033 12084
19454 19495 4312
6249 1936 10275
5924 12368 3992
17123 14153 1745
2659 11958 15421
17783 14192 11052
16691 12233 11499
2683 17293 10874
10417 1422 12585
12464 3272 475
3005 17748 16927
18430 6065 1616
11086 15834 3277
6865 10564 6287
15203 6992 14966
9834 13955 3363
3033 15572 7396
7 8 8
18662 14375 4960
11243 8066 6935
12392 3311 16452
16138 8420 9816
9579 16055 9296
7005 7995 2338
8 9 10
13618 9558 12751
19143 11297 9001
15755 9123 12426
9532 8876 18818
2209 10388 5475
18041 15049 5921
1720 11766 17023
19102 8201 6804
12722 2501 9802
6900 6765 12911
14970 7490 1940
1979 18556 6095
14083 14381 8951
557 4592 16289
15216 5820 3771
9583 15419 2631
13678 19278 7144
762 4018 10333
9 10 10
4324 15021 14463
17016 12085 12230
9891 13857 6354
2826 17622 2736
3018 11733 3710
3390 2580 5477
6223 8738 5098
4467 5971 15952
2867 6327 7371
19237 3612 13495
2898 7094 1989
6326 3440 7661
8324 12788 10766
10 11 12
5617 13283 1050
2336 19355 4758
18446 13454 8526
19523 11235 19744
7170 15998 19383
2668 5925 6614
3554 2428 17396
1586 180 15449
7389 10653 17975
12596 14231 18796
880 18408 18256
2174 4197 8394
8346 12992 18751
11 12 12
8193 7620 15570
8496 1425 12937
13619 18009 10397
10365 14783 9140
19412 10643 18015
19430 9623 3778
3456 12951 2465
3370 4948 9649
8044 17296 11960
1484 947 14853
3629 14473 17414
12013 7411 12405
14247 14702 7725
9371 17126 14813
4721 15234 9919
1699 13068 7923
6828 11772 2886
10804 1371 13649
9811 7216 16337
12686 14856 7737
1988 614 15207
7535 443 16364
14 1908 9056
11412 1550 18421
8193 13372 2182
6896 6163 4653
2269 5007 10656
10208 8584 16444
6234 19410 17753
15216 11612 922
3905 8921 17711
11674 10634 7616
8321 8168 1924
2819 18631 12724
13411 1401 9130
16124 9079 17391
10807 10928 2231
12407 15339 13481
19730 12605 4716
8125 4927 16129
4426 3977 18441
9642 17384 2490
19175 10310 2687
356 7728 2849
5519 9313 19654
4245 13877 16421
17947 16754 11753
14389 15012 12669
16172 4456 1691
9419 16633 2626
5854 12623 4467
9558 9345 900
10540 17160 6612
3286 3061 11174
4888 16616 2814
686 10241 15354
3167 10207 17410
12750 15132 14197
12747 933 10740
241 711 18039
3656 6201 9317
2069 17547 15812
11450 14025 12289
16141 18712 13162
13962 1366 9469
11791 18059 14797
13025 19060 12222
16487 11676 5212
6259 8280 9265
7980 6271 1020
16713 8777 2946
987 14392 41
12845 16699 6149
18716 424 15170
18255 14505 1877
5494 17601 14753
7606 3731 875
10684 16668 7501
18259 10851 9986
9824 7369 9285
5313 5947 15653
1023 5217 8501
7575 913 5527
13154 15330 10347
7336 4481 10290
11961 3347 8643
19274 6377 15880
3554 19775 16420
16307 8328 19414
3291 1919 1490
9350 113 3052
4883 15172 19604
1061 5002 4960
3187 2058 10248
13258 5209 1019
12001 9359 8370
7696 9238 9835
2526 4859 12419
4919 14768 4066
6563 7524 17245
9469 16423 1276
3528 6527 17708
16681 5763 2729
4638 6858 1193
8105 14421 19834
5436 4630 12200
7291 6381 11615
6190 3165 3566
10103 14733 6016
5329 14181 19839
6730 17856 16095
5020 9863 15879
16424 17699 5612
11334 13579 1723
17418 6872 5977
16672 12882 13558
36 8899 6970
14278 12959 5874
4366 13840 8141
12 13 13
3983 16494 9957
14096 15509 13301
6100 8119 12569
12737 5967 4143
7913 1572 12482
985 16553 6054
14853 8895 11003
7578 6025 4095
15497 9506 10577
5543 3661 15906
11221 15740 7619
7069 16353 7752
11805 17552 3185
703 12602 15646
9253 12345 7256
13817 1735 19802
14862 15426 1406
9187 7849 7521
18432 12721 7720
2209 19856 17865
12485 1557 297
10186 9835 8061
16863 9550 10094
17788 3102 1614
8681 15604 16566
8096 4545 10122
4291 12241 2022
19667 13778 16959
19280 16409 11842
8254 16698 3900
6182 2119 9065
9693 15491 14027
3094 13806 1818
7950 3935 15239
11320 15424 3013
8367 6385 7395
2435 5201 5337
16331 18312 9843
4444 11569 9003
4887 11887 278
9760 17232 5455
12644 4175 8579
17268 13076 9599
18952 13251 13799
2417 11898 5430
15435 19724 10096
6251 18772 10991
16455 18262 13814
3584 12690 19770
7991 18256 5708
17362 9299 12989
11348 335 15856
5679 876 14348
5007 5946 19417
15830 13599 7103
18771 16137 12086
11401 11011 7191
10208 12214 19706
3462 6547 8846
15436 1557 11237
12383 18177 16887
11144 1237 8639
10232 17704 1519
10579 10980 8047
9440 8176 13012
5425 18312 11780
9215 15180 3132
214 5946 18939
18055 15824 19031
18017 16807 5953
10131 14446 293
6211 4482 13615
6928 6055 17984
11605 12789 5041
8671 2461 7234
1389 1663 13068
8203 70 8991
17095 11236 15019
3096 8017 10970
18862 4329 10547
19676 15537 8729
640 14989 12097
1465 16130 19948
15875 19027 10602
3680 7775 12141
15781 6909 9219
6525 10721 319
6545 4886 2240
7127 6318 1727
2362 13312 17727
4479 8311 19349
18510 2876 15756
6597 5890 18470
15341 16893 8071
9403 18989 1848
13211 17507 8306
18552 19915 4506
8717 5491 12829
8374 15024 14273
16898 3669 4392
12929 18186 5778
9425 9265 6679
11166 12588 10317
10308 4 1699
18630 253 9283
7701 3594 18581
266 10257 15678
9558 4006 19867
12840 18792 162
4684 9524 1163
19339 16558 10000
17574 18672 7095
10034 17452 12877
14704 568 14219
13379 12069 14055
12505 12217 18135
5505 5808 9905
15238 6397 17186
3580 13427 9931
4842 18440 17955
1023 8188 2677
4595 4944 14760
3731 2364 671
16120 5174 9197
16033 17076 5232
7789 10467 8196
10527 705 13125
6016 7107 624
12132 10151 14548
12426 16044 14664
1350 541 19101
3861 18234 5197
18541 16989 2630
13 14 15
839 14393 17250
1403 1594 18010
7247 14046 7421
1784 16093 12479
12245 7423 3760
14 15 15
2806 16784 5518
592 12321 18250
13578 10332 6662
7055 10835 14975
15813 15727 12168
5616 7874 12703
16055 6456 9129
7319 2318 11325
2953 13708 1590
16825 16408 1626
14722 6658 2282
14838 8011 5130
11348 2334 746
3789 19745 480
15807 7715 1868
2653 11178 9687
11261 14286 13616
3724 11295 5453
2301 13586 17844
10973 16869 13068
12479 7388 2335
2172 18967 19140
13367 392 11972
7205 13614 15570
17370 18816 6158
6064 846 11312
15676 15531 8724
13060 160 14239
4402 2553 2144
323 11576 9949
14596 2314 7370
743 16852 5078
17253 8128 11272
14459 5764 10370
6817 17903 4517
3 823 15760
14924 3243 19773
8154 19777 19710
7733 11277 191
4150 3670 3147
13193 17530 1329
13492 383 11816
10399 11332 1015
15684 259 18294
5531 12942 12195
19752 8129 4012
15903 3948 5694
10771 9904 10519
16704 7456 16579
10080 7018 2414
10724 13689 19676
10866 3972 2494
1425 17257 260
15 16 16
4627 16676 8785
930 15353 15629
8395 10457 5972
14656 19576 5672
4635 1834 4677
4250 7523 18515
8468 12872 8560
14869 11142 4680
17561 1505 14322
5981 10523 10932
15351 1099 6427
10069 5321 1714
3950 8277 2747
13800 5206 3734
15966 12142 18443
14221 3428 1641
3485 9894 18638
3504 7149 12436
8427 13716 5070
7130 3950 2360
312 16755 6916
2236 11539 2067
9370 7611 6393
7175 6293 10577
19557 12900 15574
18264 6528 5046
5690 895 9578
15782 8921 3642
3069 8884 3352
11937 3912 15314
15135 13135 17269
10093 9292 13999
4395 7734 15649
6232 7683 14604
15502 11736 10209
674 9471 2285
18345 3762 6973
1693 13352 5602
5104 1553 17003
14327 19729 3074
8669 19853 17057
2101 14268 10853
10988 17690 10800
10227 19153 2757
17737 12270 17355
10742 10033 5834
5595 16302 8740
13140 15458 11479
9187 17126 1580
2994 13853 9321
6541 18592 17508
15630 8913 711
4162 1888 6237
11184 9416 12418
1198 11539 11278
13776 9339 19954
1403 12814 11209
16 17 18
19401 18438 15765
18645 15369 11766
15582 2404 2438
9400 17606 744
10845 19272 14569
16546 13253 2632
5592 3708 19905
17 18 18
4656 8544 1267
9820 8840 15006
15119 6784 15204
18713 17238 18505
12511 2248 10395
6523 13292 4030
4665 18175 15692
15960 8156 2094
16067 14264 16246
15455 3804 14077
16187 11943 6614
11151 731 1118
19787 9722 15624
16251 17935 4663
1726 10924 9818
16786 12310 3326
8646 1556 14895
2117 3276 19688
5552 7454 4525
8288 18143 3252
17348 7374 14693
8967 2399 967
6189 2254 3966
10180 16104 7577
2528 8326 14869
4633 1106 6614
9423 11202 8048
741 5562 16419
3190 17505 2454
18533 15152 7133
4999 641 306
1492 15746 18949
3885 13374 9787
13662 9199 8538
5950 19200 19246
16019 18452 4264
453 15319 9904
16973 1572 15861
5648 6335 14128
10443 15019 9523
12762 2425 1686
16904 19473 333
3328 10536 11615
49 14513 13358
8023 3169 15931
12025 6511 16489
18868 2307 8199
1232 9181 5
17705 15823 17972
11759 13658 11904
19793 19770 2782
10014 18618 11482
16779 9135 2103
6179 12065 1383
3028 17130 19843
6046 16314 847
12996 9581 15856
17838 2040 1097
13750 1193 19637
11339 3227 14090
8360 14194 3976
10570 15304 4793
12194 3576 11257
15739 1785 13490
402 10835 13034
14204 18290 3213
293 8523 8885
4459 5996 14407
2965 12074 2600
6698 14503 14047
8238 3538 7004
15044 18006 12302
10642 16412 13956
7925 12563 886
12972 15449 1913
16186 5142 19630
8161 7444 10476
6001 16707 15447
4548 17444 5185
8139 12647 13461
4406 5714 11651
12364 7879 5797
12604 6156 5603
6685 12281 11196
19626 15600 19020
11696 11852 13777
84 11310 1329
1677 17983 14059
16062 12143 15036
3305 14570 6805
7490 13269 4156
10377 322 19259
3508 18037 2500
17642 3092 13274
4494 7470 7966
5706 13940 9573
3526 14268 12990
11784 800 15893
12517 11135 10137
2829 5513 6916
1097 2698 10868
1633 9712 6408
3381 1415 17690
3008 4379 2875
13233 4635 9119
4144 16228 19500
5223 5667 8324
3263 11516 15675
10472 9230 232
9505 8580 2033
6830 6918 16244
3417 14876 4799
17741 677 6379
16265 19522 11800
11283 7369 11168
13776 12710 6977
15413 13140 14740
12232 5349 5607
3254 12063 19619
6710 11979 18323
15502 9549 10601
13406 13075 17406
362 18915 12411
503 984 14249
14047 3261 14032
2133 859 1480
17923 17447 13725
16705 15201 18648
4428 1581 17852
16589 13076 15292
8792 19837 15432
7045 14605 7726
18399 18977 5386
2875 3766 7389
19485 3717 14276
19343 9507 3708
6662 12074 307
13077 1349 16884
14575 18276 14372
18549 11581 18263
18614 6814 17218
13952 12611 17300
18991 8617 13964
7569 18881 16498
9609 2948 7809
9016 799 13767
16801 7484 759
18714 9481 5675
5517 17935 9197
17726 11990 5241
303 2665 9585
19481 4115 1642
9638 13972 17457
15351 11523 5908
7837 19479 19000
2919 15620 18258
14540 613 4075
9003 8474 7791
4081 17657 3461
18 19 19
19 20 20
1187 9017 3100
546 5314 5564
18730 19122 1439
13075 7409 8947
7682 7620 11536
1635 4946 4031
11490 977 6323
12611 15850 12383
20 21 22
4867 15865 9454
8844 18 13249
12141 3505 9712
12019 227 2493
12151 16325 3008
17528 19987 15582
12392 19877 13741
12173 14812 88
15800 3074 19885
17574 9347 14761
13803 9473 883
1311 5716 15193
9296 5418 3198
4500 8746 15051
17808 15832 12151
5874 17270 1490
5753 14132 4638
12422 11058 15152
9299 7391 19910
13203 1393 6068
18412 19235 8234
18303 13242 7395
18273 12023 3309
10164 11839 13517
5809 14302 2184
19553 1606 16859
9907 15475 4498
19896 3783 12927
8559 4896 5134
17 7673 18475
9564 3759 7332
7586 5658 5769
17055 2790 14060
21 22 22
9014 5007 16991
9781 18670 783
9581 599 7670
10581 8554 5065
19445 5763 16410
13181 14244 2058
14950 7268 1306
12005 8572 18496
8313 14092 1508
3374 1930 18033
6327 10449 514
240 17108 10176
5218 15448 15343
17570 11051 5039
6595 14350 2843
18991 4996 6761
8088 9885 11590
7711 2219 18662
16732 18822 38
9103 5990 19551
18017 5716 15515
13863 329 4437
18095 6664 13846
18043 4240 13827
5675 2980 1600
774 17283 12376
19007 13068 10045
7516 4276 6077
18241 13053 4541
18576 16368 18284
4912 1835 17128
4939 10169 12270
8793 3087 4915
204 1414 8830
19376 8856 9672
8645 15818 11415
464 14766 13660
8939 14886 16486
16829 6296 10985
13345 3897 4839
1697 8886 50
18674 12378 13354
19586 5332 10151
13466 8328 7311
3637 1074 7525
7872 562 6055
16893 8265 19087
9081 7339 8078
22 23 23
10974 10241 8803
19501 12061 12526
15177 11030 14654
3121 473 14894
12912 7856 4198
5101 16080 15650
18607 11188 18807
9338 13273 4510
12270 9103 9339
18197 18936 15546
11866 10102 9906
2286 17836 4580
7066 14999 4333
7493 17111 19206
14614 4851 2142
15091 95 18472
5377 1547 8942
13918 5403 7781
5351 1472 5020
15130 2804 1705
8870 10062 5149
8993 18580 3379
6588 11002 9661
17274 3474 3169
14977 7514 19568
9494 10125 8129
149 18901 9521
6974 12837 15103
19351 12469 18533
166 12045 18775
12113 10285 12237
7311 17901 1332
12055 17237 9132
4370 16733 9939
19353 9061 6028
17059 11171 13650
23 24 25
24 25 26
6794 9082 12645
3058 6165 9226
17288 449 4440
612 446 2856
14648 15713 11899
5264 19959 5293
3974 7803 11073
1186 4474 1008
382 11742 13325
15854 17681 5871
2519 1157 5792
4244 6409 8540
10483 17716 11287
1198 3576 18981
5410 9075 13258
4265 13441 16823
18190 5373 932
5266 19944 8837
19624 4662 10923
1194 14925 3637
10031 3521 4693
3082 4947 3231
18184 19978 8922
4473 2150 15626
7470 2390 6382
3755 10571 4503
13472 17405 18169
9605 18289 8312
15828 10000 199
2994 7940 10636
16601 4756 3083
6356 9164 12965
14657 13823 15261
5174 16872 11966
6047 289 19582
11265 17781 7833
4687 3551 13386
17135 683 18430
9708 14795 12124
19180 18137 3803
5667 1857 13390
105 18814 5658
12713 2480 9229
4201 1912 11643
2957 9932 1457
15538 5746 19775
16885 14377 9803
6306 11234 11355
9110 15541 17511
295 7924 11316
4766 13355 10385
15716 18671 3703
4104 16868 8547
19171 12681 1110
9517 17394 122
16630 7456 9448
777 10510 19674
19718 8838 13944
396 9338 1283
3274 5704 7100
16971 18434 328
14167 3608 17150
12378 8818 9102
4871 17235 17220
9063 2638 7303
12239 18136 15559
7801 4839 18491
16955 16056 425
697 2999 9974
16453 7763 9464
2045 17890 15256
14835 18056 9968
10938 6252 1533
11434 13977 19965
5842 17863 1831
5716 2583 16392
14188 7687 12514
2984 8882 7464
12733 15029 12794
2547 12254 19418
9867 7954 12343
19251 12682 19265
1228 17702 3165
16727 18832 12832
16639 9042 15131
17660 6394 7860
9798 13387 10280
8357 8104 11546
16830 5785 18138
4949 16795 7729
18536 18432 19946
5733 7519 15358
4067 10277 7400
14272 5399 744
11655 13967 2476
14269 7621 15580
13235 2767 4767
3833 12652 4986
12564 4808 5866
13589 6079 13105
15473 7030 12989
13245 6605 10098
14366 3595 8612
10039 16868 4030
15936 3515 19560
6685 9931 8096
16518 13998 2833
11196 14356 18063
14211 13738 8272
754 11878 14494
19278 17458 886
3532 406 13783
10053 19269 8420
12469 17055 6540
9102 522 14038
17840 8345 16331
3163 17505 11888
7414 13260 17445
4753 4766 1906
13950 13200 2831
6148 4167 4630
2052 17548 7610
8838 16574 10866
197 7953 19762
14808 10106 19864
9872 15436 12131
11478 18686 919
4904 10915 931
4219 16469 4888
3638 17459 16068
13061 13727 2655
2279 3774 14044
1444 11964 11082
25 26 27
16140 367 16719
12929 4040 4320
17 18599 11763
3001 13199 13229
7223 17235 3975
3683 2337 14431
12300 15076 10525
10120 8733 19583
1824 789 18458
16256 19029 4647
8966 19386 18233
12769 7742 10519
16571 11528 1378
2562 8972 11229
15416 11892 4790
14897 12898 8570
2755 5742 14092
10893 10233 14743
12309 7230 13177
18235 2457 4132
3114 11587 10755
13014 7771 17361
16754 7973 8730
7697 14573 2690
9580 15163 7736
1177 9227 6391
830 6249 18599
16774 573 18417
16026 6100 9752
13847 9452 7461
5417 16043 4755
10497 18562 11559
7944 2461 11270
7039 7506 18524
9687 6574 10730
8422 5243 18128
14528 12790 3740
12375 3222 19649
9560 8453 14425
13224 9630 3704
11123 14748 19812
10247 11809 8595
7071 9175 12399
14867 9962 2280
5849 18110 7920
10679 3168 6570
12943 5923 12059
7021 2264 5421
19800 42 2461
11463 18705 8044
17509 1486 2633
8550 18373 18202
4046 16576 16029
11725 19650 19777
15182 15538 11596
3357 15543 16424
17725 18670 11550
4281 1782 17283
17672 17021 11040
13346 3205 13719
9432 19146 9375
2973 16936 5011
7250 10535 13480
10556 18469 5393
18743 8841 7428
10781 14477 18846
18412 4778 2845
6498 5885 18358
8114 17107 5620
10379 18885 5290
4920 12492 19014
7334 7494 17439
18877 13969 9081
10473 13267 14927
12726 14930 3532
2672 15046 19321
17272 17158 13216
10574 975 964
19726 7152 15598
11698 848 17438
14466 16178 4762
3811 16202 8958
5760 19339 5991
16380 18038 3993
6321 12824 3481
19427 19961 17654
17914 16581 9776
19384 18090 10761
18428 10116 17826
17181 10852 14832
4830 18730 455
17636 10602 3493
325 9866 601
15229 600 15053
12485 6968 19911
19424 1575 14290
74 6144 7252
11568 11877 2058
13080 6958 9930
3535 10036 6123
1101 2383 5251
13387 15935 1871
18450 3435 4287
2625 4338 8213
13242 9509 18260
8018 2352 9525
10827 15334 11432
19257 630 12500
16717 9273 383
11348 11796 5533
1404 15335 4503
16718 1407 12275
16195 15871 4344
13942 9753 11465
7633 2339 7882
1669 3033 12578
11211 3450 10731
5353 9888 3209
17118 5780 6367
9686 4533 8769
13903 7237 14010
15087 6173 14552
1631 8387 2558
3140 15063 16633
3317 19830 14593
6233 5602 5278
14256 18443 4365
4876 7901 16519
14079 6406 12280
5202 9329 13259
9852 6948 11640
15308 14348 9207
26 27 28
7822 2332 12348
27 28 29
8655 3503 11112
11606 690 12215
4215 931 7575
19715 14586 7529
14773 14032 5124
5518 16884 12419
3138 15051 7259
19966 6341 2333
6995 16820 1693
8097 10111 9766
19497 18975 15373
17563 7567 11655
1647 13565 7288
8635 12484 14175
8370 11890 10952
7109 9386 13416
16757 6086 8207
12731 9013 17868
6060 3736 16071
13414 7394 18340
18031 9640 15067
4259 14812 11691
13087 14331 15358
16700 770 12904
11042 6726 15548
19033 1181 16660
19052 5989 4370
18136 17991 16767
8570 6326 3478
8859 18372 9873
5506 13942 19648
2077 19898 16285
9508 11195 14375
14346 14789 5220
14532 9233 2182
18948 7643 3480
9935 17776 14144
11622 6306 7652
10225 7420 9350
14363 8282 12501
10401 4659 8497
8758 9859 9794
5066 13907 6545
10504 2807 1561
14213 627 2978
7780 8882 13198
13866 9104 11921
4940 6560 16915
6290 11163 17796
14326 19980 7065
10169 10921 6538
12596 18077 11517
18308 19514 7997
7037 17951 18988
14839 7462 12399
16404 8199 9239
1390 18335 6123
7621 7638 10203
13052 13946 15340
12822 13223 3776
5153 4196 15989
12374 10659 18770
13644 5048 3565
14856 11532 17238
2010 574 1839
17971 8194 844
15395 7834 5267
28 29 29
1589 13155 3878
4471 7412 18731
5974 15957 11780
6466 13081 6135
594 6344 16380
8244 15002 12462
11920 2212 13255
6038 2133 14597
14386 17170 10907
13746 4605 4936
4371 15941 13961
2726 17444 17043
4572 19648 2443
9678 11745 18938
13530 14264 2110
13142 16538 16219
948 13724 15005
15244 2697 10244
13072 18068 6184
4800 14797 9954
3372 16232 6292
11487 2984 10830
1075 18548 17150
16806 17412 10837
3538 16899 5159
7976 5153 9812
29 30 31
13800 14448 10007
13811 13236 9425
6646 17558 4551
4265 14217 18182
14087 13460 4287
11112 19787 4964
5221 5455 4884
8290 7939 7747
8551 2675 11809
19528 3238 4347
1111 13173 11100
19858 9138 12404
5427 15875 2310
13200 8981 15349
2929 7780 1107
18728 5613 16593
104 14702 9262
16965 4871 8199
16039 19722 10972
15611 11892 14473
8392 4558 9503
9899 11491 5547
20000 8021 11637
18803 12425 18833
1829 799 19116
289 14100 14823
6453 1146 13952
3151 3010 16027
12662 7477 1475
13695 3764 3003
12060 19391 14803
18156 6125 2187
19456 17432 8698
15856 17437 332
8833 2523 1237
14982 15751 6440
17469 10206 11336
4362 13171 456
5105 2082 18357
12561 1677 13866
14578 3449 428
6745 6943 11550
18041 7938 18576
7379 9291 641
6822 6758 6457
13460 10713 8458
14748 4627 2619
12300 13591 960
13108 9218 15483
16567 17533 13151
1105 2209 13149
18793 9596 6981
6398 6180 12171
6787 6859 3434
14177 10170 4841
5035 13294 17497
13575 213 17989
14762 10928 18259
11266 16992 4792
3897 13163 16617
3579 13340 5480
16869 18780 13856
2719 9431 17896
4553 13032 10581
18235 17251 13403
19593 14681 12776
12971 19017 1485
14613 6435 18915
9079 2300 8097
10614 16816 17695
2112 17162 18235
9882 5084 2830
13079 14562 11076
19175 16903 6959
18047 11208 9885
9014 2855 19472
15873 8633 7375
11068 5492 5082
16873 2144 16666
19897 6401 10317
14658 1801 13786
66 14029 11426
7393 12013 9888
16293 276 9345
30 31 32
10341 6494 19050
11069 15861 3425
2376 8848 3593
3150 9119 13896
6922 10665 6461
1161 14720 18350
31 32 33
14104 15068 6501
17698 6644 19013
19320 4420 13794
308 12882 15934
16105 19429 574
5495 16717 3324
6612 52 11020
18839 16557 10552
2969 15347 7887
18642 14732 18644
9232 276 15591
15510 13648 5170
8222 1158 11427
18548 5683 11897
9654 17461 18188
10107 18816 16815
9128 17644 8876
16891 11914 4940
981 9082 3928
19772 14974 16987
1614 14654 6583
18022 1761 1814
11506 15861 8735
1918 7159 6896
11402 7981 2059
13543 3723 14589
17026 12135 10986
1674 2806 6662
6608 16111 19393
12913 8687 2483
2896 16485 5651
8054 6326 9226
13764 15507 19116
9448 2416 8097
11952 14165 16499
343 1287 10774
5605 16501 6305
5127 12817 16902
16273 6205 14457
2752 12597 15039
6889 3993 12533
17795 18436 17352
5478 7391 9885
12417 10630 13767
19921 7131 6618
13402 9928 6308
15507 12987 2621
3449 18794 16760
11548 87 19929
1037 11715 6985
12750 19105 8394
10323 14218 18
839 4235 13587
8718 17279 12571
4789 8634 15848
15415 2259 1134
16906 11787 302
12250 15179 1296
19966 8472 19758
6869 4443 714
12869 17187 883
4413 4658 13930
17158 19682 1888
9078 1541 5126
9736 2004 10142
15018 19975 13906
13682 16132 10723
13154 15309 13619
3990 16078 3665
6282 8493 12378
763 4088 5966
5729 13479 2049
13756 17706 12134
1038 10990 16849
14796 6329 8095
12323 15779 13512
2268 4107 7940
13567 12688 18725
18822 9854 563
17399 17494 4047
2623 9087 12720
6628 18983 1121
2471 650 10085
1001 9593 8965
11879 1002 17967
9480 1908 5193
14731 18601 5288
7085 13757 13568
19582 14023 18076
1005 16998 10659
6780 14836 3898
7854 8541 12894
13226 17815 11182
14260 17544 7926
7993 3346 11866
219 17513 4698
16130 8092 8926
9497 16440 813
3995 18267 18132
3813 4709 646
12556 14305 7168
1564 4436 16524
19212 349 19040
12523 11407 8041
10815 2027 19872
18641 15085 9778
503 12073 13475
6498 11845 18835
15064 16762 14406
18270 15001 11302
4536 9907 11672
15898 3396 8543
11698 7400 11173
18779 202 15297
19572 15262 3973
12190 14778 14014
18297 11800 8107
17076 2303 8610
489 3337 3130
1111 2813 19
18673 17804 11954
5624 11157 17573
535 14328 7162
7173 1303 964
2769 7485 2534
1659 3334 6722
2554 6276 17775
32 33 33
15446 7991 11240
9716 3248 15116
33 34 35
10056 11853 15530
3029 14738 13844
16151 18912 13279
3155 19178 13237
16692 17071 325
3197 2506 16763
11255 18457 5040
5696 16173 16198
8928 14215 7073
5962 4660 3257
19361 3646 3600
6794 900 13498
10036 11681 17261
15415 7540 5410
12624 3101 10706
6559 18588 8359
14440 12720 5604
10699 15113 416
10370 7244 2528
6409 5727 16704
5045 13305 14855
12559 9488 4537
5468 10976 7079
14655 12346 9964
33 9184 14118
5338 19541 10686
10765 13914 15279
3131 17367 1694
7026 6797 3452
15568 8082 19582
8002 14282 15935
15192 6358 1778
3190 725 6758
