20000 2401
7563 8689 19481
15026 11082 13309
6006 2484 14129
19762 9195 13823
14950 11552 11417
17407 5792 19300
19924 15163 9770
4298 12092 2068
5837 14172 19144
15020 9199 8479
13355 12613 3860
14407 19824 3598
12389 12802 19721
19454 15014 2253
11530 13152 7460
11322 8123 17292
9216 11229 2479
5012 13244 3144
19820 9915 15691
16449 12973 17822
7777 15089 8055
18430 9248 6476
8857 5201 17303
3141 10158 14333
16269 8809 326
8508 1027 6471
18335 16859 5604
5596 3792 15644
17021 16187 15555
14933 4138 3448
16464 8812 14051
4490 403 3989
11779 17725 1036
1 2 2
1877 6379 5821
13705 11580 15114
12071 7822 2521
2856 5828 2868
12098 1568 2894
17455 15109 17309
13768 9217 13655
7707 7830 3197
5703 4433 14620
15848 4738 9311
2 3 4
18055 19476 4752
2812 3090 5682
9696 10752 6805
17314 3973 2112
12234 13320 4800
14655 5415 10587
17278 9588 3913
6371 18604 14920
10552 13305 3173
1866 7516 1576
1609 13568 1149
13359 12177 11462
12261 10522 17872
3348 3295 2519
12024 13967 12658
7674 13995 3099
3357 16433 1684
272 12587 10906
11992 12084 9760
2343 8244 5891
15008 421 18104
14991 17509 16301
11640 13926 8146
13937 6941 15356
5484 3944 6274
5254 15214 12204
7667 1177 5743
7943 15434 5067
8516 6863 15477
2618 6935 10804
6275 14665 16502
14271 13399 12813
3977 9910 3278
2270 10074 17483
14274 7168 17836
6254 18287 3014
6929 3824 19990
9884 12780 12505
8119 10138 16723
17077 18969 2540
8803 4606 17920
11484 3023 1996
13282 11829 8467
14120 11871 7675
1480 13001 8472
2828 1418 6646
2705 10057 18120
11809 8546 8180
18982 19104 10951
8102 11280 8351
6478 12209 6450
6030 8866 3757
14702 7848 18009
3353 2778 695
13528 6091 10118
6233 14606 9838
11073 9734 15816
14660 7671 15587
15595 3331 12532
11866 14233 4337
3299 5407 245
3170 9359 8641
11199 15291 2900
17688 18772 1974
12311 14183 17195
16073 17295 9215
16651 11053 19236
15746 4238 16703
15337 16388 2925
2329 16706 15997
2458 18950 16909
15814 7803 18001
18185 13062 8624
10624 16743 19082
19901 6006 13149
3555 190 4788
17496 8484 19151
5924 18030 5145
3 4 4
9385 5784 6733
1720 8404 1943
9044 9696 19126
15259 3244 6434
12909 18237 14759
5116 2969 17050
11907 7544 11884
13620 1095 4203
19168 11782 8253
6264 8234 8275
19271 4000 2872
6185 15073 13196
3646 6085 3251
13552 11658 10091
2286 19768 5782
16053 5496 14196
10723 7485 10496
18851 9270 3850
8236 15376 7772
5349 15482 12803
4736 16316 16104
822 12321 4829
4 5 5
9341 251 17376
7445 14164 15851
5749 7981 14820
2393 13376 17282
4048 2207 4767
4696 1179 8674
5658 10709 15609
13193 5464 2840
7469 11098 12422
13302 15764 1560
13503 6884 6750
11917 12357 13705
19256 2850 15345
7024 1496 5227
324 16668 13149
215 8487 18559
1611 3652 3802
15300 10277 1870
15619 12740 11167
12434 12346 14898
11331 1314 16806
5117 19198 19834
13894 15990 6041
14721 15827 3562
17126 12261 16744
14401 11886 10704
15286 9234 837
13727 5651 3375
19809 14992 12002
16512 11137 5909
19617 7295 2911
13895 8380 6158
5144 14522 9045
6304 13377 738
7316 5350 13683
18554 9391 5805
5 6 6
16905 10163 19014
8548 19312 16040
13378 4284 3241
14279 2664 3249
3065 11200 13517
18265 16636 16367
9040 16682 9477
16453 18272 5131
11419 19331 16318
15797 557 158
11582 8946 16541
16934 19635 19047
2749 1232 361
8226 1222 63
667 9675 7592
13654 10308 5893
1480 3939 1858
3822 17253 12907
8985 10278 19197
17177 2744 15071
17594 7000 17295
19315 11465 13351
2554 2682 2153
2281 1674 8697
3128 1931 9531
12032 14020 17513
7482 8331 12223
10751 4176 18480
13380 17693 7042
1399 18046 17853
4032 9365 14634
7983 8907 4098
18388 17573 15888
14437 15553 13180
12311 17264 6530
398 9800 14617
12144 19903 6996
8892 5327 258
2705 11388 18762
17162 18658 10626
6660 7245 7366
11292 1845 170
12595 7788 18293
6255 19840 7793
1578 992 19999
7307 4960 18112
2200 16957 8140
12360 17458 18131
3134 6605 16864
13503 19468 17238
11504 19613 15206
18966 19057 358
17063 14415 8135
11401 1603 1703
14919 1858 11510
13638 7643 2516
15291 15421 5590
18401 18635 16267
14122 5494 12914
9659 2769 13355
15302 18791 1219
4168 18842 3173
7814 12625 214
12465 7031 16559
2708 6803 15687
5015 794 15287
9551 16528 2022
17191 9780 13938
5476 8524 6123
4657 14651 1442
16425 1654 1510
3584 8653 802
13080 15483 8693
11211 3135 4492
14662 2090 16031
3965 4350 15618
2153 8774 2256
12259 18262 1318
13005 18921 13258
2636 929 4198
10539 1446 12585
503 14758 8809
2836 10447 10639
489 8495 9863
878 6772 17123
1173 8115 9095
9306 8565 3490
6 7 7
13595 3108 4455
11081 6081 2308
11064 233 11992
12426 18348 4647
4249 7161 9394
1857 8073 19995
8469 18626 10344
14620 14203 10789
12610 14359 18563
19579 17027 3303
11211 10257 3942
7589 9641 10735
9411 15958 1613
10899 13103 6082
4765 218 11653
18112 3957 15889
1638 13848 14110
3054 7844 10929
16500 2097 17666
472 17206 11084
19495 14045 3041
10272 9757 12909
15023 6686 19854
15457 3327 19475
11390 7955 18223
15194 16579 823
13340 19238 5956
19381 11916 11790
4094 15567 11378
17936 1426 11205
8463 18124 6463
17735 9533 18599
4072 16174 4093
315 8709 19802
9668 12592 17547
11392 6463 18847
18298 12000 13444
126 18973 10894
965 9420 12506
5832 6098 19644
5225 13192 8829
13109 2774 5434
6352 5364 17709
6489 2468 13077
2635 4145 18625
1502 4373 19461
17405 10615 9374
611 5562 11865
15901 14791 14216
8659 9498 3011
3076 4849 5198
4034 19233 19517
19822 19912 16439
9815 5007 11450
11465 14763 15238
17491 17285 3961
598 16792 7964
12219 19985 8666
17234 7752 17350
12481 11127 10401
19212 12573 10027
10637 631 8918
16666 12539 11714
1590 6225 19051
6662 1158 14055
9536 15973 9307
17344 4327 5599
11698 4543 12112
17819 8980 733
9661 17269 5845
4796 3016 13928
14103 5515 3627
5772 14328 15610
2016 19220 15824
13113 8872 557
16525 5842 17685
5492 4732 3333
807 500 3463
19291 15640 954
1287 8636 351
1066 14248 11551
2723 8439 15998
3700 11727 15075
5713 13908 6606
11391 5271 7882
16885 12936 19379
16128 795 11408
11553 6010 13669
16617 833 5469
7119 1657 18280
425 14257 7524
18054 16535 1837
7280 19370 14091
13377 6053 3948
10606 4627 19040
12057 13261 12202
11537 6024 9814
15907 3096 10260
4032 13363 13580
844 11354 11247
11628 5359 5298
8327 6795 5902
2161 19718 16166
7680 14976 9642
13916 17383 13138
13038 1513 11003
4652 16627 13612
16609 9828 13215
4373 5064 5646
16452 5554 4108
3203 2573 12841
1866 17890 14545
13515 19695 7420
7732 2558 6326
1509 29 11573
1458 14035 19852
17877 13575 16068
8195 3952 4308
17615 2801 14752
19803 3220 5906
15695 8295 14997
10806 13972 16592
10460 898 1606
176 1290 6639
14035 12754 15227
14170 152 9087
7046 15006 17099
5491 7567 705
5460 34 12505
11881 5052 19184
18181 13446 18686
4444 12338 4230
18768 918 2412
7851 5650 402
3980 9456 10290
17641 11622 17821
5264 17153 15662
12115 11819 4201
14175 7250 19844
17126 12837 11455
2434 13218 4218
3996 12974 10849
3248 15217 18722
14572 3687 15620
524 18801 14795
6821 5400 5790
4232 8591 6086
12925 5753 15249
8625 2505 6729
14555 4666 9512
9152 15380 19959
774 256 18794
14630 12176 7979
6546 16590 5695
19089 14958 13113
18262 10106 13959
3059 13868 719
2686 16415 5486
17724 13209 1150
19407 5650 3290
2711 3645 10309
15815 8021 14280
7237 5863 4861
1866 7116 18283
14252 9972 1276
5370 14157 18471
16700 8886 12209
10374 7812 1106
9350 12168 17404
10849 2392 18246
5034 2348 4876
15540 13304 15436
12357 14904 579
19453 4014 18997
19563 14223 13161
13942 9983 10949
13961 16265 17669
4680 6935 5939
12682 10275 4353
14431 7488 1801
19220 1242 3528
17154 11436 8166
11365 11178 2635
7 8 9
11033 14531 3258
13956 6268 16587
12364 4630 1814
10904 18044 271
17280 18231 11661
18200 4851 17943
2893 19134 16449
17380 15108 16554
18350 1215 2274
12125 10742 12921
19328 9059 12853
6294 12056 15718
18062 10012 11415
14596 6118 11769
4408 5685 16839
782 2310 8778
19992 1649 19993
7578 11586 10202
5751 2579 4710
4170 5043 6859
2218 13950 2226
12757 11240 19217
12731 10298 16028
18690 8644 14854
2554 11689 14575
13223 908 11973
18805 15217 4099
4516 8072 11579
16242 15950 5920
1450 18324 17692
7041 7960 9847
8 9 9
12021 11759 13133
18545 19924 6195
4144 6850 7559
1571 11451 2126
10306 9715 13208
7231 14630 2211
1348 6283 9776
13602 8882 17284
17035 19239 19912
8452 13978 1991
1103 5331 4364
19090 2417 6513
19930 12585 13807
5373 16317 2583
7403 2012 19077
15870 18579 19406
17230 13022 7804
147 14604 11679
3361 17023 3167
3469 14531 16748
2566 9989 16021
18078 17902 2187
19577 8356 13502
4463 9619 8685
4920 6196 2706
3015 8275 5335
6012 9275 1731
2483 10508 12202
3726 4704 13735
1086 737 16245
19030 1268 2444
12323 2893 9342
12886 18740 6006
7653 4699 17266
5749 1132 6818
1187 17753 17856
3440 3670 1735
10600 5185 18596
19823 14125 10575
2443 11286 3706
16121 15818 65
14808 12667 2461
9 10 10
11805 11409 6513
18508 4982 8317
1418 12496 4932
11309 8955 18694
308 16652 3370
5878 15362 16555
6580 6022 21
15113 13735 9616
8528 7490 15412
19016 16648 9822
9727 6121 2067
4535 5482 14501
14255 8914 18600
6550 8135 5876
648 15978 4362
8766 17338 12126
7376 16892 2385
12383 2045 1781
16857 5152 8453
11823 4667 6441
12122 18653 14153
18880 1404 6575
2052 7811 10547
10644 6330 16196
19657 2185 19889
3602 1400 15667
19563 10266 451
7225 7950 4892
8062 9376 11327
4355 11479 9548
4588 19739 4721
16957 12332 13965
12262 7369 2156
19282 13438 19604
14520 3322 18321
6657 2213 16942
14551 1178 11441
7594 3101 11388
19515 8990 2623
6181 15193 9063
2971 7626 14020
2729 15804 7635
10632 8376 8193
18901 1973 9841
6488 10825 15759
439 19530 10316
8805 1644 2097
18239 19323 12998
14075 19948 14765
14240 16163 14548
11868 2900 16470
15560 10977 6851
3934 1106 4638
2687 15087 5102
11066 319 9974
15293 17429 5215
1538 12601 11657
1568 15623 6982
2477 9708 6999
18805 10195 4142
14869 9353 11709
18156 12023 11951
7419 16360 19201
5902 19794 13509
1098 3788 7911
8167 5467 7960
14753 2109 11885
16547 9476 17137
4900 3926 15202
5131 9593 13336
18120 11137 7816
13973 3661 2830
13808 6203 16291
14549 18658 14765
18180 9911 6850
6591 9572 12237
11266 19494 173
15549 5908 7476
10 16394 11055
2133 4538 18295
10092 13595 16794
2563 1123 8315
17520 3295 9390
13204 18839 14820
2496 1837 17249
8751 17107 1505
9861 12541 6722
13292 16922 15893
707 10671 16612
257 5188 15736
994 7554 12001
18162 11802 17578
13108 19380 4408
5332 12960 18
14797 19017 1568
711 693 12759
19709 16165 9270
2162 10528 4048
6321 14110 19937
19666 14300 18512
19499 19289 6582
4406 3217 11966
10240 4765 10265
5155 19164 14626
3988 8727 11572
17336 12749 5882
4552 19776 11284
1757 5799 9671
8489 16366 2870
7343 1680 16012
11065 8474 1067
15170 5691 4649
13558 18147 9423
12174 9915 9749
14925 15356 10181
11211 13396 15996
11301 4338 15531
9496 4196 16858
11825 15824 1676
14490 3096 2252
16045 754 6625
17344 3546 15065
15629 9447 10324
5475 10089 14770
16857 17135 7747
4307 11872 18824
13848 1290 4153
12027 1964 14001
1306 11291 13808
3400 15920 542
14105 871 5061
5501 16871 14185
12160 10889 14147
7290 3844 19459
13476 3178 10909
13193 16264 4593
13578 15324 9857
13903 11336 17861
14266 8175 18172
19895 10678 17554
4328 3149 10428
16826 19927 14720
15219 2362 12896
1004 2460 18190
12552 3730 12496
16175 14793 8455
8719 12801 12811
10431 14795 8083
797 18399 6129
804 7359 7836
16060 846 15835
7555 5164 6854
13001 18595 15433
14322 998 15004
1590 14211 2846
14193 5671 13871
16065 12719 364
121 9301 11270
1007 5374 1097
19428 8915 58
5736 10870 19218
13096 4265 17424
1579 1847 8060
1201 1230 8317
982 16693 9243
9947 15279 3638
14170 4302 1142
11442 15368 15721
6675 11609 4472
511 4633 804
10139 9077 16774
16446 3068 7954
15567 5621 13313
14610 11758 1305
12807 9533 18289
18599 2429 6782
2658 19173 1725
7310 1354 18587
1704 16826 16585
6896 11510 18459
12933 11354 1484
5989 5634 5145
5463 16452 10281
3988 10278 13302
10838 1820 5820
8118 1265 15500
12901 13512 5063
19499 12805 6143
16173 5087 10838
13537 4783 10251
16188 17291 14748
4034 16967 17572
13599 12460 1059
18610 510 9189
4553 15615 5294
12269 12318 6982
4980 19920 19843
19491 7098 19154
11283 13923 9976
17532 19919 17509
15133 5532 18165
6958 8775 1030
16699 18874 8000
18843 15191 15179
2345 3770 3442
11936 5897 2356
4294 5282 7511
13096 4269 17971
13955 6387 14529
7101 14820 7292
5719 2040 15821
18208 6142 4572
2716 1263 12410
3958 9790 2299
7652 6931 8353
13685 3317 1181
3429 16458 7141
12904 5204 3987
7981 952 15481
14589 17600 18146
16256 11415 14446
12793 2764 17765
6342 5236 13448
7953 5814 15142
1888 1743 19815
13593 16582 10457
14186 1390 19069
7432 19613 2724
19034 7238 7622
15617 5294 17168
13003 10548 9768
15086 1144 18558
2038 3188 7272
4907 15758 15975
2798 5362 11578
1092 5719 8710
13708 15420 7842
2949 14554 19555
9251 1817 18793
18383 18809 5113
10502 11130 17070
18788 17203 6550
6985 17524 8695
3110 5727 16475
9227 18753 8877
16679 12467 2915
16695 7673 16023
18613 517 142
12218 8455 12695
18923 17092 6380
17286 3736 12620
9428 15654 6503
19277 537 2174
18037 15931 7271
11707 2820 3382
11944 11788 15243
14843 9373 3370
13306 19994 999
10520 14405 2158
19830 14285 4801
8607 13068 3363
12403 11450 339
12526 15035 10071
18205 7652 18607
16611 17110 270
2761 468 19663
8895 14603 443
17495 3945 5603
13240 3754 7617
10100 10696 11591
14590 19832 10852
18727 10891 4091
2577 5770 2131
12237 12663 16943
4873 17985 13061
393 3705 16273
521 16691 9798
76 1827 11234
17284 11020 6348
9101 3159 15742
13002 13273 19255
13472 13860 5876
6987 10699 6071
3280 10438 13825
10152 8347 769
11730 5860 7022
3305 1194 12735
7544 16275 13285
16643 5256 8979
762 14988 2307
3443 19647 7167
1591 17079 9460
10700 11394 3005
7495 1482 13225
18142 5336 12125
7628 13457 16691
19894 9062 7748
11470 13048 7143
19768 14006 12727
19565 3240 15924
16051 3598 1863
8134 13488 19752
17946 10633 18511
17200 3264 7208
7274 5548 10070
4397 19781 19867
7565 19602 10399
16512 11234 10952
10082 6800 7258
18434 4037 3957
16574 18930 18734
18844 6853 15903
8150 8648 18295
13198 132 3619
16038 7033 16455
5038 9438 9429
8211 5030 131
12068 10241 14371
15562 14686 17486
17192 19759 4268
11708 16608 17963
19590 9352 11643
17673 5234 19126
17720 15455 8340
12083 4748 7535
13253 16412 17689
17629 2164 5922
13774 13813 144
17729 17454 16564
1063 811 18168
19406 8553 6503
17520 7273 16328
18607 16413 9570
10 11 12
9255 16734 5767
5621 10342 6921
19983 3116 628
19487 5693 2773
3698 15852 12379
1826 16503 13260
2183 11647 4219
6033 13847 10697
4743 10405 19077
16597 9167 6499
9941 19542 16550
5259 14121 4641
4733 13772 2613
15962 637 3997
10210 6670 11204
6758 15683 15700
4777 14312 14351
18420 10728 3994
6247 9169 567
15036 4081 9142
8837 5759 12009
10158 12596 10164
17986 17035 16355
10941 19169 17678
18859 778 6464
7028 1988 7986
9760 19233 14320
19895 17521 15332
17312 3507 11783
11958 12248 9367
3471 13475 18801
19374 10583 6740
12911 10134 3755
8202 14539 17693
16259 19785 1278
5516 1023 2831
15721 16858 9885
1146 3393 9645
1194 3672 17925
17276 3151 9222
18132 15728 8765
11 12 13
14265 14639 7031
15469 5495 11680
9223 16396 11183
15419 2112 9977
18789 9255 15136
12416 4912 17717
12879 10210 8192
18865 8973 18090
8390 12871 10036
673 7545 776
10755 3742 15518
18740 1155 5614
10195 12736 12288
12425 4112 8149
447 17024 16502
6750 15040 2872
19065 19293 19922
5782 2890 6211
7531 3140 13472
14095 19816 3939
16181 2023 11798
1169 10642 192
4046 9234 16876
18811 7281 12336
8809 10024 18750
19254 12557 12755
11405 1335 14975
14696 5858 13733
13112 3038 6611
12397 18660 18092
4058 8314 1071
18571 15894 6018
9983 10920 9845
9002 3701 13761
10874 15906 4963
6891 2431 12223
2673 16005 10994
17912 8103 4335
17352 17445 1650
8321 6222 2417
672 18650 10316
15930 19863 18279
4626 14238 7916
15950 8649 601
16117 5587 17948
17908 5691 18778
3092 15198 14179
9340 16521 18087
11136 18261 18068
644 4977 8132
13046 5725 15510
18513 11762 4118
13871 14956 1695
13782 11579 10408
12590 11322 9712
14496 9697 14162
705 15840 7709
3311 12825 11702
12633 14814 12671
14520 1934 14981
14060 15212 4170
6569 16424 3791
7627 7427 2822
10484 11144 14689
4539 16684 9094
12325 2642 6764
363 3177 12423
7018 7035 18567
17233 6445 217
9786 17423 8380
16603 7686 7312
9132 1370 35
9917 18475 8870
13552 3441 9067
14413 11753 16381
12623 14997 18250
4191 4133 18481
7392 13989 1544
19757 6555 9536
9987 9731 7881
2858 9617 855
15987 18818 1667
1408 12779 18261
5632 9804 19018
14184 8255 8038
6933 3511 16062
1968 4434 6319
6769 16423 16230
9504 19865 9098
8902 4371 2480
12 13 13
789 11665 3667
2602 5562 12491
15292 14273 6022
2587 4248 9710
2278 19399 19442
12953 2669 2705
736 3029 6723
3981 13870 18193
8507 9082 7387
14839 3083 14728
17140 14564 8043
2458 2761 9010
4687 4753 12277
6541 1519 6516
2238 1521 6072
15382 13737 9311
8972 10713 5428
10116 17625 6796
8253 5209 12358
13617 10288 3292
12580 7955 13564
5230 10889 6632
2088 994 11991
31 506 1417
1986 10652 533
2329 11459 14385
13495 8371 1634
10950 8350 7262
6821 19893 6658
6912 7064 6263
6276 11910 16069
605 6794 5522
2247 16935 2613
18853 15629 15667
13 14 14
14596 1937 17031
14 15 16
11121 13689 3125
18175 17246 4904
3503 4738 12679
4951 6236 11798
11647 8840 17645
14741 18664 14294
9154 14556 17579
7437 18137 15002
15277 389 9931
300 1781 6678
17581 13304 5178
1788 808 11403
14408 7576 4498
12688 13504 15542
3617 19133 15660
1290 5129 12434
12792 18156 16680
10029 2191 7048
5833 8627 11617
4705 17581 11300
4080 1101 16375
4498 18266 14127
8801 8912 4045
1154 3205 13140
4694 17383 2176
901 3620 1955
1720 6875 3736
6743 11944 9430
3288 9176 19192
3764 9996 6820
11104 12918 13735
17112 11545 3673
16622 2558 18768
7246 6342 16204
9287 17947 15886
13869 6162 9326
18814 7679 11475
1583 16008 12311
731 6763 6364
1549 8875 12120
3924 3180 13805
1852 9349 16018
18797 12511 11207
12027 7728 11682
15642 4305 18589
7752 14025 13216
9990 2160 10872
14749 12967 6577
3062 18633 300
14969 13655 10206
1334 19939 16328
12126 2415 8948
19970 1270 7551
18335 8821 7027
12899 5107 8833
12350 7345 19070
3905 17089 5727
10817 3550 953
13467 13388 7959
4244 6978 2818
4914 18045 16644
12703 12137 3574
11026 11755 15931
13328 2844 17675
19216 2862 15884
6308 16704 12571
9371 19021 12407
1423 862 14318
17335 13717 926
2583 13449 1912
11228 13567 13869
13683 1461 11524
16540 15178 182
1457 18475 1328
490 18904 15801
2482 10107 7319
14273 3426 5763
9415 15123 899
9926 11719 11831
16057 12397 10806
3875 9607 8317
2896 12622 5469
12084 2115 17656
19090 1100 14006
10032 11625 3499
1281 726 5634
18723 9042 9453
10236 18270 1495
12871 15810 16733
10877 8840 3558
18276 6315 19084
12167 8667 17423
19877 3903 15383
10898 11738 8647
445 11517 6168
777 8218 18109
14151 15314 19050
3324 2078 13407
424 2294 14418
852 15458 9147
11927 14432 16603
5258 18709 17847
11654 10595 17153
19838 14478 10544
16735 12364 11155
13508 7295 16033
11092 13169 6
6933 2756 18941
3212 5981 5978
8534 14093 11843
7743 8256 16229
11059 16031 14303
4601 4540 11464
18740 19462 11717
19740 2630 16599
13901 2572 2083
10851 2689 14239
17782 77 1023
7140 14196 5650
3529 10295 7184
10530 2627 11179
6821 10422 18803
11919 7236 17074
17492 1996 11980
11325 3507 13196
15499 17326 18559
14726 4689 6190
633 5055 13253
1580 13738 10395
19815 2560 13894
1581 2717 8457
1092 16671 9957
14479 5385 11699
2340 11920 4116
8522 12673 18330
19923 15911 9477
8381 13700 7291
8151 7034 9333
1436 17157 5952
13608 3963 1161
13422 17905 9569
15255 7017 4973
8985 8744 13693
12820 11625 3012
11552 12569 6985
2913 1623 18797
9925 19579 5216
4224 19498 17869
2353 17038 6558
18974 18082 2184
5068 19487 13615
3960 5043 12126
19607 13640 4978
17163 450 6821
13087 17495 8171
15 16 17
6787 2299 8790
18342 14822 17645
3816 3804 9419
3435 18319 1291
17294 16392 13129
10966 19560 17871
14677 14493 7599
5277 12018 14206
9525 9736 2641
11283 2270 490
9137 6995 15284
7267 6945 18132
12967 17010 9680
5358 18402 18635
12095 1241 10188
2696 16823 2101
14796 5584 3501
11980 7734 4879
9638 812 14508
5113 3516 9798
14146 4131 11406
7753 8159 14500
15758 16204 562
9687 8100 2220
6280 7847 13222
2882 8496 997
16 17 17
16537 14530 13862
7207 1805 1662
11438 758 2997
1558 18177 6921
5749 12883 7455
14590 2992 2410
11027 14050 12141
8601 19920 5895
11941 9580 12014
4996 6472 12839
2136 10683 6786
16012 16332 10599
807 9142 17885
7237 948 4159
10660 12943 11842
359 9627 11940
6983 13449 5692
8203 4572 6449
9647 11626 3096
1386 248 18871
13427 14535 2940
7626 14049 15495
6566 17137 10992
10238 14290 11985
18844 13154 7958
15011 2518 17125
503 9780 10818
11174 739 4054
14551 19600 11988
18020 13149 17580
2957 28 5639
17 18 18
16822 18583 806
3246 9781 19073
10091 12077 18853
776 18226 3078
4028 12823 18395
19648 7650 16673
1923 17624 10607
6428 675 1043
4698 8063 2773
13039 11519 12191
13348 4032 509
10929 1438 17618
4270 8521 17906
3497 9873 11960
8877 3531 10379
18009 3656 12296
5400 10888 5853
16525 9819 6436
15725 9151 17418
17757 18966 2208
19387 8466 13457
18990 7736 922
1338 10271 15749
13394 9532 18713
10571 18123 19716
16605 17371 4624
5815 9641 14727
18199 7669 10804
11174 17904 5144
12211 2276 10352
17706 12588 17309
15147 14706 18223
12312 13538 1816
11884 19969 5357
3357 12017 5370
10437 19714 10437
17100 16301 9487
11019 6519 3479
4617 16541 16144
2917 5351 8301
12580 3672 12479
17613 4039 2923
6907 3520 10132
905 8798 19212
4676 3973 19169
18 19 19
9128 6025 8484
13885 4179 5345
602 11984 9805
1467 17775 6075
19589 17330 6252
19535 1015 10188
9233 15594 3523
4100 3751 5876
6387 923 7227
17208 1326 12848
18164 19522 11513
984 3273 15119
19568 2763 7006
8051 3846 2642
12370 11867 6166
1079 2773 13841
9980 16986 11550
1365 1059 2713
19 20 20
11442 9036 14669
5000 19228 4296
17883 17526 10775
3577 10046 18031
5137 1446 19920
14576 14823 7105
11029 11826 371
2131 366 13871
4942 8816 14753
10103 2497 9772
11923 17182 4225
18022 8028 4730
2765 13401 18316
18713 18527 16806
4624 9409 4951
525 11923 3539
14910 5316 10243
13557 10697 4140
19434 19287 14526
15726 9671 16771
12675 12131 1555
11949 18219 12808
9254 16132 4620
15258 5658 3833
13314 1722 6583
12428 17508 17083
5907 14912 9612
19251 16772 8885
15172 3633 1688
1261 8241 13373
17322 74 284
13934 18734 5283
19801 17486 8467
19455 8499 15853
12443 12503 15260
532 14768 18170
18895 7008 2150
19380 10959 2560
11405 6757 13222
15074 7115 12105
10170 6276 4120
14261 19265 1625
15095 604 6420
969 10443 14484
12225 17595 3119
10689 10247 2867
5289 4403 5670
18378 19995 11350
13605 18570 14498
1377 14130 15300
14024 14879 11622
19098 12787 12744
16144 10400 14070
6437 16198 9719
11938 4582 12947
1052 4042 12057
10278 9671 3268
18899 4346 14128
13530 6389 19391
10851 7557 8639
10332 5489 7150
12945 9591 2913
8714 9490 11773
17375 13429 15268
1522 8358 16851
9534 15034 8412
7126 10763 4931
8295 16501 13014
975 15039 9424
18071 15213 18105
14006 14198 8336
5277 890 15031
14530 8174 3768
9149 1140 4484
5282 14492 17227
8186 3769 3064
19426 13309 8168
12752 3238 18274
8610 10799 19603
18970 9468 13254
13946 17111 16612
19974 9292 5756
8196 2685 18704
4650 15404 19731
18410 12301 3277
9438 12163 6569
1013 5483 7515
16344 19136 6708
12258 997 77
203 13262 17170
15932 11600 15663
18190 14435 10005
12055 7931 7520
11272 18510 9815
16465 19386 15674
15470 2613 65
8221 1406 10475
18399 5037 7137
19229 1698 14181
8364 7841 5592
8904 17831 17861
8448 15489 16319
2865 2356 3299
4972 7913 12663
548 1408 7996
2819 5317 8498
13708 3296 12827
3370 6503 10817
4487 8182 16530
17721 13668 13541
3244 18048 4822
3281 18618 12896
5108 1641 14307
10390 3033 7786
13577 14149 9569
7725 14382 5211
1253 6439 16949
13893 17972 7285
10751 7282 8635
17449 4501 13448
9265 17958 4197
7542 4547 17995
1573 5573 17395
9969 15361 17896
9717 17642 17481
1568 17640 15822
16611 3225 12990
18756 16316 19636
7230 19562 17615
170 19732 292
5534 13938 4886
1006 12755 2669
1595 18853 19337
874 6528 19830
1912 156 14320
4737 12952 18955
3336 651 10477
4075 12964 4424
19644 19763 19815
12035 15072 517
19376 15439 15067
18154 13031 8667
13039 17264 9716
1616 45 14144
947 4024 13415
10880 7256 19189
10378 8069 5958
7298 14966 18576
7151 15562 19543
6528 7909 16471
18565 17924 10578
18922 6538 5377
12235 12385 1485
5255 13351 699
8941 1984 19006
9033 14921 5312
3064 13059 2557
5177 7787 2770
13293 7765 12651
18255 8623 11893
5693 9608 13014
2879 14814 5028
2432 15675 10038
2742 16846 2891
3200 13759 8228
5448 292 16770
178 16775 2958
14643 5040 18398
3277 15686 15447
19198 10721 3396
6326 3687 8011
1622 14512 19077
30 6453 13569
8763 9888 8754
10719 6636 8085
6889 12687 10949
15009 19477 3893
14758 2916 6429
19953 8145 14795
16445 7101 16261
5695 16614 1408
12473 16340 10799
14075 1738 12616
595 2778 12045
7085 5823 8365
5159 16341 11424
868 14133 3793
5274 3325 720
374 461 11392
16715 4871 10705
12016 5298 16603
591 14312 13183
13251 10564 18346
4183 4803 10595
7520 3378 1385
14420 5314 2193
14865 16946 14244
3092 18069 9946
7327 16158 9603
9755 18897 10433
481 5724 9137
8983 10785 10525
992 13699 830
9455 15386 15473
16420 174 2812
8499 4776 14124
9943 10670 9477
13902 16889 10685
7352 11061 12116
17720 9970 8017
9667 4042 18486
10933 196 19522
12137 11022 12009
16074 14972 18707
11208 16656 16319
16791 6191 8504
7508 11315 7346
5152 7055 11385
17376 11502 18790
14640 10362 490
17854 16531 9470
7433 14594 4910
19379 12515 17717
6920 1862 18045
3991 4745 12368
5489 8571 4179
16132 2280 11702
5770 14521 16738
14860 16709 8639
18363 13524 248
11413 14204 17481
16744 504 17824
19304 16370 17688
1669 2814 8604
7179 2177 4105
4601 16229 1599
18440 17154 9767
11027 8468 11296
19456 3692 6218
2056 9723 695
920 11654 8244
18193 13158 10492
14024 13402 15420
698 9909 3798
5179 14521 15536
13209 12903 7634
10157 9108 11994
9877 6489 205
8830 16549 1330
19140 7909 6367
16140 15527 2618
4129 6587 17637
5963 139 1884
5985 3326 12249
12121 6945 8298
4936 18029 12402
7683 19992 17631
9337 10452 5571
19801 16221 18394
20 21 21
18294 1591 11327
4690 17214 17791
18808 7245 18688
14070 9749 7108
2506 15782 2686
7240 7053 5736
4844 8017 16322
13539 14333 6428
19352 13697 17119
654 11155 614
19475 5900 1504
4120 3141 16147
5943 11997 13533
1481 5249 3143
12569 12586 9261
19197 16767 7009
9595 8824 13859
8935 14308 12477
3436 4053 1760
1793 5082 16130
4916 5554 13885
8380 16720 5664
2487 7458 5236
8757 11427 4525
19136 4750 12416
13568 12565 4727
12823 1745 10068
4587 19479 2478
1828 12488 7153
10718 9444 3995
9393 7173 18360
9549 14702 19996
10196 13924 1378
7926 19873 476
4574 15999 23
7077 13514 5500
5474 12507 11302
8140 1909 5410
13608 3595 9471
9736 3929 6197
12458 11659 2653
1374 18605 10220
19555 3423 2801
19379 13167 6548
4705 16798 412
16114 10579 16175
957 15827 2249
9762 17261 1923
10936 1689 10822
3525 9835 13197
7229 8336 18574
5541 9326 19389
11614 13045 12266
14225 16215 12966
1155 13066 14032
4958 19538 7749
522 930 3307
7153 9303 9543
19570 330 9642
13035 6723 9247
13281 18735 3988
3040 2425 13392
8337 18951 12699
9949 57 14530
10432 2128 9284
1600 18904 7868
16556 14196 5611
16408 489 19466
3404 7814 11397
8441 574 13208
18614 14226 14727
17053 4386 5884
2160 12808 14310
13324 15427 16059
7094 9082 12746
7695 12825 18892
13686 15553 5042
9166 12432 2408
19491 5635 10340
19058 13739 19706
15709 3821 2800
19071 17972 5173
17635 2743 16366
19174 9946 1959
19532 3107 15242
16668 3943 5407
4558 13768 4605
19320 14532 19013
14359 19156 14822
2025 3685 13851
13295 7729 2739
2662 10014 5292
19287 14315 16462
9642 8051 9151
17284 16540 17726
8716 13534 13981
5091 14660 7899
13791 7673 4353
2808 4414 15779
705 54 13631
21 22 23
11378 733 3431
10396 12660 18395
9712 17186 17153
6846 15569 6382
14053 17967 11794
16561 14711 2006
15268 14379 9920
4783 16018 2439
3299 1028 19442
15308 7812 8253
12761 11773 3575
10385 12046 9431
4528 874 9453
3957 18795 16659
10167 12127 17517
10177 7211 18504
8234 2682 10007
2314 5513 772
1828 11917 12094
2754 19219 7005
6914 11955 9109
16250 11096 4569
16491 10764 6434
18008 5125 5690
4838 12025 17452
789 12621 17293
13406 5397 17133
1568 10705 17159
13731 1593 19669
19965 11344 1196
14588 13743 17907
17519 5375 17426
19222 13960 16721
4575 16082 3767
13982 18657 18894
4313 15161 13797
4267 5183 12892
11834 16412 9576
12398 21 10633
11986 2195 9875
13412 15486 14004
15042 5797 10449
8260 774 9683
19110 18125 2316
14792 16598 7068
4545 1078 1926
17458 5042 4135
11569 12322 7999
5444 6784 11934
11104 19481 8768
1289 19904 15699
18178 13625 17139
19434 18785 8099
11852 11553 16839
11636 14944 19341
9441 16447 13457
14764 9855 14878
9328 15469 11301
10059 4390 7396
14246 10210 14955
14896 1773 7322
2669 3197 14307
6791 5005 12475
18998 7184 15643
6789 18921 6170
15777 2859 10836
1292 113 5994
12477 19439 15991
13448 4998 16793
10676 8426 9565
13349 14134 3401
3341 14773 2040
4392 19034 1563
6536 8713 19943
5462 14632 11628
151 10423 18532
7561 1499 9224
18998 16336 6577
12674 7171 17169
11097 11355 2148
12282 2923 2697
13862 4980 13828
8925 12107 10590
13356 7559 12941
13579 9642 12693
16953 6453 2283
6010 12797 14672
5873 16764 2629
3081 17011 17618
12518 9927 13994
12018 7297 406
6590 11648 4911
7880 7136 2369
3723 6261 10411
9691 12021 13792
1664 15675 8408
11457 16372 16323
1716 3898 9693
11099 6854 5054
9850 17571 5087
17347 10671 7066
5065 15653 5628
2359 17688 1627
13633 5243 16667
8419 8938 3255
18084 9552 15587
7222 12075 7901
14564 557 8901
17550 10152 15494
13171 8432 17175
1031 6021 5096
4137 1677 16013
14608 10756 11775
2736 513 16150
5411 14432 12133
6758 7657 17016
22 23 24
10556 2784 9770
17072 19781 13887
3547 323 6564
10539 11515 1507
5862 8972 3377
13662 13450 11060
14419 13378 10666
5610 17516 314
5840 9527 10976
695 3581 4186
1381 16157 11816
1961 2772 5612
12584 1265 1043
3069 19537 14824
18918 11446 984
4700 12357 19381
1380 520 14876
18985 19807 17671
9057 15229 8473
12017 4225 16720
9796 6891 11405
18397 11502 15441
11623 6238 5613
12959 18655 11514
10223 10576 9962
9276 11218 18525
10364 12515 14534
6146 2675 10101
19091 17494 17872
14876 117 19411
4587 9664 10832
4078 6816 11156
8555 19458 15895
11595 15149 3460
7396 4687 13794
12678 16340 3860
8785 11789 18645
6634 16703 18472
12030 13769 12049
16423 6605 9706
16024 13565 19035
17857 6154 3477
12437 4368 8679
17360 2744 15348
17580 42 6468
16294 18151 2953
9135 4821 6467
9986 15796 5774
3547 1488 14634
23 24 24
2743 8850 11140
4200 16019 7191
3820 15389 9542
18548 3005 15345
15156 8289 7259
4098 11593 1322
24 25 26
2295 3227 7552
3354 14987 13412
18291 16093 9856
9887 4743 12944
16308 18919 10998
5844 14694 383
16992 6560 5674
15699 7610 4888
18696 16078 17301
7204 10836 16977
18303 1906 837
8107 18281 18715
18310 18824 971
19705 8021 11354
6795 2763 10534
12697 9837 1517
138 4001 19417
3005 7449 19318
18693 19763 1564
3363 508 5847
16171 7838 17815
1791 15330 1043
16015 649 1949
1649 8287 18792
12443 2550 19273
5804 16100 11435
11329 11649 18810
9342 18260 5482
2935 1585 2201
8223 11000 4701
13269 5234 5134
14438 16192 12252
14984 15710 17816
11605 4085 17291
16132 8273 9055
7634 14220 14045
5746 1824 14674
1889 4648 5542
3590 15224 8430
9710 13721 5019
4653 13491 17333
7767 2734 2706
8824 12433 19528
18904 11220 16781
11160 15201 3256
12760 19653 6685
17276 12139 17619
751 12896 1862
5197 8946 11829
8602 8557 12804
3894 12892 21
505 14133 8267
6951 19884 11581
910 18702 17023
6667 1144 13211
13350 11673 16105
14316 489 8694
10721 8237 11275
17280 4311 1724
15936 16317 15700
4904 489 8239
1442 2296 19501
19463 48 14285
9758 15448 19322
3230 16807 6678
8176 12498 13472
16558 19440 19094
1679 19381 5797
5343 14333 3410
3876 12024 12672
6615 2322 11773
13501 16183 220
10053 13189 1109
14918 3928 3372
3734 9293 16362
1604 14064 6480
25 26 27
15050 19417 7759
7884 8820 1373
17867 1095 9108
10635 1789 5073
16406 3073 15906
13924 17593 13460
154 14514 17940
7465 789 7218
19329 15715 18602
18838 9485 13919
9516 15721 3588
10763 6816 2311
18850 4125 19929
6099 16672 3916
2695 4701 14052
9538 16835 4484
12794 16061 8842
4681 15714 12924
18179 8903 1967
13156 9895 17407
11051 8433 9832
7905 13668 12895
18293 2859 19713
13144 4603 2259
10192 18029 527
3952 4478 7919
1301 11266 16237
2410 14443 16471
14232 2800 14192
10557 14584 10270
3295 15064 18374
3622 3079 14001
1610 3618 6859
12030 4698 10221
8414 16224 48
11962 4966 18684
2604 1250 18856
2967 15239 5183
18386 16873 6630
8322 8568 8960
7867 14594 1351
7675 10616 19917
8007 9127 2218
7522 10300 18567
17479 12929 17395
14610 16683 11299
18392 18513 2862
17794 3245 18893
8193 13802 6705
16502 8904 22
17944 18519 13971
15564 6448 1799
17232 11065 14083
5674 14051 6698
9237 16983 7917
4607 8601 5256
13933 19471 9808
15907 3678 1814
16225 539 16141
17628 7328 8852
14082 17980 4068
8871 2951 14812
19396 2316 12848
5050 7277 11459
15194 2881 17997
8607 19295 7130
13714 563 9991
11582 13169 12908
7793 11266 2536
1508 6626 9335
6630 6705 11309
11140 18961 892
13468 18484 18486
4964 17903 6578
15278 11123 10492
3115 6989 1516
9468 192 13675
6408 8612 2415
628 17450 4585
9060 10463 13427
2170 11984 8480
17689 11161 14266
906 438 19420
910 10960 19047
10979 14851 11458
6571 1206 4623
19767 7548 9963
26 27 27
16506 10088 16499
13322 15900 56
1305 7801 15378
4252 14386 8893
6166 19884 6410
6890 9701 6748
14516 6043 14479
2460 15478 8201
11376 3592 12840
14730 9701 12458
2109 13172 13615
16586 10322 7659
15081 9990 3825
16577 17046 19992
3014 6832 12433
6997 5494 19544
469 1506 3557
12659 4082 19719
9099 10553 15135
8910 16772 5283
561 19084 19454
9433 15369 5971
3079 6860 7168
2123 6307 8313
15603 14499 12943
8757 19151 8306
19150 14962 2248
2186 1853 14456
17906 4156 14378
6760 1420 9834
7788 5056 12366
801 12523 1883
7837 4471 12369
10077 16571 12255
2849 5903 164
9879 13015 3417
1255 17885 1815
9272 8307 17134
18722 12671 15435
11342 10130 18978
2449 15225 16617
2475 2575 10823
17064 485 17110
1834 12623 8825
6190 7831 7601
6067 117 19892
15774 10306 7561
19056 17849 14997
12220 13887 6080
2402 9843 7864
9285 11559 10946
8677 13195 1565
6222 2542 10205
9139 6856 14497
3001 15318 3833
3746 14282 11413
272 18120 12687
15852 1369 13760
6183 11983 6064
8020 15730 2728
17355 9527 16206
9213 17823 19195
9675 18625 3738
2330 5753 15114
13771 4405 12543
7535 8606 10262
4092 8754 8300
10106 19549 4576
13446 1352 12091
14025 13509 11517
2155 19829 15820
14473 13423 13295
11149 10879 13524
13897 6471 18882
17769 11107 7213
17492 18245 14004
3751 3523 11767
18238 12167 16154
3597 17385 8302
18095 11023 4910
12058 5725 12870
11916 14900 17888
13926 14433 14372
12285 5224 160
4395 5301 9205
11559 7693 293
6429 5862 3817
1776 3320 11643
1304 14773 9243
337 18477 7062
1855 466 3007
5724 9762 19025
14328 14901 8018
19063 19026 7502
11807 18147 9053
7230 7780 18463
7528 19583 11729
12350 9685 1407
2470 11170 15921
1233 4656 2083
11168 10440 7457
17303 1413 2432
7539 7509 10791
5465 19478 15626
15643 2302 2782
1314 12932 2037
18307 15111 4484
17153 10817 1379
16091 2503 18843
7315 7573 14620
19948 19071 13878
4811 14515 8699
16800 4169 1563
18781 11876 12529
10229 17737 17612
14869 5997 11243
19138 13530 6332
4837 612 7993
5321 6511 15564
18070 2038 12524
7151 4957 1998
19010 19362 1336
18662 19515 9227
6322 18398 1855
11296 18690 10749
7889 15620 6306
390 11212 18695
8469 18681 5499
13939 16280 8153
5471 3318 10473
1778 14417 13942
14405 15553 2496
5029 11709 1890
19516 1753 14290
120 830 8440
15604 4318 6463
4989 4021 9572
8281 14576 8800
1245 103 4908
1720 12882 5782
8322 2502 19986
12889 4166 2634
19627 1060 3284
3514 5219 15568
15783 8402 11223
741 13127 9536
16713 2094 18219
19919 11074 5739
4948 14769 13539
26 4710 11419
1814 16636 9789
27 28 29
14052 14738 14889
3809 16670 14139
1751 10987 6074
17782 16369 16647
16136 11922 10900
1784 12973 7497
9918 7320 3713
10223 1741 12972
2112 4521 12286
11565 8878 8303
5294 8096 6920
4734 16371 14960
13234 2408 7722
5005 377 9379
1909 8818 16661
7287 15275 19472
8286 29 13053
8827 2004 9591
14486 10394 10377
11420 19902 5991
5517 137 1585
13992 13761 16679
6788 10897 12978
4079 18239 15907
18702 13051 19021
1857 17543 11401
19977 15453 910
5588 7160 1426
1395 774 11134
5005 8490 19684
15550 17657 19354
9888 2613 16828
3528 3856 18070
13708 19293 12507
828 8420 11590
12413 9482 8883
16591 15286 7161
8542 18822 8097
2314 4049 919
6359 3499 13575
5303 19691 11214
28 29 30
304 17441 16216
11931 12629 696
5390 14434 17481
15031 14441 16803
16250 6241 10682
6915 4960 6933
3957 13823 3678
14167 6794 12628
875 5022 288
13597 19838 5106
5530 4037 10987
1499 15717 6524
19796 5983 18981
19193 17130 5093
10959 8511 756
12867 681 8205
4479 17156 18322
9274 14398 13543
1558 6374 19420
14838 1523 1237
5318 1917 5807
8738 12932 9808
2050 8793 10281
17785 14969 14276
8857 11532 2633
12748 8242 15398
2988 9979 7022
4618 8541 13439
4673 4177 16265
17679 9446 396
19077 13387 18699
17368 1750 5185
1680 9448 7577
14763 7158 6471
12889 13782 14308
1093 7492 14850
3461 9345 11032
183 3229 12162
3974 13938 11130
18424 13206 13341
8357 6740 12295
13356 13856 7646
18382 15097 3290
16396 18281 15226
14075 1246 13926
17989 19097 11898
13756 6410 8171
14965 19062 12204
17588 1047 14592
6901 16189 7016
7781 5818 4287
11835 15070 17321
10937 15481 11943
13531 18295 9063
12981 5663 11310
18777 9005 6432
2098 1177 6956
7608 2349 5504
9690 9987 14493
11380 7020 7432
4817 16691 16376
17196 1190 11610
5761 11010 3019
5283 10041 8745
11428 13703 4928
10041 16562 7328
14370 2022 16124
1338 47 7106
16941 3056 4016
19598 9383 2790
14334 1510 11295
10843 208 6000
14184 2274 8752
18509 7135 18629
18079 19773 18139
10381 17814 4374
8136 18340 18276
1719 10598 11325
13521 13198 6621
10910 17307 13124
6106 3611 5802
15049 18741 2369
14437 16237 17279
18288 2334 17357
1965 4312 2839
10814 3031 4350
13913 159 11833
4257 14840 16838
1042 3106 10081
7966 15856 13711
16999 5757 992
5773 5721 9173
265 3444 9044
4599 17798 17431
17839 12253 2991
6830 15824 2141
19030 17106 5148
7662 4630 18497
8144 6382 16771
7804 15597 10356
14047 10762 11405
9809 17532 257
6322 12479 1576
5555 16422 14551
6003 16065 2426
13725 9096 288
249 7866 1376
13190 17963 14146
7752 11294 3471
6939 19588 19385
13300 8731 18924
3487 7934 186
4191 4700 18196
14243 7545 18744
10164 16361 19448
15355 14013 2019
9731 7143 9826
1993 7055 12286
18564 15433 8233
3783 17231 3158
6003 18386 15062
14549 4625 14058
13661 12370 96
13161 6408 12393
6074 12664 6080
15325 5432 18181
9856 9639 10438
10602 188 15744
10058 5801 4286
17699 15540 6424
10837 2806 2862
18431 11258 10079
6721 8395 13258
17307 18803 17949
10151 16731 342
3967 7948 2136
2591 2401 11784
8283 8850 6658
3701 14112 11249
15381 10278 16451
4366 2719 1205
10773 9886 6499
16240 7152 10866
19600 11792 17855
5647 5203 16493
19148 8007 17365
18982 7136 17883
11431 7076 7238
16479 14228 3809
1112 7918 12681
8047 19517 12440
9522 1511 18878
19767 16306 9578
18646 7071 10163
6041 13298 11998
8401 1629 18176
290 6405 4606
2027 11744 2093
2180 13122 16207
6153 12265 11544
10567 5033 5123
9975 6725 2223
6196 9060 9040
12952 15145 19436
14575 7116 18527
13771 19112 13796
16939 11608 9285
167 17425 8278
8257 12375 17742
17119 13921 2410
12954 14948 16034
11422 19169 2081
11044 8512 13847
3042 9960 7374
7082 8747 8980
6603 1200 18969
16072 6685 8416
18955 9344 7320
7833 17928 367
17516 1085 8800
18257 2586 13941
4213 5933 1014
18209 10183 17742
13755 1186 3682
19813 17391 639
11926 9748 10689
12850 13731 1405
8311 5772 3084
13084 5031 11854
18596 10405 16220
1985 11841 5272
16062 720 18171
