20000 3201
3674 9684 1181
17713 17983 16470
11780 16973 9259
8462 15968 14273
6766 11379 16472
18288 17885 19261
15526 9234 1499
667 5543 9727
18011 13814 9253
15131 192 13892
3719 1207 16935
2827 7890 13382
16363 6478 3034
6858 15331 5223
1496 13505 4922
13416 13515 16369
1259 17799 14319
6539 18520 14332
2570 12336 18068
8692 13898 928
10499 2943 17558
12423 15004 5304
7607 3302 8993
18945 12376 2482
1007 3430 12242
2143 5404 2813
5343 1726 14394
4228 5965 9288
18364 10017 8091
16229 12178 5855
14381 16732 12807
1009 11001 3782
1742 16361 2104
178 8929 17465
10329 13614 1386
1 2 2
14800 19717 15580
3856 19741 5180
5000 7444 13234
8010 11044 8378
9764 5498 6384
17707 13313 11647
13579 13377 10860
6004 395 5136
2055 1777 6672
14469 9213 16317
13111 15347 1287
9079 3909 5356
15289 17662 18835
6850 8958 6439
5416 14985 18479
6730 15164 3398
16050 12678 6049
18134 3710 7048
7471 8424 7678
7008 7429 17311
9154 15654 11510
13775 14096 4396
7044 19152 8336
13295 15022 19777
18626 12998 18831
14907 5948 17068
4969 9490 8901
12203 18410 19295
13210 7502 7360
14043 2462 2877
129 16423 10332
5165 8302 4236
15785 19453 4095
6646 10827 2082
18528 7045 17218
640 9887 13670
17723 18342 14203
14837 2954 9803
2256 6833 3882
9850 6129 6230
8541 9964 4645
7986 7005 10108
12542 10558 15838
8973 1310 19001
597 17665 9828
9522 5730 1330
12756 14140 10689
2782 4622 11853
19479 18471 4810
7420 4804 4272
1059 3966 5156
6265 12463 3880
19430 12310 9727
11310 8914 11215
7919 7658 7693
12370 8216 19005
8118 16700 1493
11993 12400 285
14419 12462 13559
4422 17267 19242
4943 11904 6190
7531 4774 6247
8598 13615 13364
15838 12178 7629
9021 7678 10552
6168 18998 18145
4376 11388 13078
6943 9437 15938
15989 3871 14816
13478 9439 529
19031 9459 907
8135 696 1506
12394 6725 10673
17209 12802 16754
5979 16842 19728
2843 17361 13565
1848 2847 15917
16043 1550 15125
7646 17974 568
5065 4075 4114
10180 7059 768
1688 4330 12677
3573 3981 13905
15390 3365 4236
7795 10627 6526
8106 10630 2218
1528 18765 4909
6801 13215 3348
12650 14582 12154
4173 18587 17758
8612 15713 6631
10990 18773 4439
5061 7939 9103
17844 12595 19559
12371 12169 18997
2974 11719 9794
5479 3748 1980
19395 10482 13146
9020 14900 615
14830 11802 1170
15839 14709 9320
11237 17973 7751
16425 4159 3958
14806 16011 12270
11484 19340 2873
2259 16531 4154
7995 16535 3200
12113 1956 4056
14359 10298 11147
16174 1098 5148
2077 203 15585
11258 16877 4674
10018 17437 4627
18147 10 11641
2 3 3
10012 15366 6837
1777 15260 17750
16469 9064 1050
10604 9566 14077
16073 9679 12454
8485 264 237
17446 1079 623
14582 17338 14324
8031 14368 12534
9030 18273 5118
19671 15084 8394
9869 15588 2171
6252 14126 10801
12023 17318 1072
7751 17384 14849
3556 808 5067
5070 296 7852
3031 9130 7624
13396 11493 14218
10716 13302 16577
7065 13218 19227
3 4 5
14735 739 10769
7341 6934 1213
11919 6482 8935
5242 14615 18166
15000 6969 18588
1501 17466 12370
8492 463 8149
4 5 6
176 1941 14665
1991 17835 13872
13860 15543 7928
18048 1333 8208
14273 19450 17956
17847 13041 3879
8705 2796 19516
5 6 7
18559 11337 17097
4180 15855 13007
13202 1743 17887
8627 7953 1971
14496 5317 11097
11788 10183 14627
8230 10852 18519
1583 9580 962
15045 6489 11321
517 13925 6258
3831 19157 2546
12214 2835 18852
12678 18711 12444
14515 12090 5163
1399 5384 2302
10320 18917 19331
3194 5349 15930
18088 11889 4988
7091 6672 10490
18864 18496 1194
12492 8340 11625
6528 13395 1765
1646 7961 14412
13866 8206 10186
16790 19175 12902
3985 19475 12736
1990 7213 11937
14937 8119 12626
17251 12164 14032
8066 12342 17638
19154 13173 13202
17201 11952 428
6 7 7
19558 18832 16965
19353 12644 3796
11524 19815 12057
14054 13723 50
14479 14996 13177
16726 5068 14194
3055 14460 5729
14881 13942 5859
15598 14178 14255
9100 8604 10290
5848 18303 19053
37 17276 6401
8729 16674 10357
17686 9583 3575
8371 9301 4162
15733 475 5641
1558 1866 12388
10388 11324 13914
19212 9133 5142
13447 1365 8002
9182 14203 10402
12002 17915 13173
16974 5448 11163
4257 8595 16706
16645 19569 13228
15877 502 1564
10257 15084 7021
17073 11015 19153
11787 13438 13556
4119 6560 1260
2833 11752 8128
7821 17380 6169
676 5968 8434
3081 2798 2129
11885 10512 4554
3936 18307 13325
10423 15552 11446
4267 10953 1098
2644 16069 6134
6446 15272 16609
5738 5597 12073
11053 16256 13743
18837 1642 8453
6167 7279 9020
10998 13489 1179
18897 509 18268
14872 5482 11456
5099 17600 9385
9020 16316 4947
3692 14571 455
5712 16622 9250
4465 18294 128
12594 5177 14302
296 14275 18653
11220 14798 14618
16316 9509 18092
15148 9317 4765
2538 15290 12274
5127 11656 11704
4138 5073 10633
10302 4527 2945
4211 11566 6349
4332 15225 19175
18031 11065 16548
14243 17070 13297
17987 16145 10893
9348 14604 12128
11409 4219 10194
8344 19230 1986
4966 6098 11934
48 3413 9123
9099 14375 3236
641 9466 8028
13165 16108 8135
4622 13933 4884
7408 15782 6102
4723 9476 13243
3017 10218 8
1151 14525 9
8353 9740 5009
17670 3073 3466
9748 6285 11211
7678 10211 17556
2189 7163 7812
16635 5618 5350
15794 19924 6602
19760 14337 5099
13442 16130 9312
7902 3883 1049
7 8 8
8404 1841 16234
4954 1045 15584
5532 8649 4704
17957 7679 13354
1333 19763 7583
10822 9716 6073
14410 7947 5409
18528 1816 364
19254 19880 9096
11080 6023 18944
1105 7310 6713
5202 1877 16186
6096 5620 14530
15536 11170 9713
15948 4143 16912
7120 1673 3790
8702 3590 5559
19960 11431 2734
1491 4284 10193
10137 9828 8541
18701 9017 4936
15781 15648 18466
3415 9379 8327
5702 19515 8006
1622 13630 5352
14626 3957 4078
6359 255 12035
14153 18975 17118
4142 14415 16591
10976 17963 17725
17800 14592 2895
18261 1752 11669
6931 14648 17964
3733 9641 10930
13341 13491 4797
8411 8926 4550
10579 13455 3077
10271 19992 6910
17409 15381 12204
15256 12237 11635
19232 9552 201
3554 5891 6106
16816 19974 4151
7867 16785 6393
15664 10389 1212
1518 4210 4447
2495 770 3392
18990 9512 12156
8833 11589 13315
13496 8371 18327
8666 7824 10898
12531 3087 6320
6980 12212 336
1665 1555 4261
7339 16048 4086
13464 11983 5158
19332 6066 13803
11713 3560 19725
3222 12271 19380
19054 17227 2972
17397 19836 19466
2674 16521 337
1946 12908 9528
16068 19538 8906
10093 1612 14663
9283 5303 19610
19181 18658 16573
15630 8110 507
17619 17142 14714
11134 10573 16210
14114 18251 19463
8918 18858 4037
2763 2625 9159
6432 17919 8870
15411 11869 13157
15055 642 8089
2317 11444 2358
17017 14851 16956
17110 6704 5394
10270 9278 13259
13285 11571 8844
8960 12020 15104
19954 8026 18354
1469 8145 19758
2444 12819 3670
944 5483 330
8 9 10
17555 3469 19524
9286 6041 9826
8202 895 4185
1029 1425 10375
4000 7595 10775
9571 7768 18975
17239 4316 14762
10696 19996 1109
1781 14561 14541
8816 5462 19217
6875 18890 3414
4751 6056 496
9221 19951 15677
8176 14883 9217
15415 12850 12946
14377 12876 11660
17766 7683 1091
8369 9108 1048
1214 8162 5732
12850 8853 10420
13641 10511 7881
6211 4850 10275
10164 15891 7309
15897 9967 14757
10794 20 13959
5597 16222 2653
2073 14671 13827
7435 14450 6836
10576 18610 4942
6959 492 4557
17475 18514 7149
5823 12881 11861
10755 18627 15092
2728 8036 6656
5773 17674 1154
12085 19410 1469
18182 18031 1655
7645 4778 11731
6602 5600 12858
8160 5160 5213
18362 18052 100
17590 9293 6209
2353 13815 12679
5965 7417 15097
13206 19370 13589
3593 5858 11652
4276 5569 3075
17993 6132 6099
17142 13996 3591
6621 14992 18506
17271 14177 17186
19447 2088 2367
2098 4954 7971
2302 3960 4020
438 17749 7196
5953 1963 4920
19226 6344 19392
8472 6720 15670
16291 14621 14842
9218 5720 58
9150 13196 14012
811 18290 172
2131 3740 8997
6129 357 19631
8400 6902 10032
9762 4266 4277
16422 11629 13898
18967 4730 18716
2783 18219 15444
17733 19711 7305
6049 14018 4387
19659 13938 2807
16458 15375 5813
7399 13059 14082
11620 12191 18075
11295 831 7992
12478 18016 906
2151 176 15748
449 6887 5518
17135 640 12251
14876 4110 13158
4341 7551 2898
12076 15439 8378
17650 13548 13856
7178 5368 5051
5765 532 7628
2459 8614 1356
11300 11683 18030
6904 4130 7389
6144 8584 10075
561 16001 19268
2119 11866 12094
16244 8523 17785
13580 4586 11687
133 2312 18994
832 3741 12053
10605 16020 12612
9 10 10
10938 12948 18887
15590 12450 17931
5896 9450 7739
14451 593 3784
2268 15819 12691
1211 12320 645
1762 9051 13780
10619 3064 8438
3781 10993 1930
12645 6103 12113
13382 8096 7108
3901 14479 15168
18377 9697 12151
5073 12081 7127
11878 8008 10362
10059 9491 4316
16220 12255 4584
16399 18729 5276
257 7172 800
8805 10123 10306
63 16570 795
11828 12891 19189
13475 19693 14055
5231 16058 9191
15849 8203 18331
3414 10393 18996
16981 6977 9863
7437 11547 12684
12038 7080 8819
13230 9512 18888
13139 16673 16622
5466 8955 1045
9310 11361 12104
16773 12441 6006
16926 19671 5691
16787 16109 11358
7410 12537 7623
16698 2342 6886
6080 5442 17500
34 15284 13328
2098 15033 4042
5614 3053 2517
12932 15952 516
19765 17386 1431
5426 14822 10673
2254 1271 10376
6800 8181 2683
5944 846 19313
17045 1563 19656
12567 13156 13147
14733 7344 18191
17000 10012 19920
11320 12113 4163
2524 6689 15545
19594 17487 9448
8084 11864 19674
13780 18055 8332
6881 19916 10374
10401 6059 2026
6170 8072 14193
13609 16807 9858
8053 6870 18121
10951 9348 7483
16843 12283 10066
5192 2953 12429
17389 13775 6301
14527 13596 11875
4859 15481 11457
9948 384 4179
1518 587 16275
5938 2751 19481
16586 6956 12189
7515 7912 8870
15364 879 14748
1868 17373 642
11745 3061 7931
5355 13406 4908
8727 8652 614
2013 9553 9363
10447 14837 12193
3600 15567 16195
10631 2107 11057
8311 10727 10263
11755 6207 1614
12577 4869 19837
14942 2218 6395
19602 15489 5440
12254 16014 1949
9396 3046 13233
5032 14450 10697
4605 18859 5930
17366 877 8886
13301 7440 14893
732 8575 13540
8149 13572 13543
18439 5835 8845
9704 12187 1388
18644 17753 15486
13659 12203 7063
315 8619 9406
1276 19969 152
8737 1763 4862
3118 11461 15351
13454 4151 8300
1851 19942 709
5548 3957 1981
19618 5178 7394
16085 12067 12958
3657 13305 15433
4948 12858 15271
15885 8359 2671
13234 15788 18956
13505 17283 14819
9100 5064 10364
19659 1544 17622
8268 18964 8474
9014 13377 6181
2215 5649 14482
4363 5553 12710
11245 11239 17962
7281 10015 658
7339 3418 13314
14016 15341 19086
4223 6317 7099
14677 19766 3695
9790 12560 16214
14569 2620 12806
8581 14598 4032
7404 17194 15082
13363 7988 9047
3597 19432 15435
4768 6665 641
3908 510 14227
3176 4323 16683
8414 18651 13871
7165 15715 2022
9904 11983 8048
9664 13493 509
12178 7555 6665
15509 19983 12659
17317 418 18970
9636 10551 10930
8360 9557 5565
17914 7284 2284
11122 16571 18333
14484 16147 19405
3677 15832 17473
12672 4266 11661
13635 17348 2739
2845 4972 7432
5088 8229 11328
6852 1474 1028
3035 13423 5129
2408 9187 8327
11795 5873 9647
9674 19528 9012
15302 17130 1366
18818 10544 17658
12471 7663 12894
3998 16923 5507
11611 14341 6630
12521 19609 14552
13434 12893 13537
2999 5018 12481
4208 1807 14255
5682 6093 15794
12341 19520 324
3805 506 2542
13371 18499 304
19845 19817 4440
18126 15747 6933
907 6456 6852
345 14161 10767
5442 11178 15250
2686 17192 3136
634 19231 13588
14963 14767 13345
9482 4988 4827
4645 1369 19296
14853 9880 3852
5609 2349 6546
11397 5904 608
19069 19177 12677
13220 18552 6641
10100 7716 11495
15311 1343 2192
15213 3166 4500
3452 11895 4276
4698 16553 17950
3003 1569 3346
17188 18242 776
10937 11444 14060
1616 7914 12086
16852 17145 3552
1728 14133 2898
12975 1251 6408
17246 15731 350
4624 11210 15099
12632 1661 5647
7405 6289 1253
66 10912 9281
13670 13975 11254
16155 4731 17851
12783 15035 8229
3643 310 1472
6337 1131 4079
7047 61 12273
10567 10112 6847
4922 18140 11673
1033 15397 7538
10217 19829 12402
1888 19125 18457
759 12088 14109
17125 270 10437
14792 16472 7493
19616 3998 15722
14019 8195 2244
18419 1194 4534
564 8397 4049
9482 14183 9808
7729 10334 13244
4262 10254 10806
9887 619 11873
6211 2927 8596
8690 17004 4898
17842 16922 7597
18923 1659 13756
11809 8141 17681
13300 2747 3811
6028 12654 8985
1427 6250 17082
18410 8335 17284
13722 14535 18265
9101 976 17022
2734 4004 7124
19898 3390 16311
6913 15077 4127
2617 17536 16990
5214 7078 13333
18499 19454 8601
11555 10680 1473
297 459 12389
9445 3315 15471
15132 16331 16958
17748 4097 13295
4662 15991 1254
19727 7654 17724
4249 10739 10754
7362 223 14551
996 9871 4272
6120 12785 15244
3662 9018 11739
6529 7586 664
1985 14402 9891
11723 3435 1513
2300 5612 16963
12655 4812 18847
14245 17651 11181
12700 11700 9385
15973 8535 395
15655 19499 6461
7970 2528 4061
15679 11030 13582
18420 16657 15768
1436 18433 2288
18513 3928 8642
6736 10847 17818
16162 8405 7371
8156 12606 19605
19652 10562 2098
3495 4569 4329
18682 5761 7489
4154 8390 3949
15250 2251 10440
17150 9185 7490
2396 2228 10055
8610 10263 13808
10840 8059 2105
4408 14247 8508
2595 11112 5498
18115 2616 15840
17243 14959 12913
3048 304 8363
1867 18891 7579
19214 13775 9790
17212 2208 9981
9435 17032 2352
1886 10738 11770
5525 12965 564
7037 19002 14221
12531 6856 19295
4570 18149 12718
1306 17952 435
13814 19766 17308
15238 15577 10163
10695 107 7118
4015 7541 5487
7522 14766 1386
19041 4958 16250
17064 12142 9975
11314 17281 2449
13922 3067 4192
9572 19166 10049
3732 10186 19618
19762 19453 14628
8640 10013 14542
5810 15109 7609
10990 16162 8880
17643 16942 5746
4124 7055 6917
3442 3847 8491
10 11 12
9007 77 5237
16149 18283 8689
13065 9362 16072
11671 1316 1303
12782 18425 15848
6476 5335 10988
10557 7957 5350
16646 8012 9150
11 12 13
221 5814 11844
15365 5065 11102
1655 18265 1144
16057 8501 1351
13705 18864 11388
18517 9323 11596
13464 19756 3504
8712 16024 12336
4822 4763 17092
10201 1301 7357
19661 239 10638
15938 6906 18792
6606 5885 14204
1555 5539 4583
13061 15013 459
17248 458 3973
12667 18230 11968
16101 1064 4387
17023 8274 3670
6315 16415 461
1566 13596 6845
18530 1302 10780
14763 13511 16965
17933 14207 17917
13286 18212 10359
3708 3490 4417
5319 15958 2297
3112 2206 8544
15452 17573 18850
2164 6526 13796
8686 14485 2840
5118 11258 13528
6311 16345 5137
1331 9849 6478
5765 2563 8710
13704 2823 15047
7208 18477 5533
3989 12684 5373
1951 5637 17780
17133 5754 18695
6120 14673 1735
6918 16689 19560
1189 16511 9477
222 14822 13869
1027 4751 3408
1165 3092 5092
7652 19025 11371
3432 902 5283
14840 15686 17643
19192 16458 10184
3832 17555 19108
17549 17399 17664
13857 18496 1212
7131 2500 8371
15484 10381 18524
18252 16795 9557
1415 8580 13555
14709 12800 5205
4598 11469 7626
17942 391 7833
2377 17419 10257
17593 9966 18831
9840 10169 18749
217 14015 17621
14884 5112 18346
111 3430 16365
12 13 13
2276 13952 18358
17941 3294 16946
12124 12261 5322
631 14907 6563
19303 11167 11577
1386 14830 15590
14191 10838 12753
5629 11193 8320
12256 15699 5191
13 14 15
4112 1025 14332
19509 911 8812
1777 8343 3724
3972 5602 5451
6370 10677 5238
6786 11743 16836
7521 13494 8153
12621 2050 16712
1210 8754 1891
8986 4757 12107
5221 16280 4
5860 6986 10920
3473 19765 13621
6665 11696 5895
9362 7610 1558
3063 16034 6877
12918 15516 3503
1611 12123 9602
577 9876 5972
16635 1453 14454
1101 17758 2273
10152 6346 17089
18773 2993 8742
7856 6327 1001
4600 14192 19614
3322 16922 17771
271 10650 8594
17101 13327 18019
10806 1355 15303
17843 8553 7708
4563 2577 1491
18121 16708 9006
15480 15267 13791
15777 18181 3550
10457 10802 3950
7550 17950 6169
235 19886 12212
12650 6046 7825
8609 7075 2581
4652 7059 11903
3736 3213 12434
17022 10303 12107
19492 14743 6331
16617 7548 13332
18090 18663 12080
1028 17060 9198
14928 11642 17068
19583 16827 14765
10195 2539 16019
1287 7430 7650
1748 10537 1340
14527 19552 4369
19474 3298 2806
8778 16604 10367
1062 3371 4277
13671 19322 9082
10419 14880 8577
17556 16455 12209
10505 5721 1555
90 13437 4992
12037 18115 5828
1880 13153 8428
3468 4482 19735
13523 13882 17736
6449 16596 1082
3030 18116 12850
19047 19618 5912
11611 13220 7938
16090 3856 9674
18329 19777 13412
15467 7622 9913
5892 17016 8976
7427 19411 14524
8829 7989 17816
19256 18099 17325
6243 11815 17118
15916 15886 9302
18913 15877 6097
5048 11685 3633
7912 2092 10355
7031 8547 12562
11283 18650 69
3240 1323 1202
18715 4793 280
11304 13151 4449
17037 11694 14929
114 15954 11243
10625 17595 13828
8074 7941 12357
7425 15678 16844
9423 9625 14031
15600 262 10075
17990 11976 13666
3418 14253 5564
14444 2945 16991
1881 14493 18014
4716 13425 4314
8334 13800 2292
6679 2396 6671
7792 18168 17176
17929 8805 11039
15528 3820 18299
2213 11695 13021
2330 13222 14850
11284 13316 19099
18896 1474 1382
8415 10900 878
3724 13587 6062
11476 13036 7305
10366 7417 7367
3176 15784 7460
10712 12008 16128
6061 8234 2772
9799 16457 11133
3556 10128 614
2617 2767 15565
13532 10981 17611
1602 19870 5661
2333 16458 6319
4662 17946 4215
18162 2506 1731
6948 13177 1433
5398 10482 8710
10026 10512 10384
3472 10222 18920
384 1910 16154
13447 6217 7255
1037 17029 975
14385 11196 19915
4708 6244 9514
9764 2735 11321
14862 464 17076
7280 1432 6840
6019 9289 19395
2365 6654 10408
11290 3153 9597
16480 18104 1353
14368 16818 11086
14000 10850 5371
11960 9742 11767
781 13157 13103
19687 5605 11041
9158 9063 14662
16905 1113 7376
19625 11439 15209
6038 770 6056
555 6342 5190
18077 6594 12451
17967 7113 435
9254 17661 18871
16853 13067 11053
13336 4830 15924
12771 2453 17517
8547 18133 16173
11500 14728 8956
16326 13541 12580
17990 12175 12735
14 15 15
17006 5458 11821
15164 133 13872
6373 4738 10697
4732 4897 4042
9463 3327 10571
14908 9449 2717
6453 12851 8498
1957 7506 19520
17183 12096 5039
4403 11825 5827
619 15894 7642
2834 17562 4328
15 16 16
18045 19446 16069
16245 7045 3620
4899 8281 7448
19531 15330 3064
9988 962 8901
1123 5078 13403
14091 19043 15621
7008 16986 1686
13302 846 3822
18308 7097 18783
17615 1380 5601
13279 17620 19403
5316 1991 12865
17245 6004 7802
19634 7074 6659
19706 14579 8283
10345 11158 698
16208 10584 12597
810 16776 14531
8540 9333 1714
17976 1917 16076
14942 14319 2554
5421 4530 1459
4960 10766 14528
2612 23 4815
19373 2185 18785
14713 6637 7326
15943 19770 19304
5572 9179 10794
1173 5296 12292
13014 17898 10378
2090 15239 17151
16125 18715 16234
10919 7678 14194
18214 9176 4042
16596 3218 6370
17738 11656 2445
1145 13868 19113
17364 16749 4977
264 3309 14832
14102 17763 15233
17572 11454 5519
16631 698 19350
14313 11783 19325
16074 9491 18772
15842 6399 13827
2176 3353 16913
4026 5123 10407
1803 11701 12883
15558 16313 12425
1227 10875 18744
14377 257 7138
9197 10444 19200
8898 17865 5838
4935 14794 18203
3867 1847 6682
3223 17707 3297
6777 2475 2752
9692 17579 16399
4108 17747 19433
3538 239 15983
7428 10418 3122
9028 4676 6886
14960 9797 10863
10718 19011 8784
4787 14592 87
19063 423 11894
7810 12005 11279
811 13388 12755
7266 11832 6107
7001 5870 2959
9355 15710 1587
13002 6723 2293
6995 6086 16957
5064 962 6466
9983 3569 3625
8519 13470 305
8852 14067 13108
12628 2059 3967
5332 9985 5360
11701 6468 13854
468 3012 9895
7749 3944 2956
6744 9155 15354
18512 12829 14724
10 15177 19718
16815 4631 17250
18285 8637 6374
19592 8336 1633
9393 1974 19916
17295 11847 7917
28 12294 1009
12459 19794 8816
17423 3006 11269
4750 7275 13295
3807 3686 11397
10048 19562 12055
9023 18554 7436
9590 11416 5647
15495 13568 18682
18416 8394 17232
6075 13146 10570
4531 11035 18108
15817 7778 17065
1921 17857 6577
3938 17346 15570
6726 19572 5039
6073 6344 17147
12359 10973 10620
1356 11626 5376
4647 982 6473
14790 12936 6701
288 16821 10193
17180 868 15541
9530 8717 16295
10814 19793 9870
14556 15732 6209
13203 5022 7903
5261 87 16090
9798 885 12162
15675 2091 10217
15894 8585 15533
3800 3567 418
14645 13207 15772
6903 9744 11736
6135 2905 13697
19389 4487 15199
13691 16313 9341
16933 17042 2987
3510 1500 7841
4357 5193 15432
15680 91 16564
9102 17379 7221
11465 8986 19507
14018 16364 397
11697 16851 7115
5127 15314 1718
9644 7914 2837
9810 14501 8675
5782 10214 544
745 13502 14581
12962 15655 18292
4016 12932 6831
16 17 18
13406 12460 5548
14999 14368 10702
862 11114 13671
15017 6523 11199
5466 10055 1606
10223 6961 6619
4915 6901 10197
12501 16211 11991
18234 6076 6977
7494 17373 8050
19614 1647 11508
14023 3269 14736
8303 12616 9112
4856 4955 13678
1056 13323 1331
9476 12820 15030
11541 15492 8039
16311 5180 16518
5266 16618 7553
7544 3687 10471
4633 11333 15893
1406 3101 8690
16531 19297 14601
15324 1633 14892
1146 13978 12760
1417 15374 17713
5520 8017 8443
9194 14767 2209
14495 6765 6736
5607 18396 3115
7161 1159 12427
4597 1415 16006
3904 11242 10638
19545 8721 1734
15129 19189 19517
962 4738 14158
14881 17807 13740
6975 4093 14250
4500 5702 4439
11630 17883 16195
898 10352 8530
12341 19779 12070
6914 4418 18625
4226 12538 18394
3655 5904 3712
5900 3563 17661
11569 4398 4276
523 16708 14172
494 6739 7770
1455 11036 17496
1727 3915 12951
8652 8887 14862
11332 11739 10129
12777 13413 11637
18173 14388 15360
16887 3797 7057
18906 7341 16997
12410 12362 5438
908 6305 3648
14357 14231 6975
9157 7932 2980
2310 11488 19378
4620 9078 17028
6872 19144 12505
9428 19680 14774
406 7034 9322
8449 2043 9320
12233 15562 19802
14965 2595 5811
14715 11052 14938
18962 728 14103
4639 16506 17357
13183 17495 2763
1119 17828 6716
17045 4799 9372
16614 19514 19407
8981 10166 13805
16377 13197 15749
17172 18943 16475
4012 18563 8419
9933 2493 9555
1031 19783 14703
15159 17993 2758
237 5695 18407
16189 15359 13940
14923 17428 14182
9615 13896 17310
8777 14116 16089
8873 4599 11805
9241 12454 1947
15533 49 3008
3194 1070 4947
8702 4865 4700
1659 1238 17944
18875 8102 9523
3760 3107 10365
5877 10621 7736
10889 9172 2136
15183 9439 5091
3427 11471 1752
9192 8949 4069
12710 4614 4624
8682 18874 1232
10129 17802 744
9017 17334 18098
5998 7532 9155
5971 17370 3753
2220 13566 1518
9817 12279 4097
9551 7786 13223
14432 4024 4168
15256 14747 10501
4127 7599 4236
10445 16816 841
3114 15132 654
9366 4454 2023
7636 7832 15352
13738 3646 11091
7595 6108 4576
19891 1862 8270
6376 8493 10748
16855 11680 3456
13710 17578 1310
13906 11626 5466
19295 18332 13483
3897 17381 440
17195 8473 9814
9500 18051 7654
10870 16036 10761
13666 7866 6624
11329 19219 1055
10833 19869 13227
1317 19275 11849
16432 2478 12209
11503 4664 9616
15866 18543 17300
12472 18993 7786
2957 17358 10482
10419 15175 6242
2418 2698 11142
16958 18372 12631
19925 16584 8266
13005 11746 15451
5671 13492 9511
18463 10052 17382
13461 13629 11334
8709 16303 12706
10876 13740 2351
268 15078 7539
13365 16651 17695
8161 12631 464
8535 15714 6733
12599 17589 3638
13072 14706 17663
6116 3114 14763
6116 5368 2235
391 18029 16703
3697 17207 4644
7265 3360 2616
7510 19073 10254
8235 9443 15424
10888 13476 19427
13131 13026 10798
19639 381 16079
19719 18362 2225
13299 16443 16001
17 18 18
12268 13369 7730
4003 13634 9661
3615 6986 13497
2002 18887 18849
10161 3800 5551
6182 16079 19530
9001 14488 19057
15454 12795 18895
8149 11391 17881
1296 10127 5905
17895 7352 3959
5143 15238 11000
14777 10476 16640
6774 4887 3351
4468 10899 4650
15397 17161 9787
10016 9375 16530
7006 17092 11700
15355 16698 15715
2233 18310 5505
9120 11609 4089
13394 2095 12509
15148 17445 6095
7140 19857 12455
12252 2262 16428
190 15410 8171
11631 14602 14170
810 11837 10942
1735 9906 3212
2732 4098 7354
9954 1975 9283
13795 10151 7978
18663 12968 10597
3264 967 5754
3479 4819 15054
4782 7550 18867
7509 11345 9090
13544 4643 16620
1209 4759 5696
4059 18016 12013
12230 13412 13293
3755 12435 18072
6153 17710 4630
19154 17768 16579
6156 7335 19012
9638 9298 18169
7980 13528 2314
1532 15680 10134
18472 13521 3649
19096 11575 1422
12541 7594 2397
1628 19686 7967
13983 15638 18099
19073 2241 7174
18 19 20
17509 676 16829
5305 16482 14010
9703 4657 6976
3226 10162 17011
17255 13159 11327
67 3751 9626
9673 13657 6417
8764 12332 11248
18301 760 2447
2384 4869 19108
19491 13329 2407
9777 4596 19391
16259 19741 10188
19008 2239 19224
10303 13244 15613
9852 392 15378
10115 1926 13924
3685 17223 12752
12188 14584 18665
10631 7757 18523
5700 16789 17875
4600 1950 10085
12020 7625 11014
6916 4865 12457
19645 16373 3997
1814 13144 13532
6350 14228 10511
7297 18254 3747
14467 1326 5768
10572 15994 8149
18307 78 14711
10034 9840 7583
787 6311 8509
3405 15117 10142
12532 4830 19201
14847 12875 8512
3118 981 302
2408 16017 17284
4151 7906 14634
6009 19485 5268
11057 14061 12755
6417 349 7638
3873 4435 1968
18531 18414 9446
16140 4701 16698
1069 18441 11308
8158 16594 14214
6097 7307 3948
11279 2139 5024
16111 11529 13207
4204 13888 7395
11345 5521 15503
3616 7187 4700
7728 6408 15249
14050 16694 18643
9093 9342 7668
3410 7291 13045
9719 4390 19653
17328 7463 18867
9737 17302 1384
11155 3643 4641
16960 19054 13333
2658 3007 18514
19812 10780 5053
13828 3492 15421
13414 8318 1499
6977 4142 11003
2604 4240 2684
16067 7678 17698
6724 5354 4183
14684 4903 267
15809 13302 2007
6193 423 6247
14214 17444 17601
9031 9645 6817
2460 1219 12737
8844 518 17632
14530 13551 12532
13189 16567 12516
16673 16948 17396
19783 17468 11077
15284 18782 18806
19046 5430 4645
14702 19316 10367
6253 18121 2297
6261 14651 4197
5165 18654 788
7844 16335 9699
19522 2159 19641
2806 5164 1321
18805 17128 6318
18079 8351 7245
10479 13053 8520
363 14856 13433
5866 988 8112
13920 18115 13027
5834 10466 8465
2768 1638 18822
13226 8529 7640
1037 18625 13557
4738 1597 17684
1123 2274 5878
16864 3359 14182
7121 4062 16967
10634 6303 6884
8053 6294 19302
19139 6575 13432
4500 13179 9132
7001 10666 18014
19177 7171 4456
1857 7928 9324
8388 16394 14635
12704 18481 15181
8778 1224 8463
18152 7774 6058
7890 5752 6462
8063 19198 1315
19 20 20
8120 3628 17225
9094 8023 13610
16616 7249 14875
16979 10267 10332
2267 9443 10449
4752 4207 13709
9888 3921 3723
1298 15376 10196
4714 17277 11558
3070 2504 18857
13677 17838 17692
11064 9606 6531
17045 11284 9370
16631 11410 11844
5425 19122 15872
12957 6669 1807
19007 576 9825
14205 9409 13642
14931 4677 2046
16320 4100 19838
12877 5647 15689
14040 637 746
6484 16171 1658
17606 3779 8095
13078 2854 490
3930 972 2157
5217 1831 2464
19731 14608 14666
14686 10482 766
8839 9457 11432
5097 14849 19078
72 17109 1805
10585 12260 5522
8205 16235 12860
12105 8251 4047
4909 19911 10449
611 12095 4604
8328 16246 3168
7747 4386 10849
1179 6345 4803
34 8445 18123
2497 6376 12855
5103 16240 11607
12893 11687 4980
9464 15839 6166
9904 13290 3419
15960 12463 18288
4273 8315 14650
14435 13258 5008
4376 447 13373
5692 9795 10114
17163 13088 542
5292 9655 12939
4852 12800 8566
2451 10842 12150
14758 12780 9747
15091 15932 5096
11688 10696 6679
8967 15119 19503
13110 16477 14252
10001 7420 12281
8474 19728 15552
15454 2036 19359
10239 7288 3736
6061 10532 15932
8812 18179 5740
4917 3421 3488
83 6962 13285
15161 13639 14402
1435 12884 18997
9194 12440 19316
17828 10296 13872
14792 8887 1922
11801 8718 10921
6374 9839 12912
16963 11559 3793
12032 1526 3847
2563 1399 2434
4915 7364 8677
10742 2556 14014
9442 15178 6514
13591 16292 21
15340 4328 7774
13153 12920 9290
16494 5878 3127
10283 7301 7352
903 1945 13331
12410 14748 208
12108 14554 8328
5573 11244 6456
8981 2289 7133
11945 6844 10731
11026 18852 9426
14631 7562 11764
16390 9415 2013
6605 15365 14959
6667 6667 13333
13321 12004 1170
13766 28 19510
12993 16911 17780
9016 18470 15046
6636 15008 9773
15744 1000 230
17854 16714 19966
2825 12414 7752
10636 3113 6249
6890 1679 17865
9793 17531 19680
16996 6830 5699
3459 5675 8546
2051 4555 608
16635 2410 10087
14780 19032 93
11738 19684 17549
12660 19156 15799
18113 12314 6288
11897 8194 9849
19441 19309 15901
18713 3430 5179
3805 13624 5401
6671 3356 6664
10530 10552 18312
13646 13245 3253
17097 14035 2248
14727 10418 16875
2000 14210 3994
7749 181 5618
1575 17746 4604
16529 10843 13107
14007 16712 9217
14972 8594 163
7545 10893 8702
5126 5027 13001
6264 2659 9863
1774 7324 1114
329 11399 18915
1962 1633 10996
7388 17716 19174
13734 19681 3493
161 7177 2587
17843 4000 1152
20 21 22
19113 15666 2484
12524 12197 2632
12842 10290 8234
714 1500 5315
5612 12623 14725
18504 84 7007
5509 17666 6663
17122 1055 6931
6544 14208 7736
19457 2923 19525
14653 1935 12781
9147 17752 10058
13557 13094 10270
1084 1693 561
6527 17557 329
12714 13215 250
18410 11713 14878
17803 2930 1701
3982 8611 16644
5132 2206 7549
7832 10872 3818
6768 10018 1676
16780 10901 624
10151 10909 10786
6626 19706 9235
11593 15164 7405
2387 11194 713
5186 17275 14644
4537 7866 17937
21 22 22
6182 15764 3457
7785 12552 8854
13147 12899 14446
6095 2819 8052
4338 14034 462
9624 17471 444
13154 15840 1851
19279 3337 7449
16317 6539 16783
19344 17904 18000
5561 19947 7676
989 6430 1519
6302 16545 14787
3718 11397 10824
8383 14732 14185
4182 10955 17656
1582 19829 6176
4868 11841 15968
22 23 23
4968 5876 8835
5475 15614 4588
8290 4284 13602
16053 10121 2241
12111 10975 3570
10954 7522 4700
16952 5553 12210
1222 3566 10484
11793 17553 4954
1303 536 17935
11399 14926 15382
16453 19216 19043
7531 951 15834
12691 5413 4443
14143 988 5381
1604 9131 6670
4755 5849 13015
16522 5226 695
7273 10675 3050
10198 15376 18240
6950 7070 19811
13676 15129 6085
6602 4762 17709
789 5431 7980
15465 3932 5556
2494 1465 11492
7271 15890 19282
789 11292 18061
2940 2786 1207
16087 11973 443
6496 8662 11365
5845 15079 4203
1845 12033 13939
3844 3720 1351
11925 543 17883
16440 17585 14014
3773 13676 18932
3384 1006 5205
7350 17529 13392
12059 12076 2681
1327 11943 7252
19555 638 215
2398 14313 18285
9088 17397 16665
1212 2447 14021
3040 8673 9525
17920 17391 9688
17272 16611 240
13675 8024 19189
3265 5541 4001
16972 4298 15123
10783 17957 14757
19068 12495 3534
11652 6210 2281
5804 7990 1835
1111 16931 14525
2880 15224 4406
1905 8479 5790
14065 5464 6015
480 13619 8874
13342 11440 17137
3472 1206 12197
5851 12549 17723
2491 15791 6409
8631 11439 18829
12327 6186 16171
3840 16728 1684
5685 13789 8132
1407 12856 1508
3576 3703 13662
11716 4252 89
11803 13390 12395
2197 15263 1475
5926 16444 9018
17161 15770 6163
5316 4638 7551
5536 16009 18963
16083 12343 1138
16754 13929 7516
17752 1345 7814
13396 8584 3832
845 18279 15585
1924 11412 4836
114 17117 15069
2483 4333 9909
11109 1757 6582
19863 13994 7701
12203 18198 13600
23 24 24
6156 2907 7580
11777 2547 9036
16367 2728 2902
13236 6160 19177
9254 4183 14136
13432 11340 15914
17636 13615 18630
13511 236 17187
16258 7138 7322
11208 9170 19556
5150 884 9076
3122 13659 4311
6747 4876 19112
15926 16619 10357
8998 6665 4340
16291 11131 18455
24 25 25
15198 14532 11826
1530 17050 15660
6473 2577 1625
556 1074 348
7882 5186 11222
10559 18522 6213
3990 11356 10063
12591 3231 8590
13400 9858 14448
5590 4464 14345
4442 18701 10614
14385 15648 17334
1802 16973 12868
9907 2581 4061
11193 19128 8120
14747 4584 5748
12733 921 16397
4763 15253 2537
666 5211 4046
17309 7285 18843
6173 11393 8602
2834 18726 5945
10604 9909 6239
13965 399 17221
4185 1373 17907
10974 9033 9260
13742 7735 11923
14305 6227 4478
1947 6543 11412
12007 4817 16785
19094 7601 16963
16837 17336 9058
11802 17706 19618
9561 4615 3576
14928 287 15244
15427 13594 2997
10312 1371 2839
4694 4900 8999
576 12307 7971
5169 4889 9741
18761 7079 2820
1798 18778 15553
3909 11974 1602
1077 19828 12087
3983 14354 12020
16725 15677 13293
14112 5698 16127
6736 1753 12695
1751 1349 10946
12653 14032 17429
2356 6420 19706
15149 5959 18139
18293 12689 7564
1980 10830 16302
11871 15393 6291
11075 2120 8520
11788 15828 11110
17539 177 11104
12953 12678 1931
3266 19729 7756
6050 14251 3504
3661 15673 1497
1954 2366 12468
5213 7515 13293
10698 2291 10026
1672 2055 2021
853 534 1584
18981 17170 17669
16224 16455 19118
1117 16168 13733
827 16349 7212
11263 14383 9760
19587 8611 1457
18302 77 5803
18441 11893 18220
14255 13920 18629
12412 10154 15307
11190 3959 19199
5000 17105 3422
7948 2085 6388
8527 8602 18739
3527 2096 5123
8725 8230 520
16823 19342 19616
14007 15375 7417
6287 4491 5548
12098 1132 5507
16957 12995 10274
12613 17587 10407
13083 15193 1746
12383 16297 16188
5016 8570 13280
4983 10818 1147
15946 12113 14597
1384 18720 6920
1820 13511 2493
10229 10996 11775
17703 19175 17921
16485 3607 2134
16870 18340 13167
2020 1145 2423
14718 4128 7314
11656 8341 1599
4520 13960 15199
13847 7760 15045
15245 19227 1848
18874 15437 19740
5442 1204 217
4931 7543 16497
25 26 27
2848 18910 4079
401 14477 15250
12313 11068 1279
3314 1183 7142
15825 13936 988
6831 7502 5174
6706 4161 3538
6947 18521 17884
2303 10606 18027
19402 271 11716
13242 5270 490
8150 8846 9490
14266 1931 15705
7305 10781 19966
9155 5000 15029
1794 2433 16576
11770 3046 8384
18885 13514 8320
17248 16250 14893
2477 5036 11625
18658 10519 18807
9000 6373 4755
4992 321 19637
14579 15524 852
1174 6052 12133
15311 18787 6091
2060 16604 17662
1468 9123 1071
19199 6477 15622
12426 15089 5385
19853 18310 11293
2026 11772 17092
6853 18207 12068
18297 18021 13783
11564 5080 8841
4052 18396 15330
13038 7094 5604
4124 700 10557
11340 11278 2323
6072 3948 17853
19573 16575 8706
12597 693 2322
4912 13239 16106
4252 13280 7098
18972 10998 9531
2271 1946 4155
16729 13456 7527
19922 18073 16906
19955 18783 12013
16659 7107 9884
7896 6054 4319
14005 15891 10070
16915 18828 15082
3493 6283 6352
11346 13725 16570
9234 9476 9676
11775 19700 5943
7725 8253 12936
7106 9545 14989
4050 678 13861
7796 6017 9357
17368 11171 3707
17032 15607 16007
19227 125 10961
3372 19656 6270
17197 9382 8109
19023 2688 19168
16081 19926 4980
11964 17037 3918
19682 17948 17830
1193 1481 15893
3606 3527 6695
11756 5991 13946
4077 4713 15857
19191 419 5718
15333 18825 5895
2236 18789 19553
17663 5548 19213
10612 3427 8622
11036 14895 1064
7295 9401 11726
2140 8303 10255
2539 13640 11986
9893 9985 3559
1643 19025 10495
14544 8112 14132
488 18493 8885
15584 3893 2901
14863 1343 5532
9230 5037 8840
7755 16990 7558
19399 945 16607
18635 13796 9132
17880 1108 293
7512 18246 9584
2495 18164 17393
13540 1897 9528
3779 793 1054
3947 9524 85
3754 19234 6798
5776 9585 4534
6019 17917 9975
17084 19698 15008
10039 16774 18559
5362 12892 2618
18552 15445 5637
6550 9262 843
2734 7402 8347
17240 9476 3811
13911 10155 11234
6691 14171 13919
5681 12882 13636
4999 10319 18128
6715 17341 7007
390 4821 13019
1665 15502 17017
7908 19632 14276
10532 10221 10391
6513 19970 7365
18614 5670 10220
16070 1799 15329
26 27 27
1282 9792 11806
27 28 28
15326 6940 8352
12232 14811 2993
11657 2414 1465
8303 3743 4293
17062 18068 6449
10844 13577 18183
7410 11232 2153
19756 6835 5994
5997 221 4397
3280 182 19033
16676 455 1439
14724 10268 11160
3838 17409 15730
11618 16336 10271
9335 19462 5766
11969 4953 5164
15841 11086 8546
9843 16115 13818
650 1608 6041
659 16190 1461
3854 5430 14219
18507 9598 536
13404 16508 15795
13366 57 14311
16602 16309 12166
5078 8882 18677
12344 297 16953
14085 6147 11164
17777 2722 13408
4688 5570 15627
4273 19861 2551
12328 8339 19327
9349 8857 5626
15066 16715 3332
19359 10520 7448
14342 17185 16424
2007 12962 2022
7980 13485 3582
19834 17504 16452
18431 4106 2301
1925 18607 11888
2817 11431 11346
17566 15824 18811
11576 5378 4955
13715 7362 11640
3667 3797 9021
15819 1333 7613
4745 3124 18380
14991 8814 3332
12059 1777 3902
3939 17515 14123
6063 17266 2836
13726 1676 555
11740 712 4212
14603 6970 14377
10839 12802 2506
14889 15788 9357
19722 13126 10028
4114 10549 10738
3340 17976 17594
13065 19038 15595
3109 6712 4443
2281 17905 15751
15575 10178 17022
12533 18533 2676
1482 9661 6469
7021 2052 4545
7739 19859 6068
1812 4016 5264
10161 4006 12043
1940 5751 12601
7834 17109 1955
661 12374 19366
18861 15797 12509
12135 3533 14387
7095 2961 8787
18616 12530 17243
7357 15789 17214
14770 13470 8772
13707 19117 3599
2989 10765 17975
2326 1722 251
16628 8095 7011
846 259 745
16773 15297 14898
14792 19768 14237
11087 3706 16910
14115 13095 19344
1607 18526 11666
15330 4205 7840
9724 4568 11210
13966 2366 5954
16894 18288 14197
2681 10434 4995
2488 14222 19393
19498 19641 3179
17049 3785 12369
17898 8855 5601
17352 13869 19167
9305 2606 15251
1823 6552 3898
3007 12513 6524
10172 14715 2570
4870 3106 7408
2660 451 2963
11227 13677 7084
6176 5873 6111
729 8781 19963
5811 11311 9672
18179 5559 5278
4790 636 7361
16471 7958 2986
17751 480 4925
28 29 29
174 6821 13323
2532 11392 1906
9274 9829 17924
700 19453 6188
15565 19740 2970
978 409 13417
4183 6363 15135
1256 12955 19198
13361 7546 8453
18852 3056 10836
3081 12504 3840
8689 2085 4838
3338 6545 13903
17335 13313 11165
2173 12511 8228
11244 18505 792
18516 12111 3745
4486 19612 6955
10764 14214 17065
4005 15279 6274
7893 4811 19324
19436 571 19099
4399 296 2437
19380 19338 12265
18810 2867 1605
4844 18719 6188
7191 8839 773
2159 19329 14821
17397 11365 8378
7439 16608 18074
10647 4663 2889
4642 6673 5644
13467 19115 11477
7233 7465 11763
5470 4275 10987
6170 15880 13329
18775 8916 9341
7747 17893 3570
4840 13018 14405
1303 12830 9402
2815 12935 13178
19524 6165 4457
15049 19884 10980
3858 309 14911
8983 7717 7685
17115 6148 10564
2646 10852 1872
11616 3701 9700
8607 6650 5362
5283 19874 15089
17340 7903 4313
5589 516 14717
4283 14006 7708
5066 13498 3852
16672 7608 14561
18328 2236 15520
18025 1106 10082
8029 12277 15979
4063 4349 17399
10565 7362 14184
739 6679 12025
9656 18154 1654
9103 19183 9448
11980 13680 18560
6310 1082 11558
10334 18311 11208
3033 9341 155
8437 7546 4779
16750 18303 15215
6309 16292 1647
9114 16356 11548
10026 8823 184
19674 8241 16226
17712 1676 14426
12985 212 15661
19178 14974 15525
10727 9976 18991
13244 1131 7855
9500 7894 14516
4906 8534 11762
29 30 31
10984 4717 3188
2512 13073 3900
16722 8947 6500
4242 6162 13900
6318 325 5166
7533 12451 7958
18790 19900 8488
3817 14641 13138
17489 3660 4894
10422 10728 7301
18491 17372 18369
9506 5769 14605
13004 19135 8557
14201 8260 6140
3991 1332 1299
14277 1497 5521
5544 3360 19275
16844 9330 1397
11093 7879 14207
17651 14024 5966
16414 8797 3850
7860 12244 13671
11242 2360 18140
14336 14919 15605
6856 6276 4972
13028 15764 3462
4527 18617 11038
19526 2076 13205
14243 14367 18756
16439 14699 8372
14810 725 9815
586 12394 19157
10384 15210 594
14901 16860 3944
7191 9250 9912
11793 10441 14805
16749 4731 19023
13739 4646 9926
17141 8466 11344
1289 15332 15753
19339 6640 19556
12282 17806 13915
6260 1380 14893
57 4070 17048
4799 3609 6497
14200 7196 7862
2062 1181 3919
10017 5303 4228
16259 14952 10750
9305 4138 8865
10829 18541 9052
10485 10973 9707
14978 12947 12256
30 31 32
3245 4440 5000
9209 19654 2201
18845 8025 11823
19789 2040 7925
14489 1666 15046
5583 740 13940
6510 4177 9860
3099 19620 5044
16051 12676 2768
9914 8145 2174
2131 13710 1299
17176 9391 3838
11053 9877 3392
12775 8317 9171
18787 4228 8932
14598 3825 3501
11124 7698 690
2499 9347 15063
19025 7132 18921
4062 3798 271
15071 6841 19552
2581 4693 15384
1071 18061 5777
13773 14722 18783
11575 6937 14779
796 7716 18282
14825 11434 5957
103 10064 14757
6987 7549 16479
11523 7105 2524
19139 10679 5668
10109 18368 15766
19506 14634 1566
2434 16639 19268
1572 4098 16688
19066 17155 17665
2887 14948 9154
2208 2932 2893
13847 3267 676
7235 17022 1842
316 3078 12412
5825 7490 4580
16017 1069 2567
2820 7210 11472
15669 1720 16354
14960 19417 12318
10702 8227 5789
31 32 33
7744 1249 8918
11469 8825 8421
8033 9995 13080
17359 7203 3996
10517 19470 930
5701 8805 19025
5688 13525 454
14906 2416 1744
16951 6337 3000
1583 15228 19979
12256 15057 13570
5455 13006 17510
6666 4610 6806
1742 4532 18452
19334 2843 2279
2061 3063 17371
4669 4948 5369
4867 13775 3795
10161 9141 11575
3882 14806 14312
469 6051 14818
7610 12335 14187
1963 5031 14234
5914 11057 9004
7051 982 6238
18929 763 9604
1842 10232 11845
15678 4820 3392
2607 9850 5866
2047 8199 17291
75 4571 1306
14890 8349 16895
6556 16829 12462
17475 9119 12886
2293 4637 4568
12301 17934 13592
9852 17981 199
9842 4229 16546
1411 18265 13459
13438 2180 7138
9862 13831 6039
3734 14834 6186
13576 3429 18735
8908 3717 11782
1700 10813 544
15837 7579 14878
18861 3731 17321
11046 1686 3631
4499 2957 19743
5299 8880 15367
3230 640 1792
2603 5382 11332
6107 5114 7084
4236 19412 13503
3309 10404 14747
2892 3483 13932
12565 5805 1136
6371 14231 1650
4855 3967 9324
7163 1716 11115
9387 17975 16428
6517 4608 12572
7980 10835 11958
6989 16157 6579
1677 9523 15599
17803 12723 9605
9768 9543 10638
16875 448 10476
10950 1129 19484
14406 4283 19305
9967 17183 9024
452 14043 19264
1892 14969 11551
3066 15593 11136
18859 20000 13139
8712 3334 2991
32 33 33
17256 15088 17602
3180 4158 19697
5042 1095 884
6333 17790 2562
15648 19525 808
8796 1433 17784
3518 8064 3351
16158 11070 6213
2611 2492 10129
12411 1817 15405
3315 15305 3173
4218 2480 1233
18892 205 7012
1947 1607 19486
18109 13194 5949
17231 3569 17097
3455 15748 11078
6104 19564 6099
15564 19282 17714
2330 3202 9174
7881 15434 9540
427 12886 12587
2339 18221 826
9479 5765 12998
12008 1259 14683
12732 13330 9951
11596 7605 7178
8398 626 2342
7883 6880 1432
2664 11193 2415
11243 10461 15990
10627 8025 18154
14539 14405 12183
9440 3326 17431
13274 19230 9456
14466 4573 19885
4892 2550 11807
7593 13416 499
17934 989 10850
14184 9561 17070
10833 1678 3871
17744 4940 10753
3793 15523 11052
5883 15903 10386
16908 18816 174
2932 677 11167
2011 16393 2581
4155 10411 11913
16637 2891 10106
10686 16049 9664
18380 3828 2174
17945 4882 3981
15144 3225 15219
12232 4033 9240
8401 9456 5667
8912 18732 5445
6886 12550 5555
14488 5458 4180
14553 10034 14701
17219 6296 6028
3194 7492 12922
12450 7828 11384
6019 7001 12498
5424 3709 7403
13814 18974 15471
6934 6304 2786
17576 7647 16748
2011 16387 4979
5589 14523 19333
16043 7368 11231
19390 10456 17813
5657 7493 4682
11875 13498 2271
16408 16173 3821
18249 9675 18788
12172 14869 5133
18147 18202 4904
6288 19506 12387
15586 13595 12504
18824 7693 18737
12397 12122 7369
6256 10363 1142
15483 15784 2627
15034 11290 1744
15311 6745 2263
9701 15182 1091
5588 18789 17752
9093 15402 11604
6402 3322 17772
10885 12905 12456
8349 2291 2964
15705 1604 3092
11 8957 2269
19289 6258 14481
5039 11747 5588
19964 11496 3683
7602 132 405
10360 10384 12231
3653 5841 8524
15479 2261 19102
9768 11158 17354
11907 13063 864
19002 886 14365
16380 3403 11121
15295 3692 2380
12012 568 6920
9297 13071 8717
9353 10684 3827
5070 4388 18346
11642 7769 10811
14755 5575 17318
10622 18691 16560
1109 7883 3606
19157 11208 16918
17424 63 17179
3868 6140 18363
9421 15870 3491
13879 19777 12921
13044 10345 422
4683 9419 10472
9491 13843 1263
6226 18939 3937
16004 914 19713
1335 12309 4381
611 13980 999
3443 14003 2804
8375 17025 1513
11117 12474 1151
7174 16810 12261
11345 15690 888
7827 15129 5442
13203 2852 8677
12731 9659 16867
7217 10313 12497
8360 5286 18614
3564 15292 13220
2168 7954 7713
3755 15291 2398
6108 2688 5360
8008 8825 19762
10688 16718 16917
2036 13846 9614
18833 8970 356
9631 7337 14848
9161 8733 6459
13383 5531 6520
17113 8007 7841
7825 2002 4924
17796 19499 18894
751 361 7565
18754 18930 19304
3380 18095 741
5538 3229 3522
9880 2383 7802
12779 18749 4320
7723 18321 7411
2238 19000 12164
7757 2136 15156
18433 5735 15216
530 1359 13918
5525 14772 4083
12328 13131 13309
17495 11673 14079
6091 206 19444
17670 9734 4261
15656 9424 3430
11843 13550 19472
4145 15453 909
9569 13377 10236
1861 6583 4734
17167 5110 3314
781 15401 19495
3576 16197 4675
15186 2474 2272
1040 3066 18915
16531 15927 9563
4892 11973 14693
9621 435 4121
6295 17447 8249
2348 18804 19620
4261 19175 11652
4358 10509 12049
472 3944 6096
17322 3477 3243
18226 18360 3007
12873 16285 15522
17428 14208 5873
19234 9020 11619
9739 681 7599
10698 5334 15310
10768 258 13765
13795 10235 11685
14128 9664 7314
14154 3660 13511
17494 17516 9182
1146 10772 16437
19475 9857 10809
2872 8298 1659
16149 1907 10748
13225 7130 9070
33 34 34
13021 2784 9964
12805 15883 16323
13947 19870 17424
19692 2934 13700
3039 13483 9370
17018 1725 11607
11608 17372 12477
4688 719 5651
2196 6698 13076
14496 15338 8767
17099 10812 12901
1298 12728 10394
14906 5176 2162
14940 7969 140
4705 14341 19959
9840 546 9274
13958 5743 8611
5605 9530 4953
19259 17119 10632
11701 4671 12476
10487 1700 19015
1556 18244 19874
11379 9330 3908
3342 10979 11793
3260 922 7115
13526 983 16352
11773 19628 12906
5555 8017 13222
13790 19478 19365
19271 16642 11438
3259 16079 17830
12916 11150 2341
16427 16815 19877
13623 5 490
7361 12415 5246
8041 3453 220
16865 1736 16144
2537 4391 3985
16428 8961 7612
11597 14509 10694
18804 16064 9403
13749 10329 4544
7491 7367 5079
2256 19765 956
6327 14886 423
19156 16135 7340
14383 8649 11
1989 3580 19835
4714 15233 16343
9688 5635 11447
34 35 36
12403 12493 86
6449 5474 11132
10094 625 11206
3147 19252 10091
4157 12891 16298
7820 4889 185
18164 6256 3807
1972 3398 14886
6640 14318 16892
19630 7730 1607
18854 11288 16287
2520 9846 13424
14009 10610 19609
10761 18685 19258
9438 19549 2598
531 5734 11779
14503 6200 13195
16363 3851 16588
13721 1967 10755
18438 7435 18867
7702 10124 11472
3603 4990 18899
8525 11762 13214
5023 2769 9193
14485 1707 3344
1487 12415 3062
18580 1579 17773
15587 19517 17196
10060 4259 11583
9778 10606 2139
17279 16590 12669
35 36 36
4062 209 4898
14468 19998 6020
3998 344 10006
5729 659 8996
13051 15946 9302
10792 12713 6837
16601 12206 11827
16435 11298 4362
10640 1931 7797
4887 11264 16193
19144 3663 14983
7368 4218 4861
16486 10051 4820
5570 18661 13397
296 3749 16223
14822 1013 11102
17626 7247 16734
3605 13103 12276
7900 16440 3863
15746 3610 10680
16922 7930 17889
17092 18973 379
3185 11430 5617
6584 16536 11705
5536 1575 1923
2181 11733 7139
10231 2409 15791
12629 17998 14230
12154 2525 5924
14589 4026 13087
1946 15477 2772
18145 19846 8437
17985 16137 19400
18799 580 17492
2789 6920 15988
3042 5591 5072
14297 15378 486
1928 18233 15696
11429 8923 15138
9573 18836 13541
15009 4739 7739
4842 545 14258
18464 9512 8966
3674 15128 9839
7352 9667 19222
784 10826 16569
6121 18113 11826
19661 16141 15872
12441 15187 16099
15834 17902 9757
10425 7508 19450
18072 11055 4946
10548 19695 8599
14832 14653 19967
10200 13966 17033
1833 8027 1859
11544 5820 14582
1097 11889 12776
5530 5476 2652
36 37 38
16532 16243 8047
1210 19036 9202
16714 14631 6789
4470 794 9837
16405 8534 14275
15089 242 5858
14200 18541 3430
10265 7242 5825
4872 19841 14104
4060 6578 2324
10596 17975 8716
9636 12534 2472
4651 6922 15630
16490 6942 1642
5193 16235 12487
16801 17640 13649
9265 17902 12415
18491 2896 6987
5011 12901 2886
17197 11718 16784
7716 14362 1655
13426 13217 2701
9369 12407 4893
16983 14602 13043
6336 14830 16385
9877 1347 2062
19751 6666 5325
10438 10806 12053
14024 3405 1589
6140 5101 4096
536 10296 14494
4543 5126 7887
12630 17835 3979
14314 19999 17383
6403 4489 4522
24 5941 10967
2855 5807 14226
4482 6945 4655
4279 14517 6040
14173 9969 18388
188 239 19234
2110 16256 6165
18532 12764 15218
6572 4708 4290
1018 3621 112
4601 7708 1804
1001 9483 13636
4477 18193 14598
15427 5847 19962
19182 3700 3646
11376 1669 5545
7972 7908 9231
1384 3088 10694
6575 3488 16066
3821 2187 17769
6300 15242 4879
4095 7216 17099
19114 15178 5403
3535 14907 7689
15677 12497 6721
8978 9486 5218
15185 16696 18979
18776 3120 11355
11450 14223 1645
18474 9534 3582
15440 5811 3856
19538 8982 4655
7811 10947 5945
15328 5791 10998
1643 371 2852
4570 11689 19046
671 18753 16920
17301 15330 19650
1579 11602 8039
17986 2760 5366
15316 4281 19734
8740 15216 13497
15209 4093 15676
3660 13880 7330
2433 18998 19854
6932 16483 5985
7705 1493 7014
10572 6164 5075
9815 1759 5219
5268 5795 14122
12772 15425 11894
10622 18787 16813
7447 1511 19316
16300 10460 17720
13284 3396 16677
15907 2123 3511
9662 2115 12461
2245 14089 18389
13763 19357 333
18359 9046 244
14699 8422 15320
37 38 39
9886 12807 352
17495 8286 643
12948 28 15904
6962 3340 9699
38 39 39
19664 12464 15782
18800 13931 6195
3160 5700 8682
9336 1680 8163
9708 8595 9328
6409 18228 5626
8772 5453 9243
13061 17729 3987
15421 9199 19616
15299 17031 2836
3824 9484 11782
18624 3368 10448
13206 14175 14128
13343 10094 13940
13648 18769 11814
13993 11964 8615
9176 10050 12628
13064 8635 1461
3774 12627 2130
607 4543 8032
16635 18955 1198
6259 10517 11307
16947 17020 13027
1960 3035 9465
2856 5167 7259
81 10826 17090
5944 15124 4109
15032 7176 626
17758 8566 14402
19545 19796 11931
1218 2088 2486
4584 17030 6816
3641 967 15858
11264 10425 14528
18004 4819 14862
11478 5704 11605
18422 9286 10937
8228 16466 18780
11284 436 12797
4174 9749 12066
11165 13502 13413
15016 6924 2089
10326 13356 10692
18863 14437 8682
15124 10567 18957
10613 1878 11393
10476 11796 18380
6493 17925 3552
9499 7011 18351
16479 12764 16500
7531 19929 15699
7327 517 10332
15271 16488 3583
16698 18078 9249
3923 7621 12405
12141 11621 16407
8611 11145 7769
18847 1983 2336
16988 17675 3472
332 12897 7665
7495 12597 13764
3418 17080 7095
2717 13647 7602
1093 2135 18705
10230 4482 5415
19569 7345 16479
16542 11889 10088
18081 6784 16942
19375 12160 16489
3773 6812 17574
4576 17885 12892
12908 5426 3778
6801 12835 5874
22 16850 8098
17321 19735 4218
17538 10799 14333
19655 4327 8165
5588 14986 19120
10186 11638 18006
11084 18758 9036
2537 1253 5156
1675 8499 1650
10193 2334 8330
4086 1451 4492
12985 5811 8436
84 19760 13423
9111 17308 18607
15389 10076 4116
12306 12673 12078
16307 5013 8154
11666 5988 13752
14556 17272 2163
12080 10832 5208
11566 13428 16875
12777 2441 5055
14237 765 18157
2376 4608 16760
6253 11945 14172
3190 17206 14344
14049 1350 12978
12344 2841 16668
9335 11781 4728
5288 4474 15027
7832 8501 11396
11858 2821 12010
13340 8942 4058
3383 18758 2333
17323 7182 7112
18 15989 17589
2578 12552 8750
5320 6926 1267
3479 16589 16845
5322 11993 13563
9127 16392 19840
12885 3015 12587
8630 16694 13335
14703 283 17753
10350 19705 16676
6244 19447 4311
5275 5643 12808
5637 12512 2433
9318 16353 16041
18029 16643 15360
6459 1218 438
39 40 40
11503 9939 6667
8316 16536 6615
378 8729 7847
15559 17435 1911
1094 14820 17044
17698 13928 11712
16043 5983 7873
10111 12524 8938
5999 14905 7836
19799 2198 12674
17737 2828 13547
1574 9010 677
7015 14646 11932
1049 459 7452
9440 16300 6992
12360 9403 3984
19378 12996 9706
7236 17493 10323
8307 6986 16147
14420 17185 3224
8861 8860 4046
14634 10376 5604
7611 8330 2950
16425 5832 17003
18907 7444 12789
16420 10080 14061
8369 16245 3333
9549 8687 2864
5661 19299 3852
4138 7133 14260
15858 17745 11716
8917 15607 18967
14458 17328 3793
19003 17437 12938
8565 13047 19479
19550 17439 16353
4365 4418 3699
18618 195 19328
316 19826 13183
4894 8095 19482
7957 6924 3035
19344 11564 6231
1535 3378 19546
13466 4074 1127
11523 1631 5947
13650 8097 5015
1668 18498 15374
12495 86 15021
8615 4968 12237
9672 10559 4412
19156 6857 15898
16545 15857 4635
8623 17532 4927
19867 7371 10929
8190 12807 1201
9461 1076 19208
6855 13478 18391
1943 2714 10154
12694 14685 18833
2836 18492 14502
8051 18693 1065
9851 728 13193
17708 3689 2238
6465 14941 6283
1330 11010 3446
13989 7054 14909
13329 5334 13160
18419 6269 2989
7117 298 4795
535 2501 5263
9229 9793 18963
6592 4732 17995
18619 13481 8753
7537 11110 18722
14828 2091 1788
8821 18835 7789
17207 8739 6829
2774 1130 12516
3819 2927 1483
18578 18738 8504
14053 2297 4142
12361 16372 18837
10955 5866 18469
6464 8840 16567
13345 5377 3901
8119 5072 10961
15259 1703 13850
17720 6474 10018
8837 18612 19694
15387 6381 3051
10863 19957 2994
2651 2757 6668
14295 4399 4473
19628 13133 10248
19443 9507 1219
6332 1332 13633
4685 8475 11675
17238 9590 16432
10062 13333 13720
16402 15956 16963
13247 17581 2143
13739 2388 15570
997 11803 16263
15395 14543 16379
16143 15085 13003
14472 5145 19114
18678 6689 5616
3361 5751 2344
3180 16014 11366
12751 17006 832
12270 7843 4022
10864 7288 6864
13163 7030 9145
11251 15527 13560
11231 10184 1795
18900 3153 10162
4204 5376 10149
6462 18689 11739
15702 8426 17100
2883 3780 4361
3452 17037 10562
7995 6910 1523
18239 4335 16637
17959 11590 4013
6937 8274 7379
5513 16081 19213
11695 3862 5902
8995 9426 11487
10401 3336 3074
19589 8466 11902
17702 4045 3230
18673 18299 9986
12911 11631 9821
4720 9821 1204
2709 1520 4641
7624 19305 12924
15894 5409 13243
14400 6075 15180
11240 14856 500
16386 4182 4704
1791 2073 12920
8814 328 547
18214 14226 14430
18690 6628 14601
13696 12814 17431
5910 10936 6378
6601 72 1548
10256 2147 12870
3291 2777 11113
14491 14407 12371
9730 11807 17792
10142 16464 4133
17261 5615 16866
1961 15315 17032
13107 77 7823
721 936 8293
2706 5681 12670
15891 8062 15346
10361 19959 693
18226 12351 2450
745 10009 19851
1568 7187 6120
17888 8546 12087
2192 16449 14934
17508 19 12905
15240 17573 1962
9062 11775 11601
3386 965 16579
6365 15596 3034
6554 11407 6770
16817 11058 15596
6455 12276 5956
12774 14201 5136
12349 18383 10363
14493 4506 1884
