20000 4001
16859 17976 17850
8548 15132 16615
3474 14208 1421
2640 12590 3877
10026 7990 8750
6738 8990 170
14817 960 5083
12274 3907 12142
1136 12667 14552
6488 11072 7459
10272 1800 13863
19975 12688 4873
7459 10350 464
3705 11442 7911
7126 10150 11031
19880 1883 14689
12673 16400 666
321 15061 6132
6154 1747 860
2730 7855 8102
14770 9194 13812
6764 15513 1191
7297 3395 8644
1631 12475 9101
12202 6217 8052
16348 19970 12639
8257 5309 17162
11497 14299 17520
13373 15499 8485
5896 14156 8577
11025 17461 7552
14282 12973 17788
4968 5189 10071
19917 263 10594
10340 9356 2983
6197 8163 3233
16833 16158 6846
16034 6059 8560
15738 11908 12182
16043 14223 9950
11216 13170 6194
2216 11213 10925
14525 9280 11199
2544 19769 6556
18255 5240 18617
2234 2349 916
255 2286 18273
19480 4097 17910
16844 9147 12601
202 14437 16600
2308 11577 17118
386 9908 15652
4802 8822 14814
1365 4902 5629
19397 10106 16684
9905 12489 10330
14904 17256 3330
10609 13423 6616
8559 4709 10436
19891 18475 8541
5548 5196 3756
17780 15664 17557
13516 14318 1581
15016 16602 12174
19374 10977 6993
3190 15726 17074
13271 9213 3204
9813 868 1602
18689 19401 3375
15600 4889 12811
17608 18247 12665
6886 628 15926
16978 6140 2884
14920 9260 9409
11698 13252 19740
15288 18860 2133
11363 19187 14648
1747 10829 8511
12052 4320 15483
11985 19863 17294
16374 465 12606
18391 13447 10958
17055 19385 5823
18047 3687 6889
19032 16400 14287
17603 15026 19582
15178 7698 4154
18233 4950 5396
18302 9713 8917
1659 14846 1578
7144 15059 11588
6712 18962 1845
1874 15183 4249
16397 11955 7432
19188 11036 2361
1555 8818 12328
11018 9221 8874
12074 1535 3050
18312 10664 5760
1222 19483 9997
2609 5752 9935
15809 4423 11064
19506 7809 2711
12805 2682 8056
3185 13649 52
9354 5176 15409
15213 168 16937
4896 4378 4709
517 19803 17248
12559 14581 5920
10443 3369 4941
16809 19732 15327
11293 2916 3740
15337 11502 660
18560 10238 1843
14964 1441 13619
18979 3091 19848
19967 18734 5573
17760 5000 19385
18578 8432 11578
18257 8411 914
7698 16828 8364
4579 19631 10291
12760 18287 16336
8647 13585 2146
19665 15991 3373
9571 7298 2919
9372 10442 6092
13871 12772 14689
14294 3386 11859
1028 10167 12928
18662 16405 19967
19258 1682 2049
4791 3859 11852
9216 14175 16930
8670 18655 6442
5152 1111 6633
17356 1170 12525
10502 8548 18613
6403 14936 540
2647 8159 10953
4735 1776 1173
18668 10683 8192
9974 18596 2325
7359 16050 17537
3755 17884 2925
17464 6484 6213
3553 2439 15224
2220 803 7700
16800 9025 5703
5588 18433 13778
1537 5445 3099
18458 15170 2778
16928 10599 18381
15933 4026 12515
18176 1380 4139
13970 2930 6394
5036 14384 10920
18654 8383 14183
16087 10178 5072
6441 6605 3767
17896 17616 19733
9832 2655 8777
15171 8782 2048
16488 19579 8960
12090 13682 17594
16038 12491 16741
9045 13198 1557
9751 5683 17028
12552 7262 18284
16422 7262 6935
8277 6671 11335
13014 6930 2262
19151 225 17610
104 5867 4346
181 1312 3313
3528 16677 8060
19536 10406 2552
12014 3432 9906
17522 6197 17074
7231 219 956
11141 14988 12847
105 11155 18351
16062 4957 10225
12671 15838 10190
5897 18232 13129
2178 7949 11888
17720 4957 16081
13074 1759 1340
745 15096 6122
9390 18141 1300
12570 2417 15250
4282 1033 11528
6984 2819 5977
6216 16102 16286
14286 15895 3784
1658 5293 5764
8337 3256 2048
12709 16253 1819
16670 2649 8177
15503 9847 814
7623 732 7995
2233 2779 5895
4327 13959 1763
3799 1479 10962
16826 2573 13252
17611 1459 14302
17784 1486 14295
12741 6616 14841
10548 8400 5482
3486 6656 2495
4357 9320 9184
13822 2414 13834
18560 7354 6431
2778 3308 9441
14425 5199 14682
18722 13155 12437
15367 1297 1107
17285 13608 1460
6013 5801 16408
11374 9182 15301
8503 13224 1615
12996 14165 12422
13298 4954 10422
19239 8582 12516
7894 8064 12522
18977 5263 1334
19845 16629 1422
13269 18537 4896
10674 14901 17306
13403 17036 4561
5927 5873 9864
5399 19643 5119
380 9881 6573
15027 2923 12039
8020 7117 14750
18757 1783 18912
9800 18935 10918
5666 16670 12508
15537 14489 6156
9887 4705 3440
19565 2028 3686
2436 17125 14931
4238 18350 14827
12452 15325 752
13282 14172 18914
10517 19691 17980
11792 9421 4566
11939 5019 19090
18257 18024 18575
1932 14608 17052
10056 6491 7519
11962 2372 10314
1504 17084 2309
4587 19356 12205
11703 2449 18682
1058 14338 14733
6758 12270 6801
10969 7756 17429
15452 4859 14924
13238 13082 2829
10230 6573 15540
16172 7616 16972
15368 11573 11437
4947 19981 7967
1239 6037 9523
11599 9303 4241
18699 12565 3155
18105 9381 18821
10164 8749 19300
992 8538 14129
17958 16432 7121
18760 8351 14263
4418 16712 7308
19274 3637 959
17370 1554 19864
15032 14382 18388
2900 6922 18661
855 4763 13169
4076 3172 16929
1305 19786 8728
19356 19589 1613
19245 12122 18924
7360 10993 3586
1 2 2
14089 4927 4538
1986 19841 5101
15390 810 5248
15858 19710 18307
14133 16948 18090
15196 11692 10377
4147 2822 3329
9269 9494 17247
15368 17513 8200
12290 18070 14405
1493 4913 1553
2328 2167 19124
9520 14543 11988
11562 5981 2296
19177 6920 1892
4025 7319 9713
8418 1454 16988
5637 18406 17518
2 3 3
15783 14501 10503
11720 4367 12055
6831 8732 15032
8737 12591 11049
15483 6870 5829
5956 330 3634
17119 15177 15397
11266 15376 7123
300 4285 4715
14763 4377 7267
15966 4537 4661
12271 9122 18322
198 16965 6563
2427 17304 17200
17192 4822 16752
19072 12161 9497
18561 2801 18520
14408 9906 12836
8251 1963 14842
5487 16559 12974
19521 2062 4559
6864 8658 10075
4094 17930 12078
3685 2605 16833
10815 10490 19967
12685 4808 11614
5750 12367 15082
10105 11449 1511
14871 6646 6326
6240 14397 16426
7311 1201 7356
17732 6911 3925
10481 16458 18103
11356 10767 10582
9477 15552 14093
17959 7522 10858
9121 9365 1707
2939 13723 11582
14813 1898 4048
7232 3984 1098
286 11534 4271
5340 17209 18815
7139 8633 13367
18452 5039 6185
13950 814 18910
10029 17401 13715
9395 12590 17190
16048 17310 6215
13226 3724 18491
2969 17495 5267
4323 16175 5386
1596 11701 12669
11410 8026 16592
9954 369 16406
10435 14629 19786
5996 1302 15371
16822 6448 5428
9270 12728 4472
12795 7450 13465
1472 4586 17531
608 5370 9150
13875 9708 6072
12637 5184 19113
1066 18887 309
12369 10323 49
6715 10352 12215
11932 5051 13644
15772 15419 4300
12271 7871 10720
4838 16566 1412
1140 15410 18024
14575 7120 13402
19053 1796 8503
18087 12941 16653
6823 16163 1574
18863 15628 3415
14722 9130 13176
2748 16242 2215
10204 3625 16049
18336 12882 9234
2314 16472 12711
15602 19859 19626
16589 11802 1930
17185 6552 10482
3245 7654 11531
11917 10497 8799
14438 2997 16504
18759 540 10275
7881 14293 13561
9223 10738 11938
8144 1190 19941
11626 4370 72
621 8814 16786
11507 9090 13589
3295 17580 10083
923 8781 17607
14609 10669 12020
9437 6612 8709
19330 3809 17562
13091 1701 13159
357 5457 3771
532 91 15101
6526 1996 5428
14284 10704 5818
15847 4904 2381
18384 11383 16563
7728 12659 19685
10633 8735 14400
2710 4032 11382
18485 9487 250
12932 7256 14610
3928 650 16550
2954 19461 6921
17489 15660 19520
1185 7465 15546
17044 69 13389
10999 17460 10994
2916 11356 13408
15898 8088 2189
5521 7029 11842
11824 3874 15722
10028 997 19285
7134 5054 8585
2783 8370 19886
6623 10019 11304
16731 12761 18520
9204 18917 5495
18243 2275 11457
6441 13507 11349
5556 1166 11708
8386 9140 16815
15397 11007 17842
9640 8002 18958
3180 7898 13887
11794 3533 18143
18782 8753 5914
8589 2156 5703
688 1445 18234
663 14824 15046
6366 13420 494
13951 7028 10716
12211 8855 17681
6133 10208 19459
171 2466 11432
10432 1328 12926
14453 3116 15391
17686 16269 15311
934 4525 19052
2419 18137 8427
12679 11229 254
1402 9771 14967
19091 9851 9538
6607 19163 16798
8403 15427 8381
6065 4265 8823
1028 21 17188
11016 3572 11930
135 1487 15873
17022 2084 3785
10044 2007 1450
19067 7461 17624
11294 5458 18132
4405 10271 1578
10481 5334 15086
19813 12268 8440
12778 5419 5323
18182 12671 4053
7324 6840 17726
11040 16 15602
3892 12992 5454
12757 17164 18647
1947 12636 6886
7453 18940 12439
17427 14436 17434
109 224 9466
16254 3646 15445
15943 19043 9197
4063 11563 8107
5373 15258 7865
11023 1318 16356
13621 2293 7149
18811 11374 9187
19541 8462 10792
6921 15853 2681
171 2470 3813
4010 11721 10699
4604 6605 14416
4064 13176 14911
12894 15170 2583
9512 11758 2046
12407 2196 1493
13787 5923 17325
15247 18556 6507
14180 8766 4018
8819 16657 11097
10639 3265 11484
1935 16662 17414
10571 1697 9964
3211 12080 8036
17263 19066 10729
15587 19306 8391
7599 1100 14388
684 5949 163
797 9982 13175
15287 6975 5163
11014 12579 18209
7162 16562 1479
12009 140 17913
7975 12056 8305
6410 10116 13829
8890 7191 10476
14374 3016 18816
10845 11740 4606
14864 10683 13577
15586 6785 17511
3555 6685 9702
5897 11899 7073
15296 1242 4153
12373 7715 19890
12861 10061 7838
285 12292 3632
14770 6581 9660
16115 12242 8830
3616 12898 15700
4537 5176 6548
12706 13017 8824
2275 17067 16818
398 7277 11111
19588 3750 249
19124 1387 6765
8751 4789 16898
15337 2262 8041
14079 8315 5361
14657 14602 6169
9271 11072 255
1819 1402 2661
10444 9758 16287
11501 16962 8483
8519 5192 5581
15577 15276 9180
13878 564 19958
10405 6530 10707
6238 15506 5425
17226 4955 14955
3 4 5
13855 13354 8218
7385 2179 16838
11127 1289 17061
16174 655 12628
241 9400 18201
13074 5386 4734
10647 9213 18362
2740 18306 19981
13823 1177 256
17416 3891 4567
19810 9726 2642
15045 13599 7436
15664 13699 10041
13796 8183 6886
7066 4174 16469
3285 19169 19369
5440 17427 19746
8773 19908 10340
14015 14331 19840
2233 3645 10602
12551 6348 5037
18977 3633 12829
2510 10246 12963
18856 14218 5997
12843 5534 4558
19620 17216 5827
18982 7100 4086
16768 5855 261
11813 11028 14662
11620 3603 8305
19306 1158 2300
9352 7511 1883
11664 17691 3118
17772 14831 6491
7770 18438 8326
17529 16734 17455
11689 446 5755
7624 18823 11414
2959 18473 10872
7600 3672 15645
17936 15630 6746
2006 10249 5021
11977 7611 1723
8015 751 3352
13443 2429 16887
8425 10826 2580
5123 5220 17675
13796 3924 7775
19762 18050 7189
14703 2341 5597
1457 1417 15324
3916 4918 3578
12371 15547 9406
6966 6314 13103
12779 8431 13219
1230 2035 1891
7181 6163 16244
19793 14059 9390
13058 17274 10858
13947 15699 1868
10921 15276 7951
5271 18326 15728
4142 14721 14497
9345 9421 5927
13554 8257 17786
11933 7383 5211
850 5443 9844
5808 4756 10399
6563 10505 1741
6130 8347 14985
12093 5053 4031
1018 9858 15737
2495 19697 2149
9264 2223 12738
17477 14052 17251
271 12382 9432
19751 4620 4165
5915 5752 10487
1888 14862 18162
13865 8590 4555
10999 1835 18585
4860 6338 18455
13002 10804 16973
16398 10023 999
11416 5429 9322
4673 1810 5423
7184 17028 12042
10899 9110 15186
604 9721 2460
16916 7236 17306
12109 1674 18450
16965 16773 19860
1678 18976 16963
15855 5035 11578
2291 1189 3116
2247 8971 1616
19334 7306 6443
1954 12198 19149
3876 11080 9519
8217 6841 5465
14916 300 4026
11515 6330 15328
16988 5988 9113
10927 2929 873
14500 13030 8046
13984 1656 7865
12476 18448 7604
8730 15726 19259
13999 4254 705
12045 1531 5470
18800 18857 14691
5804 5736 9873
6657 9481 15667
1862 6121 19781
10772 15247 6110
1649 9234 6913
10371 17789 14434
1136 17104 46
4762 17829 10268
5894 18259 13429
447 6955 7836
8134 17094 6363
6062 1120 6148
11799 18966 7879
4911 13833 16409
2691 3124 10166
4441 15256 19869
12946 3790 7166
5331 6568 14451
440 13395 10205
16001 4065 1630
9812 8963 11620
16848 18432 2888
10655 1272 16625
2497 5959 2312
6596 614 17921
5299 3691 19418
6666 4007 9605
9416 2678 14033
6429 9233 9421
846 19599 12480
12087 2720 10087
19655 5055 8345
18768 17070 11505
15237 16016 9412
9077 15450 7836
17575 12159 11808
18778 3361 11853
12239 9347 9249
13709 945 108
19484 9441 9658
13905 11679 9258
8342 10933 14194
3712 4150 16896
1544 16489 5018
6723 14156 13793
14560 1202 7391
18890 11063 19464
17924 5177 12520
9987 1399 7964
8633 4207 14864
11794 2176 12636
19500 10488 13698
11072 5540 929
9159 19721 10421
8783 15544 10786
2996 2642 4354
16839 703 2544
13598 638 6445
16414 9046 3554
1357 8369 1041
2331 19103 1349
13334 8018 17447
9321 9254 3625
9016 16593 3080
6428 11885 6618
3368 16410 6451
2893 3943 7092
10792 17046 17099
3285 16125 15134
18241 18591 994
10619 18728 9983
19129 4350 4443
1349 10262 1102
4792 12518 2301
16756 8646 7231
9611 17613 17809
14652 2059 3943
7476 19460 11343
6383 12989 7584
17100 3943 14756
17816 16327 3001
19924 14215 2579
7311 10644 11715
1113 1983 2564
9547 3410 2884
4297 14594 12278
16611 13156 5313
7078 18891 18764
19397 2522 14374
17125 17889 7157
14927 5461 13289
13373 5440 11340
6893 3686 10573
14525 8957 3771
3468 10828 18974
14332 3343 19711
2734 16441 9977
17720 4827 3411
8306 8050 1132
55 7018 4663
2178 14425 14875
4520 9854 130
7360 17272 12634
15877 417 11650
10692 5800 11155
9105 63 16708
6615 1487 10643
15353 13208 13473
15075 13444 11364
928 18105 2732
10831 15124 17277
643 12846 18532
7876 14656 5558
5169 4942 3465
1060 2011 15053
15311 13552 9970
2138 19503 10672
11484 4508 3003
10568 9112 4149
15609 14843 9814
17397 12922 3098
14945 16691 14977
19714 2416 16339
4629 18679 8439
1636 16062 991
3739 553 16379
6262 19553 11488
891 8454 9739
17877 6722 6081
13330 14920 12014
10247 8124 8766
11532 14857 12999
2608 12791 16284
8500 17717 13302
9183 2428 14258
2651 6716 13801
15985 2307 15266
2748 11194 1631
16365 5757 17470
8521 223 4944
13011 3466 19115
11747 7352 5465
16005 19363 13583
4449 8047 17149
1448 14894 2550
11829 8598 14261
2215 14698 16675
16119 6752 8500
7052 16016 17975
7635 1348 8671
11182 8936 17904
17851 8049 12704
9201 2734 389
1658 5302 14236
2489 5815 13697
11369 6347 4887
2564 10862 6367
17756 5842 4303
839 2067 10784
7776 4677 15170
15975 13628 17181
3810 5223 2487
1068 17312 1204
4136 10609 7103
19304 8037 15579
10302 16774 9005
10067 10998 4947
10322 5325 11513
17117 1996 17274
15851 3929 8512
11593 13441 10788
3138 11579 19102
7547 478 854
3859 15890 18734
4 5 6
825 4253 13871
18741 7620 1810
5671 3732 318
11635 2944 2703
8994 19351 14296
16749 11695 17986
7288 15975 18604
5305 18816 17199
18462 11960 14684
10034 1848 11832
5735 15981 19921
5894 11040 14243
16382 290 5684
2056 10542 19291
16643 4351 19547
18079 13408 18141
7985 2049 18388
3128 12012 7962
15551 16973 9682
18399 1400 11682
2073 3390 1738
14173 172 13414
14711 6205 10236
587 18474 4519
8208 11709 11439
13434 2552 10859
8989 14867 441
19550 568 16245
4230 2323 15532
19986 15627 2303
7873 14867 6141
5027 10735 8046
16215 6902 1075
4104 9449 12511
7805 5861 15777
7965 5779 17807
4821 17420 10519
14710 13622 14793
3282 14398 18088
17314 9479 18204
3904 1522 12299
16564 10280 17831
999 16728 3573
5129 15532 17609
5279 1214 3853
13734 5220 12588
18440 15623 10677
6220 18040 7177
5232 8010 8066
534 919 4732
8826 9355 11156
18988 15401 18037
3065 3537 9089
17101 16815 5895
6927 5413 15457
533 2947 15724
9594 11595 9634
4716 998 5775
11825 1934 13897
16798 4572 10909
11679 16118 10471
19899 3906 3864
18873 5192 13563
3894 18747 9588
18644 1949 11695
15555 18871 14972
12011 4894 12969
2001 1519 15126
10018 15824 2020
14640 18179 16844
14521 12679 1723
12230 6871 12001
9010 10768 2310
12952 12434 16621
3427 15252 4992
893 15560 7918
19000 18758 16330
10019 14342 9536
17152 2857 5305
5860 14062 11002
13974 4779 19534
2895 13175 19207
14860 14779 10150
17956 9918 12751
9092 19757 16489
19798 18979 5550
12771 3477 9232
10134 9657 10376
14955 5466 12204
1384 11511 4581
17355 1200 949
19820 7739 5103
18279 19575 6485
6851 7708 8897
9248 18533 16026
14506 11924 19436
10944 9858 3018
11381 17229 10612
9406 2143 8928
7289 20 17386
7517 7228 1252
14249 12420 5091
12765 17390 3308
5009 17255 18752
19762 6932 14043
19159 2788 10390
11164 17286 18812
1691 3632 5105
12992 16752 15302
11286 4166 12033
15693 17412 2558
13432 6094 19812
15058 4575 17739
9266 13696 12239
11754 897 9642
16525 1220 11336
8243 4889 4867
6102 7253 7779
9343 13730 1794
6415 13501 5565
13735 1822 4944
1768 7069 3787
2093 3481 4455
889 18551 12311
17794 13761 17861
13763 19964 14633
15472 10732 925
1479 6498 18837
14049 5846 8264
11784 5814 16872
16349 7973 16538
7074 9975 3018
3889 4399 18004
16158 17461 1859
10674 7623 19319
15741 4008 5591
7395 15580 6282
2770 7106 18918
18542 17851 11154
8061 5370 9855
19334 11531 17105
17886 901 10445
9947 19798 19604
2134 1646 12941
2886 19700 16354
5228 17402 4615
15474 11013 1583
707 5518 753
17729 10889 18594
14104 17595 19730
12436 15436 11169
5 6 6
17208 17007 12314
1040 17948 3478
774 3077 17948
19747 19733 12452
13122 13957 8287
7434 1183 2864
18368 9135 11690
18718 1991 2474
4811 7187 6593
12041 1164 1814
8321 5299 18079
18624 16779 8279
125 12693 12682
5625 38 10383
9499 3255 5333
2175 17955 7758
7852 18474 18298
18476 14751 6026
5324 2537 18375
12528 18219 19869
7801 11652 19488
8999 17947 14370
14192 5871 5167
5820 4731 10277
10253 1404 10817
7389 14042 14143
6873 15782 19324
17014 11080 5157
1093 10492 1797
16784 14013 14800
14398 10131 17728
7629 1758 19972
18996 13942 15576
9165 18409 5709
11604 16773 744
7369 13645 6840
3576 736 6447
11032 4520 3855
13727 298 6575
5233 7153 5213
3849 3990 4737
10627 4116 930
13294 10465 9100
4288 5658 6091
19436 3824 11362
7611 14446 8208
2380 919 8575
10038 12792 11372
10388 3785 5237
12917 11800 9235
8921 13842 5203
3224 7595 4326
9292 15511 3677
10815 18174 1918
17987 4052 8667
1431 7708 11547
9050 233 11425
16042 1096 12180
9088 5054 16768
14728 11515 9556
5738 8805 8970
12648 11268 9493
7296 14114 19595
13197 6784 17189
8480 18938 4957
18827 6099 4313
119 3169 1873
4362 4397 9336
1239 14856 3461
7085 15938 10131
19853 11797 13261
2326 13108 13954
19121 15085 6906
3474 6906 15274
10575 18973 15653
1135 8893 2951
15488 3949 12019
17387 12452 9854
16453 14349 15689
7287 10823 13343
12692 12825 8355
1592 10211 18679
7222 2153 8191
13582 14561 1056
2257 19247 18497
1700 359 16378
5305 392 16217
17296 1431 2562
9880 16299 11452
7389 16645 14208
9614 3790 16308
8670 7862 8452
10822 17700 1528
3067 12117 16417
2737 15894 18149
12561 11228 5310
18405 8505 4882
16473 9909 6699
9690 12697 328
10304 15218 15743
16175 12949 15945
13769 6891 599
11638 9074 8469
132 4429 4106
4108 11426 6069
16209 3014 7751
3342 8997 3231
15364 13944 6373
7360 9017 13705
1462 2829 11975
13953 495 17687
18598 8950 9484
11301 11403 13164
5984 967 11455
3991 14756 4836
8511 17598 14111
18032 146 15415
16927 16441 7935
14163 19265 12133
5900 4354 10004
10914 8111 5322
6957 4753 8533
9427 16680 4773
18436 2898 4286
14010 2742 14196
13434 4773 17304
19151 4537 423
14589 7902 15572
1281 19497 5392
16190 17433 9117
12920 18861 7566
11947 7654 74
5180 11131 6671
10330 6309 4548
18320 9370 16024
13127 2548 211
12797 447 19076
18871 522 7982
15723 16579 12371
17688 5082 1476
6951 5362 18645
742 6270 14733
1844 19200 6158
3175 2051 1073
10453 4700 5607
6769 8710 7579
9207 8673 8814
18309 11554 13300
11956 455 4191
16610 3618 5572
9530 6059 5288
6621 9139 16865
16704 5197 11541
4380 12709 16489
11364 8407 11937
6579 11225 3582
4294 9769 14682
17284 15017 8452
16743 2301 5804
1249 15993 11729
3978 12091 5257
4635 7151 2646
5772 19230 14672
934 12417 10717
14226 2706 13236
2415 17438 5004
5553 18978 5246
18701 6480 11495
9968 4823 13810
407 11660 2716
14698 19465 5169
15298 11413 3827
19081 18215 17523
5010 3629 8043
7707 15974 8697
17561 15506 19835
3996 5965 12894
15807 16238 8645
1841 16263 512
6232 6876 4122
16794 3353 12847
17922 7845 12579
11025 1890 17758
7176 7180 12201
757 9824 13296
8942 1178 10545
1149 2575 11856
3220 8824 16403
15282 17415 9303
19885 7104 8717
6649 19388 14666
17855 2760 13855
10737 14968 4956
13965 4938 3885
11324 11770 4737
15241 9104 18719
1375 17308 3407
11393 4621 13144
12320 13315 13174
2017 2733 3983
2192 19441 17260
6 7 8
15858 13908 11299
16778 16679 17049
15074 3502 12772
16870 14051 7908
8051 3299 179
14545 11020 8248
9816 11872 4916
8746 9379 7949
7963 17987 1888
9828 19692 10558
537 9479 12185
5046 1465 2662
8265 15505 17076
19599 3051 14596
9532 10045 9914
11559 19453 6487
7766 10575 18685
19848 18751 15703
9616 7777 9694
18996 5432 7251
11160 17459 17273
15952 12567 370
16620 17311 2095
19934 14493 17338
11877 14536 7968
7290 2034 19153
2421 5921 14215
10853 18338 4278
3033 19640 15605
16756 7704 19100
11147 4015 14913
19326 19946 3867
16256 5096 4334
17919 16001 14735
8076 8196 1136
11046 11962 17787
3705 95 2474
18142 9227 9302
11323 16506 2936
618 19294 8145
683 46 11897
15952 1952 3414
774 15363 13790
1963 135 16881
9086 18196 18
2047 6833 15341
8154 15125 4682
19885 1522 18834
4802 10817 4021
10248 9832 14532
9183 8020 17116
10392 18347 14294
18902 12328 18304
12317 16805 13485
4646 9271 19774
17868 7694 16043
9767 8957 13280
1852 6190 19951
14721 17327 18208
11715 5804 14374
5671 9997 1449
19621 10031 1924
15742 2990 15250
14416 2409 3134
15351 1371 8487
935 11983 19971
12213 17562 10863
15618 6623 6480
16360 3245 13641
11424 3226 15549
13460 15475 18556
17699 6120 6457
5407 7424 17663
378 13385 17514
9949 18362 1725
19338 17489 16265
15684 5215 15921
10540 19353 9724
18507 7931 18607
8435 9844 4773
16276 9229 8023
10277 15464 4893
2576 17125 2119
1731 14095 16199
18121 2764 14716
4148 3698 16944
7314 17960 17943
18547 8449 10263
9802 6090 1406
11564 10153 6096
14049 266 12031
13445 8705 5095
15733 9049 18811
2721 19317 13935
16671 8171 15494
13050 18126 423
3742 463 6172
14652 3026 19687
13752 9076 5542
5885 15663 6456
16254 12460 13061
13416 19355 17567
16540 19905 3854
1890 8919 18522
2508 13211 4356
13662 11187 6950
11271 16109 15662
8833 2593 15982
4435 8815 11615
10515 8150 8039
14887 189 11919
2377 9421 8139
15696 17767 9917
2782 679 4832
652 19443 14267
8556 14720 4700
1961 16738 1883
7116 7968 11631
12567 14586 18052
2585 18866 9734
16138 15919 12068
8194 1743 19951
2851 83 17036
7991 217 5343
11981 9582 11458
4572 12664 6063
9775 11564 5542
5424 15945 4415
15449 3086 7571
18759 12721 17776
16915 14697 3753
16704 5363 799
15660 228 13063
19315 15038 9403
11246 8393 12795
16407 18848 12156
4643 824 11069
9648 17594 5079
4437 18972 2895
19814 3991 1336
12272 2958 16467
15271 17140 7203
15838 18858 17147
2040 15932 9652
8273 11646 7610
7933 17473 7046
15447 1047 6530
19402 5988 868
11011 6695 6912
3134 3422 2068
6718 11391 17044
7622 4974 15315
4904 3188 1413
11423 19699 12010
14532 6178 2382
5537 7264 7803
12026 7963 2325
1776 17253 5232
1481 5530 17599
17238 16671 2827
7191 7733 9664
9656 13090 8905
12434 11138 1512
5717 4636 821
5418 19292 19772
16318 3018 13920
19722 14999 9743
3891 15392 15549
902 9242 14053
2408 18641 17868
8431 8011 16617
13088 5006 9064
17245 11965 240
16782 6464 12669
10122 7708 3925
13219 12862 15523
4572 12102 17996
16192 16075 14860
2417 15644 7774
15271 11422 9828
5846 7460 9007
3568 3471 8570
9537 10002 16103
9850 8325 11665
94 16322 14442
5666 3857 8757
2822 18631 12360
13979 14932 19969
12451 7763 8650
10977 18936 5391
8235 889 3061
14300 15173 8821
9776 2840 14943
14429 19331 1116
5033 15112 15931
3141 19816 4709
2853 6474 220
7356 16275 11524
9109 7401 12242
4769 14694 14525
1943 14226 7138
7545 2945 19490
6296 13952 10139
6031 11390 16952
5755 16530 5434
2800 914 3652
14538 8995 6198
17057 3045 11086
1584 1109 1486
17741 17626 1846
9859 5476 8557
5016 4493 809
19579 4454 13837
15837 1239 18485
16634 7919 18286
18218 14347 19957
1557 10939 16098
11616 9757 4912
12953 15857 506
13301 4250 9635
166 859 11773
5599 2246 14448
641 10284 1208
7 8 8
7049 10403 1103
3956 9035 17273
12795 11075 5529
12477 4940 12463
15819 17706 5418
8216 15229 19592
14731 600 15539
11924 3624 11696
11865 2115 8898
16850 9813 4929
17105 2632 3679
19576 11103 8974
9679 14661 12525
11128 7096 6644
10901 11476 16792
7482 166 14234
17793 18488 12484
4630 9195 15525
1453 7963 10796
9063 9847 10181
5692 16094 1808
17128 2206 558
4470 9888 855
11765 12385 6494
11378 695 17983
3712 14925 5298
6136 8552 3124
8905 15283 5723
18108 1895 9048
7588 15588 10304
13693 174 11742
11770 4159 7441
2428 3365 10971
15381 8948 14589
1452 5364 794
8119 7987 8639
17362 16960 10207
13630 10050 18144
4099 244 121
8084 4569 11376
370 7964 343
10371 8467 16073
16267 10522 14976
10791 4605 7802
5733 12580 8127
5745 4702 4637
10472 369 14976
18353 8618 12036
10590 18377 12028
6232 15803 10190
9510 7738 478
13674 7622 18647
19051 10569 10907
18209 11752 19399
7355 4307 611
1159 14728 13571
16529 12775 7611
17806 19476 7952
8612 14055 9679
5249 14996 8529
7440 19690 8451
3467 16722 2664
5588 18152 8270
2809 17219 11793
9696 3286 7641
5827 2546 14719
16694 19730 5938
11636 18102 19231
14731 13645 8734
4048 19095 16118
14823 6246 13919
11381 18339 11313
8126 4695 4861
15561 15807 6674
9444 15736 17364
14437 1833 19766
5791 5484 14142
12626 4945 15983
3811 5286 6490
15081 17300 2871
15283 823 6509
12844 9608 1661
8 9 9
8050 6321 13520
5671 259 2208
5277 1481 17705
19640 16753 17443
7100 14974 10302
6390 6856 15540
7952 173 68
9180 16082 1853
13507 4579 13058
3880 12153 11158
2136 2785 1720
8042 9741 23
1126 2075 12176
5136 6732 4433
6338 750 631
10613 16836 51
9394 3213 4672
9145 14228 6088
1383 4616 16906
5262 1387 2271
10854 12531 585
11614 12747 17247
19462 1382 19164
12948 19436 17597
11859 2195 18319
2069 5619 911
9163 15474 18569
7311 12385 4958
14195 14287 5446
758 9879 5997
10577 11956 11809
7611 188 11289
15886 447 17905
17734 9423 12530
5910 2945 15384
15687 9724 14043
6715 12199 7985
2766 1697 11768
7060 10537 6198
12472 10190 2809
13966 534 13102
2212 9814 8905
14861 6565 17671
11953 8254 2051
7733 9224 16632
15464 5573 13244
16906 13496 16002
331 8601 6770
17853 2292 16041
6598 14170 14465
2602 4686 1913
6805 7214 6690
510 7013 9262
4032 5127 12734
10271 14749 10836
12337 13618 8756
10621 18450 15169
14223 16345 6958
14801 11493 10919
7763 16212 772
8841 15206 16633
3436 17517 13028
4936 14225 4533
3858 14089 9763
16570 14301 5911
12121 11370 4658
11657 5896 18205
13718 14627 12908
5422 7866 16002
18788 5180 18090
5745 8192 7822
1843 1001 13589
17748 10151 8596
848 17623 348
11366 10327 3910
15337 1182 11144
10437 17903 7479
14936 2759 16644
12781 3816 15504
3176 8961 16274
16899 3327 4262
15706 17942 6001
2484 12260 4399
3778 5328 8235
15211 17964 17261
2892 10148 1682
3491 8321 2565
1339 15778 11447
14453 11517 13499
12484 17651 10323
10917 12222 17636
14159 14488 18660
10787 2268 9534
11967 14223 1665
14359 3188 16694
7299 2696 882
3561 286 6663
17163 14050 14289
3187 4039 14529
7582 3228 156
10658 4486 6982
11533 3648 16043
11700 9320 9287
14230 12798 9864
11748 90 11897
17998 13080 7693
7010 3541 3813
9882 2122 18038
11117 10198 11202
8969 15203 6398
4029 19517 19623
16279 11456 7207
2718 10326 18294
11676 3254 14303
19970 7469 13024
4026 10908 18513
16380 1673 3406
14287 3679 14598
15423 9733 11790
1075 16393 14989
13526 7838 9774
18118 6660 11463
18607 17401 15858
1381 6160 8470
3316 9795 14733
1240 2843 2423
6149 18306 19329
3045 4370 12449
5069 11942 1155
5220 4643 2813
4067 14175 259
17007 15525 8716
5595 17007 8767
13429 18455 1825
14095 7395 811
16751 13249 17148
10490 8394 5201
18200 382 11484
16350 8353 15967
8116 5056 2469
10867 15791 19606
12818 9057 8171
12569 15979 13839
15539 16520 1598
12205 5219 10022
13217 17533 7611
3772 17370 14533
3328 2865 700
1427 18164 14504
9359 8478 7686
14713 16205 11574
4385 12568 6783
3897 17572 5148
18161 17703 2223
18000 17049 15383
18951 3191 9339
6382 11524 19206
5901 8243 3904
8403 15379 16295
3183 3661 650
6914 19723 4724
12303 830 6729
11205 5378 15215
18402 19321 13936
8576 14463 4289
15610 7526 13089
11358 16753 16292
2550 11645 11688
2032 1072 13171
16443 3832 13124
6816 4851 12346
17583 8818 6613
15842 13887 3371
11679 8807 15658
4712 15672 13270
5637 18590 11015
1805 11502 11859
16145 12495 17951
15000 5777 6353
15427 7783 9919
119 2576 15240
6437 5937 8683
12975 3152 11232
11691 8868 14816
16147 11238 6206
11977 9687 11252
3569 2212 4506
5895 6455 14179
18401 10284 4807
6539 7920 14241
2734 8487 13082
11866 12031 1067
3980 10975 4323
13639 18714 5867
9411 11160 6746
10383 15242 6762
6404 3099 7912
13403 6192 3138
2918 19907 7398
5656 5884 12367
10050 4200 7055
14627 604 19945
11808 4390 366
18055 16677 3704
14500 17874 18873
4229 6596 12945
13933 14952 2419
2513 11188 16001
18879 18192 18343
6908 2297 5195
18674 8560 14386
16301 3824 5554
6508 9795 13815
6754 11885 9944
15865 3941 10509
13062 11824 8082
10880 7412 4126
9 10 10
7635 15683 12908
501 4920 14817
3507 8346 1367
19786 8842 12235
5886 16776 6305
1577 2847 7688
3470 8026 19436
16703 2130 14191
12047 18121 753
14888 11509 15338
9337 13121 15288
7081 1066 11363
5418 13577 980
1022 16315 329
19801 1007 15121
3450 5515 5696
19542 15130 12315
17074 11365 10878
15877 2920 15763
13575 8242 5491
8088 5027 5623
15640 14803 12166
3041 13731 12578
18320 7585 11228
17713 6160 9992
9141 13714 17868
4897 3808 12781
10950 18625 14739
13670 2872 17758
3128 13208 15465
1111 2243 6837
4781 2506 711
19500 18648 2586
5231 19702 12605
14130 6658 5433
9671 278 18711
2883 3385 9274
4136 14597 3359
14278 19991 4050
1875 13836 5437
19525 14741 18455
2642 15501 1150
5782 10525 6383
6107 11774 15849
10766 10729 13135
827 2911 16143
9222 10051 9358
17437 1291 2246
13126 9745 18836
2584 14235 5287
10 11 11
5280 3726 11603
17803 12241 17536
14135 1892 7577
11837 13953 5582
12754 18214 6317
19982 4467 13618
7564 14656 2342
14982 2300 668
14353 10293 5650
16173 285 15043
8637 16521 5351
600 487 15716
8856 16509 4069
6781 4258 12448
8081 15660 2784
14475 10127 13760
19191 6687 16029
1922 7132 8224
19561 15030 2379
2872 8781 15698
6089 11123 7761
16179 6592 11055
10507 19663 16968
8367 7850 6364
9076 12736 1455
13646 17238 14449
14040 4802 10996
13061 6027 11294
6019 17143 18569
6397 9384 4750
11954 3036 1761
9879 13820 19502
6794 14542 13010
9045 702 2833
806 248 12395
262 12839 9588
12951 3432 13607
6983 7773 15429
12235 15983 7073
3278 2372 16444
16424 7436 16505
3651 1817 865
19254 3424 11118
8024 15062 18211
19813 10960 15054
243 5575 9582
2520 15012 15916
18305 15513 14303
8066 8276 14969
6434 19599 19779
1048 15106 19265
12264 18734 9820
2334 7937 17984
13063 17802 13055
12889 1291 5802
6732 16167 2606
9710 18989 15719
12990 6651 4347
7830 12654 5636
16101 1094 17392
2233 366 3592
4603 8980 9108
4180 11483 19046
10601 13250 18001
3304 10795 2510
7584 8420 15578
10110 6589 4392
9072 18203 4114
11210 7359 7187
16644 15292 14540
17064 11906 1795
11687 15967 16641
1210 13532 9404
5550 4566 773
11730 9198 6932
14133 4112 9147
10864 4766 3756
12994 10918 2465
348 3516 17583
5174 18485 16429
18989 12355 2591
370 14907 8459
562 17923 15967
13493 2313 9526
16357 8536 8752
12658 10682 7580
4005 10448 16391
2520 12564 1931
14369 13043 1071
16285 4912 7497
4611 5562 6466
12613 10601 15903
341 1109 8745
6651 9198 7181
6467 487 2648
5507 1505 9235
10582 6965 4434
17403 11336 6680
3444 523 14011
14625 17734 15834
10902 15421 7379
12969 5535 8306
18818 19359 17138
12272 3604 7716
4365 2672 14042
6837 14326 9148
19161 9515 12876
4871 3389 868
69 15200 4862
10385 17402 12512
3857 2946 15893
1353 10836 19756
16933 17741 14615
14423 11403 13576
12714 5091 16925
10708 3523 17936
13833 6166 16374
15144 11899 4929
863 19783 16851
7609 12632 3228
13456 2076 17649
6464 7169 14426
17101 139 17761
9678 6960 18400
7535 3870 6778
6440 14429 10549
18445 11625 3064
15013 4261 3093
4516 17567 389
7639 11100 11079
14536 7743 5682
17754 6059 963
12435 13060 1366
4038 108 14082
6277 5807 19346
551 16012 12882
12448 18843 17976
19636 13586 19026
5261 5942 7121
5450 5689 9247
2137 8770 2327
7227 13523 18264
5714 19114 2276
4597 14571 12791
2708 3590 7058
17593 19318 19613
19095 4457 8484
8452 2111 2611
19588 19920 11738
19678 18354 9402
10661 2683 22
10606 14414 2959
18797 14222 3024
9608 17784 18319
11628 7068 9616
10931 16475 11863
1663 8351 17979
4107 6719 7952
13794 7916 9135
8432 9134 12987
888 13636 835
16461 4412 17066
14491 3677 5923
14659 19565 15935
19962 12653 14756
9799 17736 1689
2822 14957 14340
15262 3435 16865
2172 7475 16509
3323 4007 16796
17668 3601 9456
16854 12070 138
17864 9839 9260
9725 17987 19618
9453 15206 9263
18044 13319 8921
19115 7189 16170
14337 3303 7087
9121 17229 8741
12871 9052 14301
8796 12662 5741
9130 7919 16257
377 17540 12908
3511 12699 4000
4196 14581 14527
7866 17397 4550
1622 13608 2009
5638 16924 18618
509 9855 5535
5537 10851 18443
19426 447 16837
16478 813 1286
11016 1504 8639
10451 3663 10622
7403 7923 17748
13560 13391 9707
10473 15045 9945
9842 11766 7171
1080 3031 18947
7013 11265 18335
16067 19109 16081
10295 17884 5422
19903 17842 8755
12749 6860 6861
11212 14153 7836
6652 6972 1947
17010 18532 531
15842 18090 14177
19449 8406 14118
6470 1700 8302
18916 8881 7939
17791 11253 4424
879 5627 15827
8820 13395 7945
11440 16143 9106
5793 4404 13464
10759 7489 9589
2342 15291 15466
1744 6392 5539
13965 16204 11770
231 14196 7378
14256 808 13883
2789 16582 10787
9258 6842 6155
7063 12075 4053
4409 17521 15263
9890 1881 308
4521 520 2273
1884 15517 13784
18697 11019 12599
15512 16972 2044
15105 11045 18124
11540 12436 15122
13474 8276 11273
17981 5858 10678
3372 16704 10980
9727 7189 577
15055 4412 7107
12785 19467 10551
11286 9882 11645
11419 8999 4748
1965 4139 18513
7880 3564 16294
6084 17977 12093
2287 10889 11420
14655 4327 8837
3536 13590 14280
11478 18061 15833
17206 16348 19944
4178 17456 11736
4080 1514 13472
2505 14640 12422
15716 4500 8727
9491 2378 17173
10336 10457 12084
14148 11761 19850
10158 13704 10689
17765 8599 10974
6184 7650 8738
11634 550 5183
16420 19171 14278
13794 6630 14831
11091 10588 10365
14620 9202 7882
9721 3794 16518
3884 5122 1189
12262 6481 8173
13644 771 3394
19520 3801 19650
6126 10667 3489
1002 7114 2058
14389 796 13127
4087 2070 2089
15011 19840 5867
13855 711 13423
6703 6047 9369
5277 6616 15255
128 13125 15135
14526 7721 15377
3780 1409 7804
710 9954 7435
9699 10552 15067
15049 14511 6161
18347 18762 7752
17073 463 5929
4174 716 6921
12251 18214 2274
8852 8500 8715
17947 1316 716
15086 7280 1251
9650 10322 3692
6392 2234 7919
1455 6048 8482
13284 6248 18685
7369 13280 17047
17831 6563 4272
860 10057 3295
2972 3695 5891
8835 19474 13445
15722 9389 1097
17698 9197 12527
17910 1994 4428
10712 390 5509
2145 4799 14545
10948 15142 7602
10424 6379 11828
3465 5190 18094
16208 13460 15954
3855 18839 13468
2772 10773 10056
7559 347 8331
17557 12801 11789
14967 18097 7702
18509 8646 17740
11753 11638 12941
6582 10976 19418
10745 6219 15318
9372 3670 11985
9394 15082 17570
11080 9571 1881
4201 7295 8777
4800 17448 3609
638 1253 718
1413 11686 12576
11643 17368 4797
6234 11247 10769
5247 6186 9797
16490 1646 9190
454 13801 10089
9971 995 17071
4937 4440 13604
1686 13216 16604
13873 17291 15466
9880 2312 6137
10920 19411 14151
1917 418 17612
13700 19108 12190
19330 15659 16937
18361 11990 11085
10342 14313 12593
8090 18654 147
3090 17587 19824
14347 13649 17087
10513 10455 14872
4183 18747 5534
18365 3864 5848
9243 17117 11368
15941 10278 12903
1025 12321 135
8446 16490 17618
18033 13998 12612
2505 1885 6100
9515 16331 1045
2216 3288 1160
3387 1 19351
10652 16073 16125
14713 17884 4320
16525 6579 8681
17005 19169 17815
11557 10491 7656
12825 8579 14860
9432 5790 8849
2005 957 14557
14497 15055 8683
6656 18555 5372
13641 16646 6390
1678 14965 8719
3984 9512 9425
7656 14029 18889
4756 2406 8571
11660 15091 9649
19950 3560 12373
6056 10882 13632
10275 2879 6358
14259 13743 18269
3513 18962 9260
7494 10172 15561
14357 14415 19278
4499 13779 8854
14676 18513 11944
18123 9036 9908
7774 7251 7177
5916 8240 14895
8531 3732 10386
4906 10595 19123
3732 17949 15119
8388 14397 15446
5929 16117 6514
2163 11830 18550
41 9486 16151
3713 15148 13255
14067 9160 14948
19906 9412 15252
17470 7800 12779
17708 6395 5130
14491 692 11794
10687 11112 15967
8098 13696 5812
4506 14935 4065
4045 8337 11685
19430 19815 1377
11857 14834 13063
5389 14733 9685
9545 10827 498
16858 16618 6721
7699 18733 17422
7051 19614 15837
6084 13620 16658
13226 10647 10588
2875 9062 3316
6137 2200 13069
763 54 15841
18602 1759 10284
17727 6970 19214
12346 5347 16543
7872 18083 6643
17417 18274 4084
6297 17797 11234
7024 8264 4431
15137 7359 2690
18952 4331 14138
19500 16807 5349
9587 11448 7069
4460 19775 3929
7574 10160 18464
7987 14564 18255
15670 19574 16996
7721 14134 11661
15941 3749 16956
19130 221 3626
56 4146 6966
8616 4388 2054
500 15256 17016
8239 12029 6703
17315 8712 18459
4835 9511 15468
18080 4130 17918
9167 11952 17931
3318 6917 15716
6330 13231 3265
3341 12152 1789
3476 14211 17354
12584 9285 4790
1605 17860 14458
14323 18242 9799
12857 1834 2384
10023 17484 1020
10708 10973 8456
9217 9376 8839
10710 841 19189
15119 19599 9195
14365 18376 9566
11938 17924 15958
1983 8954 859
7673 10406 14242
11110 11135 9874
11713 6057 3100
11232 8599 7471
14642 6127 17179
2395 19678 18382
5319 245 8062
4253 794 16674
8007 10579 2738
2375 7915 2483
1097 8619 3274
1470 11947 5044
15935 8393 15686
4801 3323 14482
8919 14623 8893
11390 5766 12331
4711 6381 7422
18645 15372 16368
12185 18404 11347
1236 367 2406
17768 18558 17211
15448 7547 13017
6653 6894 7962
7941 14993 14012
14840 7852 9739
2519 11732 6544
6486 2757 3894
18310 10257 2900
6549 1129 17339
19998 19329 4175
1804 3284 13389
15486 7800 12495
12809 16441 10172
11903 16164 18614
15394 13344 16309
13792 12873 12890
11534 6612 2615
15380 3842 5983
5209 4868 6240
6422 4959 4667
15274 3982 2367
15174 14087 12151
9691 11203 6036
5653 13126 8450
5238 8109 15739
2032 7529 11576
6303 7802 17059
10933 12127 13795
12066 12353 9586
2948 19045 18615
17534 8386 17291
6187 5681 1635
17785 8947 500
19187 5863 18803
16157 363 12019
8126 10453 19809
9649 170 18570
6967 15560 5845
12108 10853 2343
5437 7930 4455
6662 16331 8610
11199 624 2189
5709 834 6876
3856 5051 583
13386 367 11081
4925 13306 17546
9342 13206 8719
13537 4888 6204
1489 13318 12820
2546 13404 517
5938 3561 6278
18568 10264 11273
3499 14945 19600
8242 17932 7139
9216 1188 1235
3442 2781 15587
7905 13466 2877
13984 18493 896
5640 10743 14522
2227 16178 10512
978 17062 3572
16806 1603 1989
17415 17288 9808
5128 7443 18619
16993 7487 12867
11827 11300 10104
7238 12105 9196
11403 9777 3590
1449 19037 17050
16685 5481 18723
158 5958 10738
7969 16774 1868
4515 8283 19477
17922 6585 17832
14364 299 12602
14002 16174 19848
9991 5952 7535
15807 12223 17432
9018 11193 16709
13176 19304 1058
5680 17341 8499
2556 8965 5142
18095 1183 2682
12282 9295 12905
16011 13056 2852
10296 14735 4798
43 10517 12499
17633 19189 17529
8225 17126 7598
14277 4256 1660
5353 18363 6564
15959 7152 3275
3779 18201 944
19962 8596 16426
19858 1882 7168
3004 7545 14715
19141 18000 19650
4069 2701 4239
14185 674 16199
6142 10682 8499
191 712 3821
149 4145 8287
5657 4788 11024
11498 1554 17161
5888 9720 15471
11 12 13
15858 16541 7547
11443 2651 10491
1214 2108 5877
4729 4651 11652
17353 1800 2226
777 953 2882
14776 6132 3112
8680 7533 11716
11570 5912 10930
13743 13725 12242
19388 10720 8958
11458 14551 16042
949 3321 6219
2317 10288 7846
5421 18012 62
8002 14370 2886
13944 2219 210
17884 9409 7382
12145 14036 10511
2669 8668 18181
15380 17430 16052
19941 8651 4396
10695 13443 11294
12127 9269 7381
5097 13152 7957
3646 1185 4257
10670 17876 2903
1572 11108 3854
14615 10812 18853
7688 2403 3594
12037 18232 10146
7728 18232 9654
6905 7198 503
5481 14519 10727
9492 3322 5075
10197 17762 17659
3354 18841 18884
6911 9182 7823
64 11797 7974
14017 173 7172
5283 8093 11726
18970 11007 17610
6256 2696 7355
5286 15973 8442
14740 13488 7695
11205 14874 19111
1738 11959 16015
18215 15726 18304
2303 13100 2586
575 3348 6554
14200 8721 17000
13119 19557 4408
17483 12385 5153
5575 26 8778
12 13 14
11587 2990 19620
11404 6135 12385
16618 11594 12953
12328 5528 5842
10243 16865 19148
17075 4320 1834
13462 12458 19346
9748 3159 18657
12722 1332 8594
13913 1762 13503
17319 2521 19915
16691 7275 11771
2068 4831 11197
17110 8412 7229
705 13067 14602
14357 4013 18774
14355 19687 5777
16355 7088 16919
19876 5809 15779
10883 1160 15842
6408 7383 11884
5791 14093 1566
7176 5857 3271
8039 13082 14136
17540 2221 12048
5765 8510 789
19423 15971 5781
10794 17164 4579
6375 4383 4206
19145 3234 7665
5798 16371 17908
4846 2204 8594
13746 8071 14017
12015 14301 19771
17375 10698 488
2890 97 10518
2457 8429 4549
18114 4825 15245
14467 8701 14929
5025 522 6624
3119 15652 17788
9154 9326 922
14776 8168 8224
16690 13742 14549
11648 11500 17192
670 17779 16239
18315 5891 2082
11868 4248 10591
8445 12047 15332
1779 9860 1237
14383 7697 10310
6843 10188 8964
6490 16681 11996
15427 3336 4615
1900 7089 19503
15634 9496 3848
12823 15476 2569
18167 15905 15191
4413 9632 7104
10062 3353 8204
5980 2284 5562
13705 12025 14868
8819 11127 11042
9683 17206 7987
7250 5948 3211
3399 11861 17271
19166 3448 7874
12064 15532 4041
13042 18861 19259
5627 6066 11356
15095 9073 18714
19605 16394 13154
14861 13581 7871
12678 13813 9296
4773 15336 19899
17400 2104 12620
1707 17567 6654
16018 12320 6104
12227 7608 2075
7884 12156 3624
9087 14686 8244
7683 2160 13143
12843 17507 15807
7103 1884 5799
17020 3866 15080
11631 18047 10997
6815 16194 15508
7071 11219 4467
13722 18621 10531
786 5587 16592
15087 11952 8252
12985 18030 13869
14540 14898 6249
5138 10941 4112
2623 8176 10172
15643 3737 15266
5917 16943 4755
2316 13194 19471
928 16687 6515
6002 19623 1559
17999 2759 1129
3955 2262 10817
16731 12034 16258
9820 3544 9459
6223 11471 11971
17737 5408 5455
14224 2790 10553
18166 7154 11159
5894 10032 15692
9841 15738 5109
4186 12159 10563
18359 13106 6389
281 17860 4433
16509 5945 6843
8553 5136 15328
7549 9684 12722
9589 6124 17998
9099 15161 17610
7507 14095 19272
16276 5768 6353
6947 7661 5513
9177 7516 6251
12483 12360 3013
3995 9256 9828
13 14 14
6556 10920 324
2946 15970 15481
14 15 15
15397 1721 12042
11027 9346 2684
13141 3556 3173
11505 12251 9021
9812 4958 18482
5138 6836 19222
16710 17015 692
1750 11144 15118
847 366 18850
18172 15550 3854
9732 613 2924
2834 16649 10460
3726 4812 5463
17991 19366 5021
7083 79 14096
18679 2051 16399
4624 11320 7729
2462 5294 18606
10812 14196 1625
16065 18762 1526
16153 242 11089
8122 11631 19514
168 9210 4958
1649 13116 4944
7419 2913 16254
15364 5336 11598
5902 7500 8457
19693 4949 7014
12703 17009 4818
14743 1558 10287
14373 9904 18835
14461 8588 1030
11846 12996 10288
12891 4940 1643
9641 3210 18733
188 10915 9350
3839 4761 12886
3433 493 6723
11090 12707 9873
1125 4557 9165
11834 3691 5010
19406 12598 884
7163 2897 1337
9173 4479 18543
12874 10077 3512
13588 10660 11499
15205 17053 1287
1523 12912 15928
15758 6949 10298
8806 16720 3085
6931 16778 15417
6033 3150 12114
13904 3764 10751
18892 5318 15791
91 14672 209
15989 6625 15004
9359 5855 10590
15031 2860 18140
2925 4111 10098
6132 1446 1034
5712 12422 90
11263 10572 15457
12326 7736 3676
5952 13973 10620
11342 1279 4646
7348 270 5774
15966 7444 6335
14836 11473 15739
2620 6386 12507
11460 16676 17151
19786 3979 13318
18542 16168 1022
10132 14540 13017
14066 16918 11565
297 16345 8702
16792 16375 11317
8431 3295 9976
9625 7976 8629
1649 11710 10776
4045 9442 7602
7519 18168 11320
6233 4192 16157
4636 14070 17165
10564 7403 7891
14800 15127 19868
785 15393 11583
12287 6799 16922
17788 15425 12178
16556 12821 17393
17287 18606 10665
11599 6902 2219
472 13209 9355
7550 7612 11401
18765 17081 19334
13079 17900 18547
7992 10440 10799
13962 963 16581
8387 3330 5437
15 16 17
9895 12235 3445
16 17 17
11152 9197 2594
11313 16889 4535
1092 17196 17104
11346 10698 12279
4740 16728 16612
16578 1834 7127
14962 5325 18401
10885 8919 7820
18401 2603 12010
6741 8776 984
8733 17630 13299
4720 6436 12439
2726 6276 5616
11425 10955 13573
2423 16267 4521
14598 16996 10096
7436 484 6367
2550 17894 13538
9524 11978 12538
3637 5768 1720
169 5776 16450
7496 7730 17724
9192 7342 612
19992 3148 11441
1026 8196 15516
18549 12720 17315
5890 15289 6723
3109 14185 13480
16183 6823 8754
2070 2151 1310
17994 18098 8920
8650 13594 6917
8856 5093 914
14039 11182 19057
15091 1265 3831
15496 2221 15400
17411 15840 19961
3688 2628 7560
7578 9519 15320
1974 6923 219
8574 16413 13241
17 18 19
12524 17903 3846
8104 12047 15351
15266 12272 6884
12390 3298 8063
5450 887 1646
3745 2020 14916
12624 17335 11340
4282 13425 14575
6334 5689 17034
3583 7420 9335
1990 1504 16152
8832 17876 794
10199 19532 6236
17384 12419 16730
6750 4159 6671
11999 1091 14313
19287 4715 10462
12904 19026 10718
13083 17927 1340
3835 8590 9202
10860 13459 6556
19925 7217 8435
17943 11419 7615
69 1007 16067
9420 14295 19638
5286 8021 13331
1645 18267 5887
6702 11238 2305
18 19 20
211 4963 10872
14524 2855 3948
3919 12783 17584
4175 12057 3432
8025 10383 11655
7670 8227 1175
4331 10665 14197
13096 5061 9868
11911 6403 8785
562 9488 17057
481 18704 15238
4368 10954 2019
1263 10589 9819
11044 14525 18111
10742 7418 2915
17059 6930 3620
7887 18916 7576
17400 1949 19124
19348 2001 9211
9257 4942 17774
18724 2109 6980
3104 9878 3904
8031 2645 486
18196 2973 1361
16791 533 9891
1089 6195 13577
15828 9897 1863
12528 93 13063
124 9309 16151
14391 8767 2794
1663 9309 13229
1625 15027 12673
715 10621 14822
17065 14589 1531
16353 2943 13780
8969 6214 8159
411 6120 5179
14760 774 14384
18581 18211 6188
10781 7598 15210
19987 6775 2189
1760 10975 17857
15035 10910 19465
2857 8173 11453
2154 2908 7811
12991 2144 1805
4422 9620 6195
10001 14229 16312
2041 11045 6175
12000 2796 11648
12844 12498 3967
10059 12713 4769
19677 3349 19798
6883 95 1357
7572 19952 13961
13338 4219 7163
7026 404 4820
16506 7473 16862
18813 9355 17074
13616 4790 3798
7340 10599 4178
7448 18376 5184
9686 16832 6430
14650 14462 10483
8888 4518 14204
2750 3187 11278
833 10987 10397
8262 7187 15320
18118 17129 17842
9194 14160 17124
18278 1591 7969
10433 2449 10626
5028 13987 5757
9885 15757 5190
9759 1806 3670
16547 439 13630
2384 17669 11843
17692 1271 15489
10818 8423 5321
15191 1487 112
13327 18967 14519
1426 10907 7354
16791 194 10379
2275 19729 13270
9929 1791 14528
8997 9277 12474
9471 15593 13987
18680 16498 15926
16399 1296 19250
2877 6164 11715
17345 7125 2801
8110 16440 7966
11649 6422 13332
19075 7024 15838
5933 16584 8196
9412 7927 652
4270 11641 14874
5653 18365 9329
1917 4173 7695
5016 15658 3330
7041 13932 15021
7787 16674 5655
14136 19460 10168
85 15052 3869
9527 7991 17387
512 17991 13582
19966 10068 19694
4821 15536 16209
17798 11839 11828
7769 14260 11526
3338 6001 5068
10912 5516 1449
7577 9435 3328
15184 15799 15690
8537 10905 11317
6422 15233 631
9489 5732 229
11018 15239 29
11831 3783 6652
4082 3337 3200
11248 17563 16586
19 20 21
14138 16568 10806
6329 16529 19056
11379 9586 12697
18463 18859 12725
5512 11815 3092
15898 16668 7211
6289 8243 5176
778 18115 13029
5375 15194 2036
2326 5592 5590
11719 18450 8448
6157 2695 3642
15006 1340 13346
3818 18132 18983
17986 9909 14671
8923 6914 16120
19591 8963 11927
19527 2414 11217
3847 4628 18844
18058 18592 3520
11069 12785 918
4159 17352 6544
13933 8402 9695
4182 7238 3880
16269 1898 18089
14809 11880 1027
10441 5500 10372
949 14080 13102
796 8898 18403
7356 5142 3902
3227 7459 18856
14379 13272 7257
4201 5007 384
18672 11299 15222
6659 5434 16469
967 19169 3350
13555 10806 765
15239 1571 8835
15974 6628 14736
12792 16478 1527
16559 6 9713
5880 6259 15543
3855 4564 15949
14420 13950 759
4335 3240 72
2731 11480 8679
15747 18786 16593
12775 10811 19383
16434 12042 2745
3121 18882 3314
18031 4872 6469
15038 17929 14434
14250 13808 18649
5517 16437 9604
887 7081 16063
18155 3278 11523
17102 8539 13793
6944 6371 6453
8001 10585 5155
10230 3924 3
11249 4119 11889
3861 5941 6767
3273 2184 16038
14774 18747 40
2804 8537 9038
6449 5743 4120
16234 5528 11731
17846 14549 6753
8981 8853 14290
15862 12200 13805
11925 4771 2798
13931 12999 14278
17749 8268 11783
11405 9625 12221
17102 14287 17402
1276 3603 7920
17930 17412 13709
2450 4502 6237
17056 16652 8687
1598 14369 15623
11561 14944 14616
19731 4133 16112
15979 12419 2545
1002 15475 18039
10521 12516 15444
16673 10245 7640
19424 5126 3118
9310 4928 6726
11926 2627 11612
12101 15007 13281
13172 19835 14689
7464 2552 6891
4008 15607 5054
9967 1477 7055
3840 8488 6227
11535 16665 2150
18889 15094 5899
11452 7781 138
204 9705 7120
6309 14235 17621
14625 16256 6917
9273 10659 8093
17795 18619 15988
5997 6116 5749
14368 6024 1714
11125 16711 11311
20000 17036 1897
19641 2943 2822
20 21 21
4959 3743 13294
7607 19020 12737
18502 2659 12975
16267 5341 17147
12676 12205 16053
17651 12002 10710
2830 16121 7696
11392 14640 10282
18838 16417 249
15042 5232 7379
19951 6458 19750
8627 17189 2452
17633 12758 3169
3532 3726 15413
10598 552 7441
4879 1175 13750
5156 6700 13402
14888 16171 19426
922 7005 6349
17705 10488 2198
14659 2180 4925
7606 5868 12281
17785 13489 7803
14150 15188 7620
6904 9165 2985
14856 6991 793
13951 11618 13583
19022 17715 19200
8279 13027 3991
15626 3418 12823
5239 3940 2212
6601 19212 7835
21 22 22
5648 12736 7805
16629 10620 771
4535 6904 9150
7658 3695 1245
8142 7888 16442
3469 6306 12699
18732 10385 16472
18544 15618 14730
9061 14909 12182
15087 1024 4494
18690 16262 7945
16917 18750 19257
16504 249 6836
4779 7462 13953
5498 9660 13354
14490 18143 15103
2474 18106 19169
6732 168 7046
6087 13362 10869
14045 6040 12071
15825 10251 3531
8612 13418 5427
618 12270 9117
9365 5900 11418
19240 11844 3185
4358 11357 13450
1061 16850 13033
4575 6072 19880
4083 5379 124
2642 14629 5666
8732 16246 8658
15676 3958 16393
11815 17790 1800
16259 15493 2861
17285 17836 6635
8312 4695 57
2549 6936 3487
5069 12397 18894
7808 16931 6130
15062 8259 5765
735 9221 8098
18159 10674 10243
19349 17466 5468
4624 10304 14964
926 2867 1754
10437 9350 17728
12653 3442 19788
18342 16916 15616
2837 16399 12882
16201 16686 12088
11764 10708 1528
6705 3986 11889
2359 9121 17433
4939 9730 18540
9210 16850 13143
15502 12705 5404
18374 5126 11194
19656 14348 1821
5753 1476 10973
7519 14606 13576
3702 86 8348
12673 19576 15623
11503 7194 10884
59 10010 12321
8879 17488 19712
11450 14100 13529
9848 11108 4557
15838 13996 5087
5325 11071 15114
2881 1168 9081
4552 3979 2975
8633 12458 3533
13535 2186 8086
7755 1660 16913
5514 5189 6572
5628 1176 6738
19835 3360 19171
10235 1277 748
6962 7569 15147
4428 3413 1369
19706 2653 14587
8339 16012 6920
1810 10216 6170
9469 19489 17797
6685 4108 6680
4310 12397 6638
13363 7623 11123
19952 19767 13371
4512 16857 4575
1854 6378 3700
1656 19733 422
16829 4873 2759
18671 6003 8141
10887 15510 7614
17115 17177 14976
6991 991 6543
162 8069 5906
4600 3677 10636
10141 9710 8874
8970 18953 5860
19222 14595 15853
22 23 24
18118 13270 14861
7565 12715 12264
6060 712 5694
9626 16878 15645
4862 18749 18345
6417 14740 4012
4314 10263 19526
14278 5172 6227
14178 19883 15328
17380 3754 19349
5955 8513 2133
17788 5175 9033
4834 17678 12792
19639 9904 13196
13558 11254 4698
18480 475 16106
13369 7136 12282
11405 15634 6898
10833 19224 10521
6672 3862 13033
23 24 25
1053 5888 16867
17183 1302 1305
938 17877 11876
24 25 25
12905 14032 17642
12471 12974 18568
8887 4562 899
1091 16255 1474
2150 16455 11591
9968 12159 19404
11756 10589 18286
18051 7719 8494
332 1558 7684
14577 18120 12770
13035 8150 2080
11033 1930 12534
14498 15064 9049
2064 5798 14233
4125 2829 13913
11744 9062 5617
8362 16791 3253
4750 5637 14444
4672 14725 13114
12526 6425 9972
2707 18108 7860
7129 1766 5111
2594 5924 10673
12827 6848 4620
3303 15579 12388
5522 7700 11740
19445 2994 6938
14078 7699 5942
17559 1174 13253
10619 929 12780
11054 2886 6905
17050 2525 10431
15481 13100 9810
12279 10363 10744
8588 8694 16938
8663 403 15939
3358 18906 16550
11401 16391 17142
2075 7417 10249
3322 14634 7448
6087 8075 9207
2196 3741 18363
8500 18392 11419
9820 10524 11338
11049 11878 15737
19371 8814 17936
14783 18360 17766
14476 341 15113
12720 5195 9060
17117 13788 4917
14879 397 2387
11685 12104 17538
4556 4900 10833
19948 6010 7370
5149 6166 8347
17206 10668 9197
8197 16161 13888
8891 60 17070
17472 12001 14306
3604 1808 8846
4695 1802 11214
16507 15051 16641
4772 11239 4444
14746 7327 19005
3021 11373 6074
10336 13268 7725
2011 11490 2238
6217 18799 4749
12991 10801 2458
1574 9901 16818
6675 6055 9012
14457 17994 7954
13323 4514 6353
17170 4815 4823
4967 9911 11557
17443 17160 4058
1999 506 9933
14262 18886 15942
5599 11194 5073
8470 12462 2412
7958 6492 12689
512 17118 7379
2703 5375 18028
16732 2739 5641
19405 605 5497
25 26 26
6871 8943 17212
2854 6397 18027
4345 9709 7512
6727 1913 8764
15569 10241 443
7821 17834 9490
3044 7856 3552
13232 12557 16085
3394 9325 11439
16083 13641 6679
13826 7019 17799
12495 3919 12826
8769 2381 2921
13628 17541 12309
14765 10431 16636
2297 567 9755
12581 8077 12079
14645 14196 12327
13205 19259 2624
16657 19626 14304
9319 13880 3591
7655 7108 17156
16376 16259 16122
5357 19938 17023
2227 14000 12373
10309 9304 5540
123 7753 16896
4044 3324 15069
12085 11320 9205
12073 17625 10800
4220 7259 3326
19828 10701 9241
4094 3418 15346
6815 7800 1313
15907 19805 18421
19934 13484 12286
2190 15128 6711
4789 3997 6198
11194 3742 7625
5654 12112 12133
8922 555 5324
10072 10331 9982
2288 6808 13751
15908 11774 14082
14015 8840 9219
5068 2632 16511
6438 7384 13560
4903 9938 12865
2021 4940 16350
12773 5620 4745
12464 2536 14129
3522 4118 16985
9845 7110 14139
16525 5251 13556
4189 16331 10212
12503 6765 7339
15071 4078 19679
4144 2770 19272
6258 6849 5124
5312 18290 8385
5338 10603 19802
3074 9427 8548
17650 3529 4857
7125 6673 7010
11759 17137 3873
18644 17709 1321
6545 3008 15777
3705 5143 9313
1988 3833 14402
3180 3706 4976
18353 12268 19873
6923 12766 14576
7185 2698 16758
19035 2542 7382
12041 14738 5846
11734 12727 10143
4950 11277 4020
18264 13830 7934
5981 17421 9962
18539 7972 9666
11370 17571 14180
13183 2061 14593
6440 19870 2677
3503 12652 12293
19360 9323 10936
865 8120 10557
16639 6970 12757
17932 17655 15628
7157 16516 18552
8569 131 19653
14059 18589 1428
570 4959 17638
10035 16737 11117
6534 4792 3452
14384 19981 9845
7098 16290 5833
12671 7143 17444
13674 18568 1300
4160 13247 18226
5545 699 8267
11023 7386 15199
11916 13820 1306
4991 4300 7651
4588 296 16368
18599 11253 17914
3379 11134 29
4474 9469 10641
16034 12185 15427
17448 596 5071
548 2659 18998
19755 12413 18516
7875 2609 17267
17713 13431 19971
6448 8680 3406
12959 8960 13741
16509 1167 9016
10673 6008 2856
9297 9423 7832
7788 852 9083
9687 13818 7049
18129 5100 9093
19561 1007 5145
12292 10807 4845
7654 1235 9904
11351 13370 14293
16776 11156 14981
6270 12818 2789
4987 6120 8806
7317 16867 524
6599 4026 15512
16810 17544 8324
9973 18546 19663
6321 15032 18408
12024 4743 12102
13355 11118 4438
12023 13829 18761
10998 11888 4716
12167 19387 19084
582 13676 3865
14274 9169 3165
1716 3456 3061
15584 9065 5221
16553 15560 6097
15309 13133 19123
13994 18922 1416
2560 16689 9119
17617 9060 5839
4734 4711 19293
2287 5068 18247
9108 7180 2350
8209 8681 5193
6768 6902 7947
8434 12889 7783
17692 619 7096
10577 16854 3967
4500 1497 15806
14919 9129 19481
4672 3788 16452
8505 771 1121
1779 2280 5580
17113 6078 1855
14868 1532 3077
14166 16083 11401
451 1492 7959
1639 16927 6
17203 1102 17514
4044 18420 6508
19569 14673 9644
16558 12564 3410
13278 4800 1058
6516 14031 4722
8068 7314 18618
19276 8640 17902
8534 14690 12336
589 339 16622
14687 618 6261
7504 2339 19101
18574 2434 16415
9950 18168 303
2498 11439 5008
13079 25 1085
11885 7514 2643
10685 2416 6548
12253 2827 17684
15885 13439 8513
4965 8072 16819
8646 5964 3809
5470 988 16409
16867 13023 12915
6437 14129 18021
893 12690 2098
1897 19093 6397
15355 16031 563
8554 232 14915
7690 127 8568
7488 7444 8484
4478 5634 17295
19666 6365 7088
26 27 28
11407 14648 5995
16538 7341 8752
10239 3805 15949
9818 4093 17178
17766 14384 3322
10285 19511 11620
13806 19093 2122
8785 13505 16021
9819 4862 3298
15464 3476 6290
8266 12500 12773
5957 6303 14034
19278 6317 6157
12802 3973 6525
11737 5966 2758
1801 11845 1311
10395 10645 2660
2583 15778 766
879 9631 12464
142 10755 18439
13387 10029 12327
13924 3382 1142
11856 2611 19141
10049 611 19392
12230 3969 1249
12430 18131 3013
5762 6547 10307
1684 14168 18689
6551 12650 18541
6497 4467 15943
14682 4600 1935
9187 10232 15658
3042 42 8239
27 28 28
13755 10296 361
8373 7521 4109
9750 15626 19817
16168 13924 12259
10922 15624 4799
8954 4923 4515
16966 1960 9096
1773 13890 6769
18073 1484 3671
2793 1990 18278
9338 3657 14748
10901 7868 13031
3979 19061 1444
3724 7565 3994
7623 17539 6336
10482 1588 4572
4603 16887 14545
7863 13837 1367
12667 15561 1805
12956 10278 4687
17152 7313 11789
19569 9179 11235
12877 18025 8275
1861 2656 17417
5450 5667 11275
9829 19355 10803
18923 12334 5947
10623 16397 19802
9146 15223 14462
9833 8389 5129
5917 822 3427
7873 17153 19194
3809 10286 2789
1744 12282 1215
9424 2958 8270
18058 9759 3645
4129 2950 8779
4940 11012 12517
7135 19229 7219
1668 15596 16141
7958 1018 4876
6238 10174 16402
18542 3767 17702
411 13887 11417
2731 8013 3676
19523 8960 12653
885 889 14372
5340 7527 8133
3528 6960 1767
119 14827 17488
743 10597 15174
15299 19010 13470
17060 18214 9997
1449 19523 14525
1458 5262 13486
6517 18307 12911
17932 16144 5650
16423 1314 15039
8494 8257 11946
18282 761 666
17595 19487 9856
15504 10559 16286
2858 7739 1899
3929 195 6927
5767 2508 1792
3215 3621 8449
12374 9577 13944
4630 11585 10632
1402 6817 3027
4869 12858 2465
9432 8199 457
11497 12610 9591
14569 2465 1484
827 4385 12843
15132 11542 12126
1640 4927 3474
17856 11345 8492
1760 16877 13149
10861 12832 259
19612 9786 19407
6301 1897 10990
14148 7198 12270
1061 1367 11075
11958 2431 9346
9472 12184 5739
19958 16878 18383
7589 15780 17332
3721 5619 18381
638 863 17401
5641 11193 13071
5226 12968 16947
13503 15087 11830
19441 9029 77
9428 14380 16537
15500 7818 8506
3958 5440 2648
338 14853 309
13267 4966 17186
18394 11581 12130
14627 4655 15916
2529 16584 11326
18754 2010 7110
13938 5200 18596
3687 6487 3993
16438 16299 10330
16284 16127 11085
2009 4960 19315
3763 13741 11289
11560 2420 1967
14167 17598 15735
3279 2385 2884
640 2343 16196
569 18172 8115
6938 19040 14132
4597 15074 17428
1362 18335 7432
19184 17854 12054
3423 1982 9421
16224 4084 13161
1848 6329 10165
230 17624 5769
5183 14876 8522
15773 12582 9544
8488 18887 18452
12100 3424 11866
16843 15644 16912
18057 3871 17273
1855 6885 7598
11510 14675 4993
18245 3216 12355
19688 16806 12614
18450 8360 17195
15357 7969 7448
4087 3967 16872
9023 12516 8306
13027 11501 18350
17329 14086 9145
8509 14242 11190
28 29 30
8476 7889 13663
19386 11280 14284
4726 10022 13468
8725 17886 2136
2546 1489 2679
15235 5153 16299
4294 13456 10433
8004 15793 12309
17525 8051 6465
16303 12075 5575
1776 15088 5329
12636 5398 16017
14800 7680 10661
6083 7910 4200
14421 9269 16983
6288 2705 11502
10813 2383 15710
5338 10313 4420
17427 14476 6504
1085 8953 908
2684 16583 19937
17150 628 928
3476 6269 6368
16001 10074 15012
14526 2421 7882
956 871 9717
18761 1827 17237
13357 6497 13627
11816 9903 4507
5399 19906 18007
7330 18790 1625
18123 19898 8642
1071 16661 19077
10388 11367 11431
7370 18244 14827
9042 10644 6869
2508 2813 14332
6744 1859 15447
835 1235 15698
14943 14549 101
14168 12163 1158
7898 16611 17889
6446 7809 8405
5098 9694 19603
19563 8049 5443
17713 17288 3662
3004 3895 10553
17206 11144 13353
2388 13977 13091
6007 8865 12635
10420 12098 6565
12664 12280 7181
6861 8633 4571
5324 2001 4410
14534 1459 5938
13017 4864 17996
5413 9556 12904
19932 10232 14156
4514 2248 17556
6980 13650 5275
11529 12624 2191
10573 6099 10769
7256 9624 8388
15764 16934 2149
15236 17982 7364
3498 9518 14113
4558 15742 5459
6432 5494 8069
1905 6847 3697
6107 3335 12296
6001 10111 19546
9956 3961 13647
15285 15497 706
7275 10916 8641
15185 12306 9709
13694 19149 19285
15425 8914 1213
19039 6391 3702
16081 3953 17741
12945 17102 3441
8595 18906 10837
537 7923 5055
10441 2501 15905
925 14584 2111
15474 10348 8735
4183 7386 10574
4571 2680 17245
1797 12811 2604
2770 13004 9310
19392 3271 8364
9554 12814 14275
6505 19488 19888
8513 6407 14742
6326 17587 7082
9662 18384 15755
5057 8222 16435
14789 5534 15602
13242 15760 18965
2532 1477 14595
10481 7045 7574
8066 15638 6899
7081 12669 17551
19006 1779 16036
487 19934 1495
4087 7662 15626
3636 9712 2023
14387 14716 2482
7095 4527 11703
19095 7589 3996
16831 1491 15079
13612 296 5695
7263 18934 12643
11511 3928 8365
15394 17693 16430
5748 9352 7208
10552 14913 6305
5809 16554 17277
1743 8056 18977
13490 15589 17081
16768 17320 11357
8548 4859 11423
7107 18361 10522
15054 19287 4615
14914 4748 14476
16220 2698 19545
13270 14191 19151
9300 18607 2406
1853 13263 18480
17048 9781 9808
9775 5220 16206
13581 7307 1341
1553 7701 2539
7661 15593 8058
10310 15702 18341
10838 8482 1179
9536 9055 6841
8500 1135 13162
16614 2794 3865
11607 5098 16649
6455 11224 3663
13295 12127 3564
5826 9905 12707
17624 11640 3163
19168 3562 13453
16749 7851 10984
9202 9104 12904
12818 3495 15043
8061 5934 15070
7822 18365 9009
760 4417 14003
15807 6208 19404
11112 7815 1537
9624 5465 12124
12253 13022 15880
1516 5353 19621
11428 19401 5600
19140 7128 4457
11593 11632 9410
13140 13656 15119
15228 9107 700
12347 6388 9221
3829 5982 5458
4868 9359 1052
4082 17954 13332
6488 1415 11790
12542 9896 12315
15474 1713 2852
4540 424 4030
7443 17771 12576
19318 19914 2547
8082 1648 16196
15983 15945 11686
1500 10742 17866
3160 16151 13136
5521 12999 2073
16329 12630 2779
17485 3156 17862
8875 2128 13257
15942 10042 13409
3520 105 18508
6574 6106 8112
15049 2249 700
18424 17961 11289
11425 10922 19673
2062 17609 2478
2041 595 16068
3980 18705 15910
18732 3688 6619
2681 8858 6661
4996 18411 7386
11538 19684 3191
18399 5982 4585
13330 18713 19707
3512 8130 1617
16395 18847 12449
9575 14426 11887
10223 19600 9864
5246 10288 10780
14792 3985 12211
9336 16467 11122
4928 17598 10592
19846 10556 4816
16242 13037 5186
9862 13048 1088
4218 2586 7232
2177 52 18599
3597 13565 6305
12859 7332 1636
5711 2784 9615
13379 2174 4294
350 1878 9980
13169 18423 10355
12706 1749 7985
13618 16223 7614
521 1469 9552
10711 13154 13629
5266 15335 15453
14721 628 4050
4416 5603 18231
13268 12317 3897
17370 12973 857
13230 7598 7893
993 56 176
733 9123 5178
8341 2359 2382
16715 1239 7521
1458 18867 5961
11293 8448 17061
5018 5276 2587
7888 11903 13030
12770 19866 7027
2722 3544 11621
16899 9996 4079
18369 2413 11332
12521 10346 16636
15007 948 17686
12556 5036 14937
18439 1358 12787
12897 16822 2535
14486 5453 15836
19808 2257 18404
16106 10628 2632
6358 14801 591
4542 6806 13686
5017 1593 8049
14534 2176 3077
11550 5652 17340
8438 8999 7408
7486 11402 16715
4239 969 14301
9127 18689 8117
10948 9475 12213
12265 4006 1020
14341 18987 5169
5886 17927 2695
9499 19018 11551
7749 17846 4815
14863 19630 4960
10169 12268 3336
5 6862 10231
14504 2107 16317
11758 2084 9564
6029 16638 4141
13855 6896 7964
29 30 30
3136 9039 6319
18736 19310 11172
18350 9602 1387
9701 9158 7260
8504 16157 12772
19962 9264 18699
14210 9657 9537
1071 15485 19552
10749 18459 2119
11084 17615 5699
3812 9986 1747
7041 8174 16772
6000 5433 1268
14762 2460 7920
7280 12710 11736
17945 17810 4248
154 2326 14383
7009 11410 5145
4262 8268 18084
7058 4432 2116
17584 14644 12972
4031 6312 9363
12005 7030 4307
14628 8453 17425
18130 13503 8748
19521 18252 3605
19721 2368 19575
7963 1847 15679
10797 11465 16173
14923 9243 16261
18339 11957 15437
19596 5229 14405
1116 4115 4897
12360 11704 18806
689 13634 2661
9914 15285 11620
9914 4262 19041
6053 5332 8536
2571 14373 354
15216 11298 14799
7177 1268 11674
5275 4676 4185
12403 13500 9982
7702 14632 10165
14428 7518 6725
8803 19345 6993
1359 11111 344
3318 7189 6940
3527 7602 5
2916 6944 9642
12313 10718 11338
15282 8764 6888
19097 12291 17279
5212 10110 18236
18377 6489 893
4600 16877 8419
10128 5377 19667
16585 11540 13756
16800 16475 14514
1161 18452 15200
1759 13175 1826
10431 9205 6211
18161 19932 16826
16284 1791 4201
11862 4373 8017
10058 7379 19235
18178 9441 13953
14179 17674 15625
1457 5500 19348
15502 13137 1288
8968 4041 9793
3784 12931 10015
13468 2268 12855
569 13976 125
16397 5693 13191
13176 3716 6705
14709 5687 16117
7521 10417 6173
13679 9468 15215
8638 1614 12250
19343 5492 11659
8759 7719 17028
15075 4609 2793
5072 11914 16803
11253 8610 11725
6761 6811 11386
12308 3637 16609
19588 11020 6054
16864 10412 11119
17914 18271 16184
9969 2917 16399
7480 4986 1341
9624 4940 13427
13653 15368 17130
14433 12843 12120
12787 10642 6967
3058 5739 11096
3122 10695 18606
12578 16893 13021
8797 3792 13286
18376 19277 13324
14917 685 19743
11676 5703 15328
3896 8849 13492
659 18986 18739
7181 72 5565
4198 9275 1028
3685 7765 12826
15943 4726 11916
12495 5203 18936
12692 12324 14320
18836 16173 165
8313 12245 12331
9198 19708 10998
2449 11883 2357
2572 11331 15510
2975 12867 741
10055 14638 4003
19432 5568 7004
4353 19210 19784
2687 12696 16754
9623 12905 7426
16318 8860 912
11424 7839 13163
5721 1655 17955
10275 5394 2015
5120 8900 3673
16214 10444 15648
12478 17346 1120
5229 11357 3462
15329 5932 1408
16839 2832 5552
4885 2290 2137
5644 16765 8889
2962 2685 3156
1612 18577 11864
15464 14308 14738
2112 7178 1883
16612 10185 17812
10962 8388 14032
6479 4540 6645
10452 2315 19117
4936 1948 17213
8198 11815 16842
15861 16611 8410
6069 17550 4480
15531 9132 1559
17769 5765 5743
8989 1426 3743
10830 4476 17647
657 12331 1375
2382 18539 9893
2759 12717 19814
3308 10693 13614
2540 13759 19438
1085 17117 16462
16130 9812 6607
10685 14411 19389
15872 5063 14936
15475 19010 142
1962 2047 8647
10015 17257 4591
1784 19282 3328
5834 18117 10531
11212 16004 18598
11033 12681 18765
9428 17825 15735
13745 5541 1220
1548 9680 17794
16392 18702 7992
9574 4308 3244
2011 17837 16934
19598 6762 10593
8993 18577 4729
6689 6754 10382
18051 13589 6322
3586 5638 10723
1178 18958 137
7298 16143 12317
13626 2225 4793
6155 17229 3001
14897 17837 16828
6187 11721 528
5547 508 2275
15929 19531 12564
5664 3336 1720
16413 3830 12866
