9835 1804
232 9835 4068 1154 9529 6277 1508 5429 8430 2463 2493 7483 5292 3293 4445 9137 850 209 4927 4532 2843 7355 3821 9959 5172 7757 9784 124 7600 3934 6099 8462 9123 1082 6951 3737 4377 3278 8400 9934 6894 7423 2557 8434 5654 9954 4690 2558 8132 9491 1031 1982 7333 2017 1224 788 3428 7742 1812 7492 6325 5138 6673 2520 717 9462 8837 379 774 7835 2684 3792 2990 9315 5719 6042 7766 4852 5112 1011 3205 8778 905 4262 8050 2100 750 6799 2246 1395 5212 3212 6690 5307 585 3415 6540 4198 2060 6173 5373 996 8913 4334 7011 1064 5527 6111 9105 2840 2531 6410 1883 1215 269 4763 7165 492 3552 1891 4340 5377 4988 3030 881 7143 7462 2127 8427 3464 1909 7449 5883 802 8484 3174 144 440 3812 5290 1675 7234 4761 2814 8450 1354 1851 4959 6351 7183 6629 15 1312 7828 3015 7729 7254 9552 7461 8623 360 1188 5889 3606 7489 5115 8742 4640 1370 6313 637 9210 3799 7718 1728 1083 993 3758 7086 3590 9003 630 9153 3193 7732 6758 8229 4605 6352 9923 2102 273 9505 9651 7547 1762 1076 8789 6728 5012 2225 8195 1801 4398 8082 3942 4906 6285 2760 1773 1625 3021 8006 2510 311 9341 7373 1445 1697 2599 5900 5548 4409 4635 8601 8455 5494 6715 6059 1353 9330 4752 1804
2 9835 1804
4046 9638
111 4046 4889 945 9301 7021 9121 3554 1315 1687 1620 3441 8343 2994 2947 1691 40 9051 4857 1401 5920 7547 7648 6575 9289 9441 9463 3310 1059 2420 8815 9148 3621 5674 510 2816 7044 8227 7525 9392 4410 5585 791 27 99 154 7595 480 6435 2042 5213 3860 4541 7151 7325 9322 5836 1053 2337 6794 6194 4947 2435 5821 1247 4803 2499 1414 4253 8552 6582 1466 1484 787 356 5138 1535 9366 1306 7661 4187 9018 3033 4283 4315 4237 4943 8371 9516 5074 4549 8961 4036 4807 6035 3820 6698 7508 1084 665 2172 4393 1653 8335 5482 9749 2058 1657 4040 9246 5272 9638
2 4046 9638
5696 978
62 5696 1444 6018 4204 7259 5783 4220 4931 3557 4002 2129 7690 5606 5973 5892 2073 1915 2367 4681 8400 989 4802 2771 8562 8771 962 9923 6490 6831 2477 7754 6600 4324 9136 4237 4796 7337 7921 8404 973 3560 9702 9053 4708 5218 8214 655 3132 2055 9362 7720 8085 3375 617 6756 4415 1379 6412 6425 6295 7879 978
2 5696 978
9296 2998
141 9296 1974 8954 8800 3604 417 5783 6245 5869 7831 9793 1398 8418 9288 1978 4783 2319 6922 7511 6349 3970 1572 6611 8037 4239 8100 7194 3643 6606 1002 8047 4427 4795 6138 9750 7620 1110 3998 8474 2456 8209 9634 7816 7790 4645 7638 83 9840 2989 3152 9598 7773 2856 5703 5685 5368 427 1977 9700 3383 3213 1798 1214 8917 4426 2114 8023 4896 1665 8583 3995 4395 6710 5313 2917 670 1872 8208 3976 7649 5052 6057 1242 7237 6776 7830 4356 3963 1641 1281 6851 4842 6182 749 1162 4093 490 2653 9086 2467 7958 5259 3912 9038 3260 7811 7431 1252 3640 9373 9896 6941 4992 5183 7425 2419 3355 5318 923 206 5335 5643 8303 1356 5601 8543 449 1470 6955 433 8734 6318 5323 3642 9773 6978 2249 8462 4872 2849 2998
2 9296 2998
4582 6340
84 4582 562 6904 4846 6990 8969 3729 565 1421 4427 4603 6154 4764 1858 9004 5821 2805 7726 4929 989 1141 3649 3194 1311 2974 6931 2347 8909 4182 3022 59 7171 2487 1569 5414 7650 2975 5807 6397 2174 3280 7919 8627 9634 751 9531 1186 5514 2823 5397 2241 5738 6839 95 3124 9869 9491 3172 9157 9715 7825 8637 2539 7672 841 6264 3395 1568 4924 9607 4597 13 7215 6286 6900 3526 5900 8279 2351 9967 1207 9353 9081 6340
2 4582 6340
2839 3423
130 2839 4508 677 1275 7089 3587 3321 4402 638 7296 8919 9888 583 5507 9384 6601 6006 6116 4334 8155 7429 2110 7163 8842 3312 6878 5814 3982 7482 9816 2201 725 8983 9609 9843 8201 1067 2169 7406 4218 6625 7027 7616 2015 1990 1207 2751 3648 1726 6871 5658 9931 4878 5259 1808 1106 1169 5679 85 5673 5125 5938 8850 7818 3148 3687 3124 1123 2494 6662 5354 8245 5939 8970 6873 5541 780 1171 4731 8757 7872 7837 863 8734 6081 6782 6869 2965 9751 439 1887 7283 7069 5900 6434 3911 9106 8773 3272 9683 7802 4799 478 5341 7772 7050 7430 848 3652 2331 7092 42 8113 665 7778 1822 2896 5402 1432 2159 4869 2504 8340 9374 3309 518 5637 6122 6348 3423
2 2839 3423
1867 3440
138 1867 7609 9391 1583 2365 383 3777 1081 1610 1529 1437 3300 7668 4639 7554 5545 7740 5210 1454 3891 1029 7038 7265 4210 5483 7851 1785 3322 1616 2122 8218 9428 937 3331 6843 7514 1918 3317 6646 6350 6926 130 7660 9107 1353 5920 5391 7330 9332 1417 9943 7495 4265 5084 2446 4450 5508 1834 7284 6855 7031 2393 2027 7902 230 7253 2811 7667 8524 8154 8688 6023 7397 9387 6743 5821 1058 6062 181 5358 7480 958 3152 5062 4865 776 1347 9236 4953 3742 5102 2094 9026 1335 8516 9483 6976 7437 6060 8871 8942 4349 5521 7906 6808 7403 1634 3281 9215 5803 7090 7868 4264 9705 8057 254 8925 4690 4577 537 6346 3081 1802 4783 1617 6131 8006 4202 6887 8011 6605 6997 1044 7343 1259 8213 3213 3440
2 1867 3440
5811 7094
111 5811 3730 3416 4295 1789 2843 394 5901 6749 595 9375 7791 5095 8624 3660 1531 3772 4410 8508 4387 5600 7837 240 6171 3326 3726 5172 4484 8635 8232 2535 7606 4333 5280 594 5522 8565 8802 9502 6524 6328 5836 7596 940 4543 1599 3454 8001 458 7280 7572 5631 9621 8233 8971 2206 4588 4141 7075 3826 6860 6350 4378 4059 3422 200 9914 5706 71 3939 920 6109 7820 285 5486 4552 35 4766 5416 3433 4650 3557 4523 4693 3890 3379 6674 2649 4893 9775 3131 4020 2583 705 6025 9882 2682 839 19 1794 439 6099 5412 7161 6596 6506 6553 9390 3385 4742 7094
2 5811 7094
1006 9745
21 1006 4067 3758 4326 1643 4291 693 2242 1910 5563 1734 2363 2576 8827 2035 9120 4467 1376 9660 3936 9745
2 1006 9745
9023 6996
79 9023 2047 7628 2399 3060 7024 429 1651 5297 9302 3200 5222 6789 8003 9869 4513 5072 4211 3792 3418 1167 1082 9466 1210 9673 549 8133 6614 5770 2323 1137 4489 6190 5810 3244 2078 502 8233 7506 4928 8727 5553 3931 482 8540 1444 8445 3481 9794 8979 8127 5391 8541 8081 2701 3872 994 1989 6089 8239 8747 522 5670 8545 9224 160 7101 7871 1051 6811 4811 8092 866 3445 8677 5695 1402 3995 6996
2 9023 6996
