176 126
10 176 48 98 125 78 141 182 44 2 126
2 176 126
2 176 126
92 127
47 92 25 194 181 121 169 126 140 81 180 23 145 125 85 142 160 163 106 24 45 159 177 89 97 135 98 129 38 61 51 60 21 105 101 124 195 39 119 200 29 55 114 17 14 111 31 127
2 92 127
2 92 127
175 190
30 175 21 88 10 130 22 177 98 153 70 85 51 53 36 59 57 147 170 104 149 90 44 32 142 135 18 127 12 20 190
2 175 190
2 175 190
100 16
2 100 16
21 100 161 32 196 35 173 186 89 71 145 120 158 63 163 13 14 137 171 126 25 16
2 100 16
79 84
13 79 173 157 181 178 95 105 98 97 125 22 107 84
2 79 84
2 79 84
105 78
34 105 43 114 188 51 103 187 120 1 152 12 180 192 160 39 153 54 66 126 14 11 168 115 72 116 24 46 55 83 197 67 128 164 78
2 105 78
2 105 78
135 27
16 135 138 103 13 78 198 125 11 72 180 157 65 24 84 112 27
2 135 27
2 135 27
32 21
23 32 168 172 148 126 45 73 182 161 114 151 30 31 79 167 13 62 40 180 75 163 110 21
2 32 21
2 32 21
113 36
2 113 36
8 113 65 148 172 193 62 182 36
2 113 36
34 164
2 34 164
13 34 5 57 22 148 53 110 117 167 135 65 12 164
2 34 164
91 124
2 91 124
19 91 73 17 121 135 43 32 176 169 21 142 166 48 90 93 188 109 23 124
2 91 124
87 141
13 87 72 22 127 33 7 166 129 16 146 174 191 141
2 87 141
2 87 141
7 6
23 7 105 195 178 137 20 188 13 70 125 185 113 88 30 184 175 87 67 61 177 116 100 6
2 7 6
2 7 6
93 10
7 93 159 51 131 145 186 10
2 93 10
2 93 10
164 170
27 164 31 2 176 46 169 58 94 42 102 92 30 180 87 178 100 67 29 186 79 165 3 158 157 175 85 170
2 164 170
2 164 170
32 189
29 32 131 93 65 57 136 30 186 68 149 99 124 22 155 139 5 177 3 138 52 49 122 195 154 174 118 44 23 189
2 32 189
2 32 189
89 48
2 89 48
27 89 154 59 100 126 141 200 4 34 139 62 131 51 148 12 178 77 187 106 193 198 142 191 47 163 119 48
2 89 48
140 121
2 140 121
10 140 34 137 142 139 176 166 129 76 121
2 140 121
53 147
32 53 151 138 163 79 112 21 39 35 34 158 97 31 88 166 38 155 186 69 162 169 156 189 183 127 85 10 80 149 16 23 147
2 53 147
2 53 147
155 188
5 155 128 141 197 188
2 155 188
2 155 188
180 51
11 180 62 80 129 47 130 55 118 89 43 51
2 180 51
2 180 51
84 160
23 84 174 73 196 125 192 36 199 59 27 92 119 150 39 67 32 136 142 114 173 75 149 160
2 84 160
2 84 160
97 63
2 97 63
11 97 83 75 6 34 112 35 118 193 167 63
2 97 63
43 187
11 43 87 179 65 78 158 17 126 138 169 187
2 43 187
2 43 187
199 55
27 199 114 152 51 118 62 31 42 144 138 129 6 39 19 140 198 100 35 174 11 106 94 158 33 162 45 55
2 199 55
2 199 55
66 88
20 66 170 79 50 5 133 197 38 187 140 171 164 7 137 32 60 126 57 132 88
2 66 88
2 66 88
74 43
22 74 26 81 6 164 58 156 55 175 94 151 142 178 4 127 40 75 190 180 118 14 43
2 74 43
2 74 43
187 93
7 187 175 64 31 23 38 93
2 187 93
2 187 93
33 103
14 33 148 172 81 176 57 49 39 102 92 162 54 71 103
2 33 103
2 33 103
112 135
2 112 135
16 112 19 166 53 108 107 2 66 15 86 133 42 161 41 116 135
2 112 135
86 140
3 86 196 140
3 86 196 140
2 86 140
113 152
17 113 31 135 131 27 42 162 92 178 194 125 185 171 96 175 120 152
2 113 152
2 113 152
127 152
14 127 110 161 58 144 178 19 167 103 73 22 6 159 152
2 127 152
2 127 152
65 191
14 65 162 147 109 186 177 188 184 10 163 2 31 25 191
2 65 191
2 65 191
24 40
15 24 3 100 131 22 83 175 74 186 27 104 55 38 73 40
2 24 40
2 24 40
75 28
3 75 128 28
3 75 128 28
2 75 28
102 56
10 102 69 185 55 73 143 87 152 189 56
2 102 56
2 102 56
104 81
2 104 81
14 104 2 8 84 9 38 87 103 188 57 6 163 144 81
2 104 81
23 103
2 23 103
3 23 192 103
2 23 103
2 187
2 2 187
8 2 31 64 133 15 51 152 187
2 2 187
46 143
24 46 84 10 87 135 96 11 162 91 50 176 12 163 33 17 47 147 86 144 53 28 92 115 143
2 46 143
2 46 143
5 179
29 5 3 95 160 158 122 154 146 80 56 187 195 181 50 10 57 77 79 102 55 147 125 150 153 190 107 81 1 179
2 5 179
2 5 179
88 146
30 88 105 170 30 122 17 160 4 164 117 54 33 84 185 191 172 26 100 102 2 142 31 44 86 38 174 3 149 19 146
2 88 146
2 88 146
144 13
2 144 13
22 144 108 151 157 92 114 183 3 27 147 48 159 6 192 15 64 53 180 32 45 186 13
2 144 13
39 116
14 39 147 50 193 106 22 199 73 136 25 27 18 139 116
2 39 116
2 39 116
77 115
20 77 12 160 35 62 16 58 116 32 45 179 30 142 154 9 23 109 108 69 115
2 77 115
2 77 115
38 147
32 38 99 51 12 177 122 32 96 168 13 166 134 1 36 58 191 77 159 19 94 145 22 162 105 66 106 44 170 155 117 164 147
2 38 147
2 38 147
186 26
2 186 26
11 186 90 174 109 169 44 172 100 66 40 26
2 186 26
186 7
17 186 22 117 152 17 104 70 88 91 122 199 15 74 46 118 50 7
2 186 7
2 186 7
31 46
19 31 99 186 63 76 92 144 96 18 199 191 114 193 115 57 2 105 62 46
2 31 46
2 31 46
73 150
15 73 95 93 152 32 135 40 97 103 161 94 187 79 70 150
2 73 150
2 73 150
74 96
14 74 130 79 45 35 23 107 42 6 124 22 95 147 96
2 74 96
2 74 96
159 49
11 159 142 167 122 158 88 173 74 50 68 49
2 159 49
2 159 49
101 5
35 101 104 69 151 106 160 124 88 97 40 165 100 179 137 166 117 159 110 83 114 64 170 68 46 105 185 63 43 67 177 122 116 27 95 5
2 101 5
2 101 5
190 118
2 190 118
2 190 118
2 190 118
85 92
11 85 107 78 59 156 149 25 114 4 83 92
2 85 92
2 85 92
10 89
23 10 143 150 87 98 84 7 115 9 183 109 116 174 164 61 133 62 165 102 166 129 187 89
2 10 89
2 10 89
93 156
25 93 77 127 71 118 83 131 170 61 12 56 75 6 13 114 49 180 32 104 36 150 145 115 135 156
2 93 156
2 93 156
73 16
23 73 50 41 172 29 21 134 3 1 2 46 169 162 11 31 63 173 136 82 147 198 161 16
2 73 16
2 73 16
47 72
2 47 72
21 47 80 191 182 142 103 117 29 93 11 146 53 82 94 145 16 165 9 139 155 72
2 47 72
130 15
20 130 105 171 180 115 136 149 134 5 113 67 118 146 163 2 53 47 9 88 15
2 130 15
2 130 15
26 129
2 26 129
9 26 7 103 168 190 184 121 163 129
2 26 129
24 157
23 24 110 151 196 16 188 180 158 137 162 80 60 149 147 141 120 87 127 12 122 78 61 157
2 24 157
2 24 157
41 43
40 41 143 107 131 185 48 133 20 197 86 152 90 3 181 174 45 94 88 37 179 191 42 167 31 155 77 151 29 180 7 101 10 75 150 36 164 62 184 136 43
2 41 43
2 41 43
73 78
36 73 182 48 19 128 171 92 167 154 122 149 21 138 40 36 12 62 186 4 9 33 59 86 35 103 15 130 146 117 53 183 38 99 136 127 78
2 73 78
2 73 78
154 110
7 154 151 32 91 90 3 110
2 154 110
2 154 110
19 152
7 19 74 178 123 141 32 152
2 19 152
2 19 152
47 115
23 47 57 199 25 79 156 44 119 171 46 90 27 176 101 69 167 3 128 45 77 151 105 115
2 47 115
2 47 115
70 114
20 70 53 54 69 33 134 77 29 144 98 163 11 153 62 184 172 34 9 118 114
2 70 114
2 70 114
125 52
17 125 117 20 173 39 180 127 191 199 46 164 189 159 83 57 69 52
2 125 52
2 125 52
59 158
24 59 90 46 21 128 41 101 127 131 135 25 187 143 125 64 112 151 63 181 28 60 65 87 158
2 59 158
2 59 158
107 116
14 107 82 162 179 47 151 110 98 17 139 189 199 159 116
2 107 116
2 107 116
137 109
12 137 134 97 79 42 163 89 161 167 38 76 109
2 137 109
2 137 109
26 148
21 26 68 47 140 70 65 13 120 177 1 5 24 79 167 142 157 60 121 9 20 148
2 26 148
2 26 148
118 163
16 118 160 85 190 183 10 156 22 107 1 91 143 192 175 25 163
2 118 163
2 118 163
28 42
13 28 141 136 39 95 116 165 99 17 62 183 146 42
2 28 42
2 28 42
86 33
31 86 57 21 77 71 161 53 127 1 32 93 96 80 129 82 72 51 61 35 56 106 172 67 186 37 17 132 157 12 177 33
2 86 33
2 86 33
116 19
2 116 19
14 116 38 24 176 64 43 169 149 90 40 41 109 32 19
2 116 19
64 106
5 64 87 9 78 106
2 64 106
2 64 106
166 167
10 166 198 2 57 195 100 91 174 133 167
2 166 167
2 166 167
19 59
31 19 148 52 184 151 46 120 189 136 194 183 177 85 182 78 107 32 196 95 147 14 162 188 181 54 157 192 119 109 155 59
2 19 59
2 19 59
85 129
11 85 1 199 80 103 92 14 15 16 200 129
2 85 129
2 85 129
55 27
8 55 159 191 77 43 102 2 27
2 55 27
2 55 27
9 119
20 9 100 86 193 42 58 4 183 127 170 75 102 7 172 169 199 125 99 150 119
2 9 119
2 9 119
153 160
24 153 166 29 104 87 195 34 117 51 142 9 158 154 130 93 168 127 132 92 58 162 196 26 160
2 153 160
2 153 160
146 24
12 146 118 136 144 107 115 19 71 73 16 34 24
2 146 24
2 146 24
20 123
8 20 91 112 60 56 116 90 123
2 20 123
2 20 123
177 162
2 177 162
17 177 160 73 61 132 175 127 14 39 51 32 5 179 46 7 48 162
2 177 162
52 15
2 52 15
11 52 11 141 173 167 145 166 146 19 119 15
2 52 15
36 53
17 36 132 118 93 3 85 6 59 41 5 146 152 159 78 92 151 53
2 36 53
2 36 53
28 15
22 28 160 37 77 200 108 123 99 43 142 95 38 17 96 112 75 76 156 20 172 88 15
22 28 160 37 77 200 108 123 99 43 142 95 38 17 96 112 75 76 156 20 172 88 15
2 28 15
185 139
34 185 52 159 75 199 191 16 103 53 62 67 65 111 30 162 183 136 28 92 74 88 22 40 19 186 190 128 134 180 196 175 154 177 139
2 185 139
2 185 139
103 181
2 103 181
24 103 180 65 12 10 73 136 124 11 158 14 188 173 105 20 163 107 22 85 17 187 35 112 181
2 103 181
81 39
10 81 159 46 103 82 124 88 32 186 39
2 81 39
2 81 39
199 84
10 199 127 135 197 33 121 102 182 105 84
2 199 84
2 199 84
115 24
13 115 136 118 72 21 117 132 100 32 170 196 45 24
2 115 24
2 115 24
199 189
22 199 120 187 86 75 153 183 45 90 197 5 21 162 143 190 14 50 32 140 114 141 189
2 199 189
2 199 189
59 145
11 59 199 80 21 124 155 196 122 104 169 145
2 59 145
2 59 145
31 30
12 31 78 46 83 199 88 170 111 150 152 117 30
2 31 30
2 31 30
147 182
42 147 73 28 36 106 180 198 98 25 97 79 162 32 6 22 29 181 53 141 143 101 167 108 96 119 26 133 174 150 154 76 126 185 15 178 11 75 44 187 49 30 182
2 147 182
2 147 182
47 91
27 47 194 135 77 80 24 136 93 3 157 51 43 10 48 138 139 5 15 59 83 31 184 46 21 2 182 91
2 47 91
2 47 91
59 66
14 59 127 85 141 183 25 200 150 1 196 15 154 13 66
2 59 66
2 59 66
31 33
2 31 33
9 31 8 191 105 41 34 170 169 33
2 31 33
129 184
11 129 54 152 8 12 50 131 66 85 139 184
2 129 184
2 129 184
132 80
34 132 177 171 32 199 10 164 19 188 49 180 130 124 85 95 66 112 160 8 25 186 113 54 14 115 182 48 105 96 4 190 63 38 80
2 132 80
2 132 80
58 3
28 58 21 89 47 6 121 187 141 149 39 181 139 134 110 167 71 113 64 43 106 192 9 144 197 77 90 23 3
2 58 3
2 58 3
28 145
16 28 126 156 78 58 101 172 164 72 48 56 177 102 43 170 145
2 28 145
2 28 145
151 95
2 151 95
8 151 192 35 152 134 181 96 95
2 151 95
19 149
24 19 37 39 80 82 191 35 1 172 21 26 18 163 173 60 45 167 139 152 107 158 145 29 149
2 19 149
2 19 149
88 197
29 88 200 9 11 24 30 178 150 63 21 114 122 138 67 8 84 6 164 149 195 130 184 106 73 55 123 51 66 197
29 88 200 9 11 24 30 178 150 63 21 114 122 138 67 8 84 6 164 149 195 130 184 106 73 55 123 51 66 197
2 88 197
67 78
2 67 78
7 67 53 75 189 4 50 78
2 67 78
25 87
9 25 61 50 117 120 9 182 68 87
2 25 87
2 25 87
20 142
2 20 142
2 20 142
2 20 142
168 190
14 168 28 145 34 12 135 49 108 104 61 183 123 9 190
2 168 190
2 168 190
183 30
29 183 27 63 97 24 47 82 38 146 182 187 53 119 99 20 169 7 95 58 138 64 79 104 105 149 134 143 103 30
2 183 30
2 183 30
127 20
11 127 7 177 80 75 98 137 16 118 81 20
2 127 20
2 127 20
4 96
13 4 12 169 106 130 154 111 114 119 167 57 44 96
2 4 96
2 4 96
177 71
8 177 78 166 172 190 75 132 71
2 177 71
2 177 71
33 173
4 33 175 65 173
2 33 173
2 33 173
145 11
18 145 113 87 80 29 191 135 36 54 44 93 162 7 66 75 171 46 11
2 145 11
2 145 11
17 181
13 17 131 119 5 13 143 40 73 22 38 47 148 181
2 17 181
2 17 181
66 33
13 66 146 2 140 138 67 64 173 36 161 65 183 33
13 66 146 2 140 138 67 64 173 36 161 65 183 33
2 66 33
145 139
2 145 139
6 145 1 80 81 79 139
2 145 139
192 107
15 192 165 133 179 103 20 58 78 23 2 184 5 34 200 107
2 192 107
2 192 107
186 50
30 186 199 137 126 105 76 148 147 18 160 48 175 75 39 129 97 170 108 47 68 169 7 58 72 69 163 56 63 104 50
2 186 50
2 186 50
119 132
43 119 158 123 127 103 195 149 85 70 141 122 169 25 116 44 78 15 94 113 93 174 27 115 183 19 43 114 142 163 181 178 108 87 164 107 96 182 136 147 11 45 9 132
2 119 132
2 119 132
93 5
27 93 192 30 20 163 32 7 15 188 85 107 12 129 31 71 100 153 113 131 162 158 199 43 173 139 55 5
2 93 5
2 93 5
178 184
8 178 94 130 23 163 66 81 184
2 178 184
2 178 184
44 191
2 44 191
9 44 133 24 73 67 15 38 184 191
2 44 191
34 37
24 34 40 168 146 165 196 84 42 194 190 136 26 111 115 55 143 157 147 161 126 103 97 71 37
2 34 37
2 34 37
88 193
7 88 199 98 50 133 18 193
2 88 193
2 88 193
102 188
6 102 156 41 83 35 188
6 102 156 41 83 35 188
2 102 188
117 76
2 117 76
22 117 101 132 190 30 138 105 23 6 157 20 100 137 47 155 131 54 52 125 199 49 76
2 117 76
37 153
33 37 41 67 159 35 167 65 30 53 165 77 105 117 2 59 129 118 57 180 178 103 63 124 182 192 145 177 106 55 101 169 68 153
2 37 153
2 37 153
194 188
17 194 154 152 189 141 106 20 169 33 149 52 173 28 139 116 124 188
2 194 188
2 194 188
97 81
7 97 16 137 124 150 85 81
7 97 16 137 124 150 85 81
2 97 81
121 186
34 121 55 105 58 177 39 14 149 27 154 47 190 7 51 117 182 193 148 161 110 81 100 155 113 171 188 106 103 57 45 33 54 68 186
2 121 186
2 121 186
108 90
2 108 90
30 108 139 43 150 33 141 157 137 159 53 39 142 47 97 143 58 158 189 11 51 27 112 100 71 49 156 87 6 93 90
2 108 90
33 138
2 33 138
7 33 24 128 180 14 60 138
2 33 138
70 118
21 70 56 33 146 115 46 161 12 43 44 126 35 176 36 132 72 110 52 141 107 118
2 70 118
2 70 118
75 130
2 75 130
4 75 110 188 130
2 75 130
101 138
2 101 138
9 101 44 76 109 121 68 88 98 138
2 101 138
137 124
21 137 59 182 161 165 71 91 25 98 174 168 154 37 104 194 106 39 34 163 122 124
2 137 124
2 137 124
3 21
9 3 61 163 151 68 67 4 25 21
2 3 21
2 3 21
193 141
8 193 3 162 58 181 137 131 141
2 193 141
2 193 141
152 27
17 152 50 17 18 79 176 160 127 87 69 135 165 155 20 43 33 27
2 152 27
2 152 27
99 199
8 99 136 9 14 189 98 2 199
2 99 199
2 99 199
44 186
15 44 126 125 138 23 24 2 97 64 107 98 165 169 47 186
2 44 186
2 44 186
47 197
2 47 197
14 47 19 141 7 66 144 99 150 31 101 140 100 36 197
2 47 197
184 120
34 184 68 7 45 197 27 163 33 30 91 22 151 74 70 126 143 130 134 138 124 51 49 119 5 86 194 21 24 196 23 94 1 144 120
2 184 120
2 184 120
29 139
2 29 139
8 29 181 63 105 66 12 21 139
2 29 139
70 143
2 70 143
5 70 153 46 39 143
2 70 143
29 185
28 29 108 194 66 14 70 56 173 83 198 101 55 16 181 166 24 100 138 116 49 77 89 120 124 112 31 98 185
2 29 185
2 29 185
32 43
9 32 83 130 162 24 120 187 164 43
2 32 43
2 32 43
192 74
15 192 177 180 115 161 55 195 111 194 13 155 52 200 3 74
2 192 74
2 192 74
67 94
27 67 1 158 50 152 26 16 126 154 116 129 43 143 163 62 107 30 172 181 193 12 14 137 92 156 141 94
27 67 1 158 50 152 26 16 126 154 116 129 43 143 163 62 107 30 172 181 193 12 14 137 92 156 141 94
2 67 94
23 132
10 23 98 83 49 69 50 33 190 184 132
2 23 132
2 23 132
29 135
2 29 135
27 29 94 112 77 74 191 200 127 71 89 147 134 128 111 137 174 167 27 81 80 86 103 176 161 102 142 135
2 29 135
70 65
18 70 128 23 36 177 69 22 32 57 148 169 1 190 113 43 183 21 65
2 70 65
2 70 65
93 85
12 93 84 146 35 161 160 156 126 48 39 41 85
2 93 85
2 93 85
61 99
13 61 11 62 30 5 63 151 105 154 15 89 109 99
2 61 99
2 61 99
118 80
23 118 47 165 150 196 162 168 29 144 6 182 154 16 185 54 44 101 78 96 192 51 77 80
2 118 80
2 118 80
55 52
35 55 73 155 136 25 88 143 45 181 161 184 192 42 95 66 105 130 160 26 5 121 7 90 46 116 94 102 114 158 97 87 53 82 85 52
2 55 52
2 55 52
81 49
2 81 49
24 81 83 18 53 46 2 84 191 117 62 14 101 130 50 39 96 121 138 173 24 126 116 123 49
2 81 49
100 79
2 100 79
15 100 125 18 61 93 29 26 136 43 104 147 109 126 7 79
2 100 79
115 1
7 115 39 98 162 35 28 1
2 115 1
2 115 1
49 58
27 49 143 25 31 34 12 56 35 3 80 114 74 154 165 54 55 81 95 139 86 52 71 191 10 17 134 58
2 49 58
2 49 58
117 60
44 117 80 136 21 94 24 100 180 151 98 172 177 119 133 104 46 72 73 198 78 9 10 57 116 155 97 36 12 29 92 176 150 4 28 65 158 62 106 43 163 47 122 130 60
2 117 60
2 117 60
134 38
8 134 95 132 190 113 25 66 38
8 134 95 132 190 113 25 66 38
2 134 38
88 153
9 88 61 140 60 128 52 87 177 153
2 88 153
2 88 153
119 95
13 119 24 10 114 69 77 116 49 131 191 147 185 95
2 119 95
2 119 95
120 101
8 120 115 62 106 132 198 49 101
2 120 101
2 120 101
91 165
27 91 54 141 100 169 43 28 124 131 138 184 112 41 132 182 55 175 152 78 42 142 26 153 13 80 2 165
2 91 165
2 91 165
43 7
33 43 188 70 168 20 167 57 164 189 152 62 95 145 40 19 165 32 119 138 103 172 13 23 108 21 58 148 135 181 18 115 26 7
2 43 7
2 43 7
87 131
19 87 123 119 6 185 196 24 94 22 163 144 198 108 107 5 73 80 162 131
19 87 123 119 6 185 196 24 94 22 163 144 198 108 107 5 73 80 162 131
2 87 131
166 139
13 166 85 113 56 36 77 67 172 196 103 187 184 139
2 166 139
2 166 139
180 176
23 180 127 189 169 179 41 21 55 182 63 116 25 65 104 30 134 140 117 123 198 124 92 176
2 180 176
2 180 176
174 104
22 174 45 128 82 110 37 186 75 40 158 114 182 42 26 164 24 78 94 176 46 48 104
2 174 104
2 174 104
153 137
2 153 137
14 153 48 128 162 106 88 167 144 92 131 200 19 99 137
2 153 137
150 13
34 150 171 141 26 16 165 169 36 61 28 62 75 198 192 101 191 104 55 56 9 53 117 73 69 3 30 74 186 105 113 8 170 67 13
2 150 13
2 150 13
95 112
6 95 41 156 164 186 112
2 95 112
2 95 112
114 88
15 114 172 32 62 181 164 179 76 157 108 158 83 128 4 88
2 114 88
2 114 88
140 198
31 140 41 80 102 73 2 187 18 179 88 4 46 53 165 157 85 19 182 98 77 27 153 116 135 144 177 149 57 21 159 198
2 140 198
2 140 198
14 179
5 14 136 49 19 179
2 14 179
2 14 179
149 60
2 149 60
7 149 146 63 171 178 97 60
2 149 60
146 2
31 146 75 174 19 153 165 120 200 37 33 187 28 195 179 196 63 177 60 105 163 170 40 185 8 112 156 182 56 190 152 2
2 146 2
2 146 2
18 87
10 18 83 99 123 93 92 67 86 182 87
2 18 87
2 18 87
123 133
28 123 53 77 148 186 62 2 41 166 73 84 152 43 85 93 107 189 89 108 23 139 4 61 49 32 110 150 133
2 123 133
2 123 133
59 129
32 59 34 106 140 75 125 100 105 147 116 115 124 78 12 27 174 120 173 185 145 2 22 76 45 152 164 86 16 177 36 197 129
2 59 129
2 59 129
50 30
22 50 111 48 116 198 192 136 129 16 146 96 174 55 131 140 94 166 144 75 83 117 30
2 50 30
2 50 30
156 167
5 156 123 37 124 167
2 156 167
2 156 167
85 129
14 85 186 27 83 103 53 76 183 31 111 42 1 160 129
2 85 129
2 85 129
93 64
21 93 99 96 156 148 91 59 92 44 143 26 192 83 196 24 183 176 115 168 187 64
2 93 64
2 93 64
127 29
9 127 62 92 137 135 148 109 17 29
2 127 29
2 127 29
101 48
13 101 103 167 26 135 14 141 55 184 105 129 155 48
13 101 103 167 26 135 14 141 55 184 105 129 155 48
2 101 48
91 115
15 91 8 7 192 168 52 135 122 95 133 78 57 167 149 115
2 91 115
2 91 115
32 141
33 32 48 28 80 96 6 171 20 88 165 30 149 53 129 50 73 70 62 157 11 109 102 198 31 167 43 52 152 65 145 153 87 141
2 32 141
2 32 141
34 4
30 34 2 23 64 188 143 86 162 109 87 147 114 85 157 193 89 172 152 199 72 82 24 132 51 159 164 129 150 8 4
2 34 4
2 34 4
139 192
2 139 192
27 139 51 134 7 59 169 97 186 107 67 73 80 10 50 42 31 125 5 152 112 153 44 32 39 100 136 192
2 139 192
128 48
32 128 97 106 13 90 75 71 91 45 189 181 186 132 169 30 107 3 32 88 143 163 49 85 115 152 187 133 63 58 6 175 48
2 128 48
2 128 48
187 29
22 187 53 17 73 160 191 140 19 13 182 55 139 173 34 158 188 163 198 134 107 190 29
2 187 29
2 187 29
7 159
12 7 38 26 106 95 77 6 175 125 70 118 159
2 7 159
2 7 159
176 55
2 176 55
13 176 67 105 173 122 14 115 116 171 62 135 179 55
2 176 55
142 61
30 142 197 172 186 153 85 117 185 143 178 180 36 73 22 3 45 43 76 5 165 12 167 109 86 63 116 75 95 169 61
2 142 61
2 142 61
163 80
18 163 31 188 24 184 151 99 91 127 85 190 95 197 175 183 153 39 80
2 163 80
2 163 80
49 81
22 49 79 164 148 114 121 184 132 128 173 63 70 53 102 188 122 99 104 32 187 12 81
2 49 81
2 49 81
193 66
7 193 5 171 31 168 121 66
2 193 66
2 193 66
75 198
13 75 100 90 50 131 46 181 169 196 91 130 99 198
2 75 198
2 75 198
176 43
9 176 44 164 123 189 144 63 119 43
2 176 43
2 176 43
176 68
12 176 174 14 49 72 23 121 161 164 66 191 68
2 176 68
2 176 68
85 25
2 85 25
29 85 51 148 16 112 150 86 8 77 137 195 102 27 22 74 58 17 24 84 133 162 122 196 118 96 64 134 42 25
2 85 25
92 131
13 92 11 48 72 169 166 100 134 69 112 90 185 131
2 92 131
2 92 131
57 36
14 57 25 18 133 157 29 66 136 174 73 7 89 124 36
2 57 36
2 57 36
43 192
11 43 194 81 198 174 108 187 116 152 122 192
2 43 192
2 43 192
70 31
10 70 192 112 125 7 100 44 2 89 31
2 70 31
2 70 31
194 143
10 194 114 50 65 49 9 8 146 22 143
2 194 143
2 194 143
183 192
2 183 192
43 183 135 93 185 174 123 196 116 147 155 9 39 187 28 49 193 163 182 143 64 199 57 18 127 169 200 161 45 180 36 157 76 50 121 156 26 96 14 68 168 173 190 192
2 183 192
97 14
30 97 66 132 45 129 20 75 158 68 49 101 95 180 167 4 174 27 169 168 178 8 56 67 113 5 87 140 120 137 14
2 97 14
2 97 14
125 67
2 125 67
27 125 198 1 147 135 21 51 122 36 41 178 151 148 102 40 15 20 88 186 65 180 155 176 167 134 28 67
2 125 67
179 68
27 179 186 157 164 41 136 137 117 151 6 138 152 8 32 52 56 69 150 81 72 141 184 22 175 106 14 68
2 179 68
2 179 68
117 32
3 117 66 32
3 117 66 32
2 117 32
31 5
16 31 161 41 19 1 166 3 37 150 50 140 16 4 104 98 5
2 31 5
2 31 5
145 160
16 145 118 126 109 131 7 196 181 157 147 55 25 92 164 21 160
2 145 160
2 145 160
1 22
22 1 42 144 164 69 191 189 37 158 90 102 110 56 15 81 149 77 10 32 137 151 22
2 1 22
2 1 22
95 40
17 95 130 109 84 56 141 53 118 144 26 195 92 21 189 127 57 40
2 95 40
2 95 40
192 134
20 192 191 200 82 67 105 123 163 65 68 77 138 46 27 127 143 31 172 17 134
2 192 134
2 192 134
135 114
16 135 21 51 104 77 40 84 45 197 124 111 108 165 25 129 114
2 135 114
2 135 114
183 168
15 183 31 35 72 158 161 129 85 139 138 2 81 147 170 168
2 183 168
2 183 168
128 162
9 128 109 104 50 185 180 145 170 162
2 128 162
2 128 162
6 176
22 6 42 165 183 96 158 52 63 22 144 71 27 82 151 86 18 100 181 37 35 168 176
2 6 176
2 6 176
19 191
20 19 49 35 71 109 136 158 33 183 82 139 170 58 143 178 62 13 106 113 191
2 19 191
2 19 191
83 158
13 83 59 128 65 142 12 43 87 118 155 77 130 158
2 83 158
2 83 158
41 186
29 41 27 167 138 47 25 68 3 156 77 78 122 121 84 22 18 125 169 21 96 117 175 65 118 155 149 116 152 186
2 41 186
2 41 186
24 183
27 24 99 85 30 86 132 91 176 52 19 147 165 138 123 21 149 119 179 96 10 121 15 93 48 71 125 183
2 24 183
2 24 183
23 172
2 23 172
18 23 188 104 173 126 35 57 45 166 36 182 112 105 8 91 134 199 172
2 23 172
21 59
12 21 20 8 10 162 15 43 4 25 173 136 59
2 21 59
2 21 59
197 27
22 197 79 127 120 23 90 148 96 53 66 155 92 38 167 95 50 195 10 187 104 16 27
2 197 27
2 197 27
45 65
4 45 166 104 65
4 45 166 104 65
2 45 65
74 194
32 74 14 150 41 117 124 165 119 86 133 199 122 53 106 173 163 181 11 56 127 29 81 25 116 175 15 98 145 60 107 23 194
2 74 194
2 74 194
69 52
29 69 187 13 16 98 159 125 70 186 76 54 45 115 117 35 183 66 86 19 168 109 199 78 104 126 56 29 180 52
29 69 187 13 16 98 159 125 70 186 76 54 45 115 117 35 183 66 86 19 168 109 199 78 104 126 56 29 180 52
2 69 52
140 173
18 140 78 115 118 70 190 172 79 196 71 63 16 34 117 77 127 165 173
2 140 173
2 140 173
175 60
18 175 182 170 194 44 13 100 17 172 27 144 52 34 65 141 156 148 60
2 175 60
2 175 60
45 183
2 45 183
10 45 103 200 16 65 21 8 1 179 183
2 45 183
20 9
10 20 86 56 35 155 132 159 164 23 9
2 20 9
2 20 9
175 19
5 175 97 169 44 19
2 175 19
2 175 19
150 118
2 150 118
20 150 186 117 129 193 31 147 71 25 192 30 174 142 152 50 176 47 120 195 118
2 150 118
36 104
25 36 162 18 30 110 109 83 57 155 72 47 103 116 15 134 90 199 192 147 91 89 130 194 191 104
2 36 104
2 36 104
66 167
10 66 184 182 69 103 33 10 78 149 167
2 66 167
2 66 167
165 117
2 165 117
13 165 66 118 97 149 86 119 24 85 155 40 195 117
2 165 117
31 154
10 31 86 114 164 29 105 38 68 170 154
2 31 154
2 31 154
180 185
8 180 89 12 119 97 94 20 185
2 180 185
2 180 185
22 156
18 22 114 9 150 18 71 99 59 166 161 8 53 68 3 45 94 174 156
2 22 156
2 22 156
22 79
9 22 61 83 180 110 4 80 200 79
2 22 79
2 22 79
95 111
25 95 141 87 179 186 152 140 77 158 193 58 15 33 26 5 154 159 104 28 156 127 137 62 39 111
2 95 111
2 95 111
38 57
2 38 57
15 38 53 89 91 135 151 74 2 103 195 97 143 40 137 57
2 38 57
163 71
14 163 101 55 122 134 111 37 15 84 178 123 52 14 71
2 163 71
2 163 71
148 112
2 148 112
11 148 80 45 109 88 43 139 16 31 19 112
2 148 112
121 198
15 121 160 132 134 168 40 177 9 7 86 44 56 4 126 198
2 121 198
2 121 198
106 46
14 106 185 120 101 162 103 77 110 55 24 6 72 153 46
2 106 46
2 106 46
5 88
30 5 127 30 36 188 143 115 57 48 24 6 27 116 182 50 191 152 56 187 82 107 122 139 17 75 40 60 140 49 88
2 5 88
2 5 88
1 25
14 1 111 155 187 188 126 47 32 77 107 119 181 113 25
2 1 25
2 1 25
87 116
5 87 160 3 55 116
2 87 116
2 87 116
199 200
26 199 198 20 80 109 152 153 6 63 196 156 122 65 134 190 34 19 180 159 18 140 89 13 52 64 200
2 199 200
2 199 200
49 117
6 49 137 164 44 76 117
2 49 117
2 49 117
110 4
29 110 127 89 115 65 199 187 145 20 161 154 44 66 192 51 144 159 99 54 120 80 143 107 87 106 92 52 195 4
2 110 4
2 110 4
166 125
9 166 14 138 74 85 33 62 169 125
2 166 125
2 166 125
160 151
18 160 5 130 34 122 195 55 129 120 124 149 100 112 68 65 3 134 151
2 160 151
2 160 151
86 65
16 86 181 12 19 148 176 102 23 104 163 29 126 73 18 103 65
2 86 65
2 86 65
101 182
18 101 132 163 170 161 181 86 144 149 151 55 175 60 92 51 2 4 182
2 101 182
2 101 182
116 9
10 116 176 104 165 77 136 71 79 50 9
2 116 9
2 116 9
73 50
31 73 37 45 169 59 89 108 66 127 19 47 26 105 49 132 76 155 75 152 180 120 107 153 139 133 83 4 27 15 158 50
2 73 50
2 73 50
141 38
17 141 31 67 158 199 95 198 120 140 26 107 73 176 93 157 134 38
2 141 38
2 141 38
4 85
34 4 14 154 67 22 15 156 119 89 36 129 123 153 174 6 149 200 132 181 92 165 134 167 10 191 38 86 27 40 137 173 121 65 85
2 4 85
2 4 85
40 161
9 40 39 106 20 41 160 24 146 161
2 40 161
2 40 161
101 86
24 101 141 30 67 46 69 99 66 193 187 161 184 196 78 138 89 4 153 197 51 2 117 56 86
2 101 86
2 101 86
23 54
12 23 47 106 138 90 125 46 161 50 60 145 54
2 23 54
2 23 54
145 29
2 145 29
28 145 61 172 150 175 74 148 62 159 19 160 127 9 171 5 58 124 83 183 52 25 101 37 77 114 7 87 29
2 145 29
83 78
37 83 32 129 103 90 12 1 80 186 126 63 160 22 112 116 143 53 64 175 169 154 189 132 108 139 174 39 77 97 188 177 47 8 195 185 159 78
2 83 78
2 83 78
153 70
34 153 66 2 161 22 5 194 165 172 92 134 167 65 126 7 21 116 196 182 76 31 8 102 115 195 114 150 121 157 13 189 11 38 70
2 153 70
2 153 70
84 134
2 84 134
12 84 27 60 130 131 85 35 23 25 109 75 134
2 84 134
168 126
2 168 126
26 168 44 26 3 74 37 79 61 131 149 172 20 11 155 113 50 39 157 194 133 102 99 169 111 170 126
2 168 126
84 176
2 84 176
2 84 176
2 84 176
105 35
18 105 138 51 186 2 162 194 103 17 132 88 196 114 36 150 155 50 35
2 105 35
2 105 35
138 22
2 138 22
19 138 126 129 172 180 43 27 164 133 127 8 121 65 66 59 96 20 84 22
2 138 22
195 196
32 195 87 88 171 147 136 65 72 109 175 124 155 140 194 8 13 134 60 47 14 169 4 74 56 156 141 162 63 151 177 191 196
2 195 196
2 195 196
142 42
2 142 42
12 142 54 100 11 175 144 114 129 19 45 190 42
2 142 42
131 28
6 131 183 137 101 12 28
2 131 28
2 131 28
175 127
9 175 136 42 12 98 157 4 140 127
2 175 127
2 175 127
118 6
13 118 155 120 29 128 168 19 115 159 197 174 117 6
13 118 155 120 29 128 168 19 115 159 197 174 117 6
2 118 6
42 146
2 42 146
3 42 166 146
2 42 146
99 24
30 99 47 83 61 6 166 120 144 170 143 127 151 169 141 105 87 62 122 80 68 148 36 42 13 160 45 145 121 150 24
2 99 24
2 99 24
110 48
20 110 12 8 126 116 54 121 107 22 6 98 20 47 91 23 172 19 167 164 48
2 110 48
2 110 48
172 132
26 172 107 128 99 186 112 195 23 47 131 179 69 91 73 39 96 125 120 181 174 119 98 71 50 130 132
2 172 132
2 172 132
132 124
8 132 93 29 146 125 4 48 124
2 132 124
2 132 124
122 67
30 122 125 43 83 42 119 141 86 80 60 127 186 28 37 4 24 61 79 107 196 12 120 175 169 152 145 20 33 146 67
2 122 67
2 122 67
93 82
6 93 53 185 122 74 82
6 93 53 185 122 74 82
2 93 82
18 151
2 18 151
11 18 72 155 129 100 150 9 48 116 62 151
2 18 151
121 157
24 121 130 180 147 1 132 21 16 76 164 42 144 10 50 189 145 125 48 32 31 5 120 19 157
2 121 157
2 121 157
190 44
16 190 100 67 194 3 49 64 79 134 59 132 136 165 153 131 44
2 190 44
2 190 44
196 139
29 196 157 155 127 177 82 134 197 193 47 48 25 72 99 168 128 111 55 75 110 176 32 194 109 123 96 122 117 139
2 196 139
2 196 139
103 15
8 103 68 96 28 6 182 9 15
2 103 15
2 103 15
147 134
25 147 163 37 58 107 158 189 113 5 69 161 165 109 143 192 47 129 106 15 32 16 41 11 168 134
2 147 134
2 147 134
113 183
21 113 54 182 28 31 164 155 179 57 175 167 85 129 36 104 140 195 97 134 171 183
2 113 183
2 113 183
169 154
2 169 154
13 169 92 110 159 73 18 107 98 32 136 11 117 154
2 169 154
196 156
2 196 156
2 196 156
2 196 156
160 42
23 160 14 16 180 192 114 52 198 2 174 121 66 58 141 118 112 84 93 197 46 158 176 42
2 160 42
2 160 42
193 103
25 193 104 126 138 148 96 87 62 53 41 1 34 178 49 68 10 173 132 166 46 60 102 95 140 103
2 193 103
2 193 103
10 71
27 10 6 104 169 41 163 73 65 68 46 190 114 151 15 96 98 161 30 135 134 131 40 194 156 34 129 71
2 10 71
2 10 71
167 13
8 167 189 170 198 144 46 66 13
2 167 13
2 167 13
35 48
2 35 48
12 35 115 9 133 89 107 31 51 98 140 97 48
2 35 48
75 151
19 75 129 100 30 64 168 119 86 62 76 17 112 7 56 83 113 116 167 151
2 75 151
2 75 151
144 148
19 144 137 119 128 189 170 182 146 192 36 34 154 147 195 139 39 65 136 148
2 144 148
2 144 148
84 87
15 84 154 117 55 197 28 48 67 113 175 198 168 160 43 87
2 84 87
2 84 87
159 163
7 159 85 91 173 75 5 163
2 159 163
2 159 163
134 191
5 134 137 83 155 191
2 134 191
2 134 191
117 40
2 117 40
17 117 71 115 9 143 128 12 158 84 152 140 61 106 19 125 49 40
2 117 40
74 138
2 74 138
5 74 154 196 49 138
2 74 138
82 7
34 82 106 142 129 20 121 117 200 21 179 147 60 177 120 41 75 125 148 14 131 107 5 97 189 182 18 15 118 2 51 140 79 160 7
2 82 7
2 82 7
59 65
2 59 65
4 59 156 41 65
2 59 65
91 166
17 91 153 185 112 86 14 165 25 82 88 21 51 78 3 118 73 166
2 91 166
2 91 166
186 14
38 186 54 150 39 45 33 88 122 178 109 142 58 152 167 129 183 141 182 159 70 193 49 12 163 40 155 22 63 19 79 78 140 93 98 148 139 135 14
2 186 14
2 186 14
172 199
24 172 200 180 18 26 138 67 58 176 60 63 35 61 170 114 178 164 142 84 75 174 28 110 199
2 172 199
2 172 199
149 179
23 149 91 150 56 158 69 100 101 38 16 194 155 25 193 190 169 12 133 81 22 143 184 179
2 149 179
2 149 179
6 59
25 6 76 47 184 108 144 186 193 139 199 107 97 155 43 164 25 23 191 109 55 30 69 190 84 59
2 6 59
2 6 59
137 138
2 137 138
27 137 184 63 147 65 177 89 159 10 64 134 158 73 194 176 108 51 117 38 50 5 111 26 31 103 39 138
2 137 138
14 22
14 14 152 131 181 42 135 90 30 46 95 35 15 78 22
2 14 22
2 14 22
52 178
2 52 178
12 52 58 46 146 37 49 189 165 138 72 5 178
2 52 178
112 180
13 112 123 64 121 145 47 57 199 198 182 139 74 180
2 112 180
2 112 180
170 31
26 170 15 197 37 63 45 13 70 76 113 62 96 16 6 38 28 104 58 39 56 59 22 137 199 44 31
2 170 31
2 170 31
169 95
20 169 148 107 118 43 48 175 87 145 144 54 93 153 9 88 19 187 50 184 95
2 169 95
2 169 95
118 151
35 118 120 17 5 114 72 165 16 143 11 2 193 63 200 9 15 23 159 78 138 4 92 29 169 55 38 45 21 122 170 172 24 181 124 151
2 118 151
2 118 151
121 58
7 121 68 167 17 195 95 58
2 121 58
2 121 58
184 139
28 184 117 45 106 70 98 197 160 161 164 49 148 27 92 120 192 35 44 110 96 67 30 77 63 25 108 8 139
2 184 139
2 184 139
118 37
10 118 121 66 137 111 1 52 99 167 37
2 118 37
2 118 37
187 102
24 187 121 109 133 159 149 79 87 25 10 175 163 57 32 34 47 28 101 90 93 155 106 65 102
2 187 102
2 187 102
141 175
16 141 80 179 120 75 45 199 26 97 59 189 188 31 55 195 175
2 141 175
2 141 175
112 149
11 112 14 42 186 189 158 82 5 55 129 149
2 112 149
2 112 149
166 57
2 166 57
11 166 137 7 163 170 132 79 167 135 93 57
2 166 57
51 22
18 51 191 14 108 53 144 132 31 173 92 198 78 121 157 170 193 55 22
2 51 22
2 51 22
169 163
16 169 84 168 96 7 28 78 137 25 93 72 9 10 44 143 163
2 169 163
2 169 163
168 42
15 168 109 101 2 68 77 113 188 116 145 178 182 41 98 42
2 168 42
2 168 42
154 8
9 154 17 102 67 43 70 49 23 8
2 154 8
2 154 8
47 25
18 47 54 135 74 193 173 130 188 77 9 96 14 144 112 194 153 105 25
2 47 25
2 47 25
165 48
20 165 101 140 92 163 144 152 80 22 63 154 89 151 90 198 4 155 14 98 48
2 165 48
2 165 48
84 2
2 84 2
5 84 153 1 147 2
2 84 2
78 32
7 78 147 59 14 84 64 32
2 78 32
2 78 32
96 145
15 96 120 79 185 137 92 109 100 49 86 6 158 126 141 145
2 96 145
2 96 145
62 12
24 62 187 148 106 44 77 64 144 142 147 11 97 59 152 4 46 176 65 102 101 189 113 178 12
2 62 12
2 62 12
87 151
6 87 30 70 120 57 151
2 87 151
2 87 151
64 44
9 64 72 53 141 167 100 31 5 44
2 64 44
2 64 44
130 72
2 130 72
9 130 185 82 12 167 24 8 23 72
2 130 72
100 36
13 100 193 19 31 166 198 159 140 192 80 148 54 36
2 100 36
2 100 36
134 190
9 134 195 118 112 29 151 22 3 190
2 134 190
2 134 190
34 197
9 34 111 36 133 129 126 78 67 197
2 34 197
2 34 197
178 137
35 178 186 120 134 66 92 143 198 47 55 93 40 57 77 18 52 17 30 116 177 180 61 106 132 140 83 2 150 170 20 109 10 105 149 137
2 178 137
2 178 137
152 138
2 152 138
12 152 33 192 126 122 170 84 86 118 50 41 138
2 152 138
66 30
30 66 195 121 182 104 80 5 149 84 131 199 62 174 113 31 13 29 54 68 175 127 41 155 137 133 177 99 19 143 30
2 66 30
2 66 30
27 32
2 27 32
35 27 159 67 130 120 71 107 39 93 79 75 160 158 114 10 50 9 152 46 109 33 98 192 177 64 139 116 142 1 15 11 176 165 131 32
2 27 32
76 142
22 76 104 166 134 130 38 18 35 60 40 150 23 144 188 66 13 183 41 170 124 24 142
2 76 142
2 76 142
68 150
7 68 70 118 32 169 160 150
2 68 150
2 68 150
188 88
10 188 197 17 102 192 61 122 2 161 88
2 188 88
2 188 88
99 120
2 99 120
2 99 120
2 99 120
175 147
28 175 95 161 139 41 168 148 45 108 62 107 28 195 169 146 75 164 156 63 171 32 137 182 118 52 48 117 147
2 175 147
2 175 147
169 155
27 169 18 156 162 136 32 164 28 37 102 158 98 8 142 99 132 191 178 33 127 92 101 13 82 88 104 155
2 169 155
2 169 155
104 163
12 104 185 5 153 116 199 54 25 143 74 43 163
2 104 163
2 104 163
91 15
26 91 171 129 80 45 165 122 82 41 150 173 186 71 187 105 77 146 185 195 121 7 183 14 76 67 15
2 91 15
2 91 15
84 96
26 84 75 81 1 195 18 98 28 88 49 109 173 56 152 131 59 60 32 65 171 79 9 58 160 133 96
2 84 96
2 84 96
200 100
24 200 136 187 89 180 191 106 14 98 162 199 78 102 137 177 99 69 82 160 197 105 147 90 100
2 200 100
2 200 100
10 118
19 10 6 30 141 79 159 136 12 199 170 34 64 60 54 56 176 150 22 118
2 10 118
2 10 118
49 37
12 49 41 75 16 85 61 71 126 2 72 171 37
2 49 37
2 49 37
41 119
18 41 177 36 178 50 5 192 77 31 44 182 37 111 93 15 149 91 119
2 41 119
2 41 119
139 29
2 139 29
26 139 2 176 155 166 154 135 149 147 65 138 38 68 63 80 156 117 78 61 67 70 195 122 82 108 29
2 139 29
150 188
13 150 62 16 96 139 69 25 138 51 112 33 173 188
2 150 188
2 150 188
88 140
40 88 148 68 113 135 98 102 17 38 56 39 58 22 5 164 29 176 141 71 62 26 76 9 199 189 174 99 18 167 185 198 145 169 120 93 168 111 72 128 140
2 88 140
2 88 140
82 32
16 82 155 72 65 50 116 117 177 111 71 99 20 165 118 63 32
2 82 32
2 82 32
2 143
2 2 143
15 2 200 147 150 42 70 145 56 20 164 141 174 81 1 143
2 2 143
154 88
2 154 88
22 154 64 83 110 175 47 76 20 17 134 144 44 130 112 66 97 148 80 126 135 68 88
2 154 88
75 102
26 75 127 82 110 164 86 169 181 22 165 148 84 107 6 44 36 57 185 63 196 8 178 101 46 115 102
2 75 102
2 75 102
159 165
2 159 165
12 159 154 80 66 185 171 130 99 30 121 67 165
2 159 165
5 81
14 5 181 190 35 12 135 187 120 53 74 179 79 62 81
2 5 81
2 5 81
60 131
2 60 131
21 60 62 162 147 41 122 99 114 119 179 165 32 120 198 102 14 126 77 15 178 131
2 60 131
100 194
12 100 31 41 128 9 131 75 192 2 111 189 194
2 100 194
2 100 194
42 18
2 42 18
8 42 184 101 29 17 145 144 18
2 42 18
194 177
14 194 63 23 21 184 73 43 85 173 5 98 145 196 177
2 194 177
2 194 177
196 51
7 196 1 141 98 85 172 51
2 196 51
2 196 51
177 104
3 177 166 104
3 177 166 104
2 177 104
163 33
38 163 129 32 112 167 5 27 96 150 118 125 147 16 26 191 68 19 149 137 23 81 90 139 190 78 121 50 42 72 83 187 99 183 11 91 103 180 33
2 163 33
2 163 33
183 189
39 183 188 76 74 31 175 61 193 130 138 113 50 98 179 13 94 40 78 28 35 49 54 9 34 81 198 6 12 29 47 168 24 82 57 151 64 194 38 189
2 183 189
2 183 189
47 3
4 47 152 38 3
2 47 3
2 47 3
14 156
18 14 51 85 88 190 150 129 61 58 32 144 199 5 181 56 198 155 156
2 14 156
2 14 156
62 176
12 62 36 16 101 109 87 181 2 90 151 51 176
2 62 176
2 62 176
64 30
6 64 75 99 131 51 30
2 64 30
2 64 30
101 77
2 101 77
20 101 122 13 150 33 38 8 119 79 160 120 12 49 86 59 87 194 99 198 77
2 101 77
2 94
23 2 153 40 90 67 84 82 152 142 175 61 181 72 143 128 194 118 196 147 41 179 131 94
2 2 94
2 2 94
113 137
8 113 88 33 153 155 110 142 137
2 113 137
2 113 137
181 81
18 181 190 42 14 159 40 141 36 25 54 62 191 67 60 146 51 175 81
2 181 81
2 181 81
97 116
2 97 116
32 97 13 69 94 162 38 125 89 114 7 18 164 52 102 36 1 14 101 178 62 81 191 185 152 170 75 110 42 29 88 44 116
2 97 116
26 51
21 26 176 123 121 70 125 159 134 42 173 101 83 174 64 142 114 94 32 37 66 51
2 26 51
2 26 51
30 159
8 30 188 67 29 109 145 169 159
2 30 159
2 30 159
91 5
7 91 156 142 69 63 45 5
2 91 5
2 91 5
98 86
36 98 85 146 37 123 63 118 76 108 79 41 100 179 97 166 154 110 129 45 189 190 19 130 40 170 60 107 111 90 164 75 102 169 187 32 86
2 98 86
2 98 86
151 63
18 151 87 164 16 70 5 196 47 83 15 167 61 119 116 48 117 169 63
2 151 63
2 151 63
198 37
4 198 81 44 37
2 198 37
2 198 37
129 162
12 129 177 139 138 37 9 103 148 115 18 104 162
2 129 162
2 129 162
186 32
5 186 65 144 73 32
2 186 32
2 186 32
183 6
20 183 124 93 18 3 87 136 52 184 196 130 137 100 126 169 121 110 14 173 6
2 183 6
2 183 6
60 29
18 60 55 188 152 120 47 49 31 71 136 175 102 5 77 138 4 168 29
2 60 29
2 60 29
192 170
2 192 170
19 192 7 95 162 91 83 200 196 14 68 188 6 76 47 179 99 61 198 170
2 192 170
165 29
2 165 29
11 165 154 6 4 116 145 100 108 81 67 29
2 165 29
41 121
17 41 96 117 1 42 71 110 84 87 109 179 101 198 184 60 195 121
2 41 121
2 41 121
164 106
18 164 173 115 111 61 55 148 65 105 68 12 40 58 47 110 69 171 106
2 164 106
2 164 106
110 138
15 110 20 103 132 104 26 114 101 188 45 159 9 93 33 138
2 110 138
2 110 138
66 108
3 66 185 108
2 66 108
2 66 108
6 48
5 6 85 60 61 48
2 6 48
2 6 48
191 43
2 191 43
3 191 175 43
2 191 43
195 182
17 195 186 103 76 128 15 53 23 38 62 138 90 26 83 63 66 182
2 195 182
2 195 182
197 78
19 197 152 88 183 137 85 62 52 110 68 164 181 64 114 86 98 60 15 78
2 197 78
2 197 78
188 77
35 188 34 160 37 10 9 59 96 101 153 184 117 25 78 20 112 110 91 113 30 18 23 130 137 68 103 166 114 132 29 93 141 127 92 77
2 188 77
2 188 77
78 136
17 78 17 105 183 22 146 110 174 38 140 148 25 176 163 41 124 136
2 78 136
2 78 136
46 132
6 46 89 179 182 170 132
2 46 132
2 46 132
111 82
30 111 72 138 64 116 29 97 119 178 133 104 124 145 136 149 31 67 56 115 34 98 159 86 90 12 166 168 192 157 82
2 111 82
2 111 82
161 154
22 161 198 193 75 118 111 131 43 147 98 18 137 181 55 63 155 106 105 79 16 8 154
2 161 154
2 161 154
9 5
18 9 174 193 64 115 187 133 73 148 131 4 119 112 78 181 52 156 5
2 9 5
2 9 5
25 77
27 25 20 52 161 101 170 91 55 103 56 41 11 125 144 80 183 93 74 59 16 3 126 122 175 68 105 77
2 25 77
2 25 77
98 64
20 98 179 189 21 18 115 137 135 175 142 107 24 92 171 77 124 192 10 172 64
2 98 64
2 98 64
13 104
2 13 104
10 13 35 196 200 128 129 167 83 50 104
2 13 104
22 144
13 22 113 177 109 83 87 124 34 192 136 12 151 144
2 22 144
2 22 144
69 56
25 69 50 108 169 55 7 18 139 200 190 28 133 104 27 85 111 74 129 16 180 59 113 150 127 56
25 69 50 108 169 55 7 18 139 200 190 28 133 104 27 85 111 74 129 16 180 59 113 150 127 56
2 69 56
40 71
14 40 117 8 154 48 181 109 159 75 50 6 128 189 71
2 40 71
2 40 71
5 132
11 5 113 20 175 199 136 128 65 1 64 132
2 5 132
2 5 132
152 29
13 152 121 153 143 83 196 168 99 59 165 71 79 29
2 152 29
2 152 29
199 171
2 199 171
10 199 32 85 70 18 93 116 165 101 171
2 199 171
200 169
17 200 62 2 95 148 13 49 93 164 57 176 33 172 90 4 61 169
2 200 169
2 200 169
59 132
15 59 17 26 116 163 48 24 185 6 11 64 2 144 164 132
2 59 132
2 59 132
153 2
14 153 94 175 80 59 164 135 41 78 55 162 108 177 2
2 153 2
2 153 2
147 117
2 147 117
33 147 109 175 1 24 51 61 82 2 130 95 143 79 66 137 45 104 142 118 87 153 83 32 4 62 163 196 55 197 107 71 25 117
2 147 117
125 146
26 125 121 62 179 58 64 167 115 191 172 39 82 148 166 116 9 99 48 196 5 95 138 193 108 85 146
2 125 146
2 125 146
39 132
23 39 121 12 45 143 46 176 166 170 134 56 164 160 96 185 43 136 188 86 33 38 73 132
2 39 132
2 39 132
139 84
12 139 117 168 126 118 62 91 173 153 89 181 84
2 139 84
2 139 84
55 86
2 55 86
7 55 139 95 170 47 126 86
2 55 86
1 44
29 1 109 142 116 139 183 148 102 53 196 20 75 77 166 137 48 133 195 170 89 13 167 80 199 18 81 186 41 44
2 1 44
2 1 44
167 144
19 167 195 34 40 88 92 159 17 48 19 99 188 18 4 25 79 186 45 144
2 167 144
2 167 144
140 14
2 140 14
4 140 122 156 14
2 140 14
125 188
8 125 199 151 131 161 138 13 188
2 125 188
2 125 188
130 133
28 130 113 161 7 33 179 3 182 103 97 125 88 148 93 11 5 32 134 111 27 28 171 25 18 64 107 58 133
2 130 133
2 130 133
23 124
26 23 6 58 49 193 31 197 46 149 110 117 27 109 171 132 99 36 143 102 94 81 25 35 43 5 124
2 23 124
2 23 124
42 58
13 42 157 89 125 158 164 138 107 137 146 29 178 58
2 42 58
2 42 58
47 43
8 47 63 136 158 21 142 97 43
2 47 43
2 47 43
52 113
16 52 64 196 138 130 128 117 79 86 44 33 95 56 18 102 113
2 52 113
2 52 113
127 169
35 127 178 31 87 191 4 95 185 50 29 54 34 46 68 69 36 91 119 173 20 149 84 67 8 128 103 57 183 70 147 66 131 98 83 169
2 127 169
2 127 169
168 200
15 168 55 127 26 75 12 101 74 163 116 174 83 20 42 200
2 168 200
2 168 200
139 132
10 139 165 55 127 155 152 169 65 130 132
2 139 132
2 139 132
162 94
7 162 14 119 93 171 101 94
2 162 94
2 162 94
196 93
21 196 58 22 39 49 156 82 37 18 107 96 44 79 24 173 132 30 141 92 170 93
2 196 93
2 196 93
79 130
24 79 37 153 68 137 29 178 26 172 169 194 129 47 158 2 197 139 188 118 75 99 98 126 130
2 79 130
2 79 130
153 187
12 153 53 113 78 39 24 26 137 43 16 154 187
2 153 187
2 153 187
85 27
9 85 145 84 111 108 132 14 149 27
2 85 27
2 85 27
37 170
19 37 50 41 9 19 55 112 44 119 98 42 103 121 81 32 14 10 179 170
2 37 170
2 37 170
120 195
29 120 160 70 31 6 46 183 108 50 17 39 75 146 16 198 47 130 165 180 36 163 54 49 193 58 11 172 20 195
2 120 195
2 120 195
160 26
12 160 155 114 68 14 143 29 83 17 6 52 26
12 160 155 114 68 14 143 29 83 17 6 52 26
2 160 26
11 141
22 11 119 129 53 27 187 115 97 82 33 7 126 174 146 14 56 101 41 131 47 68 141
2 11 141
2 11 141
88 87
2 88 87
5 88 31 123 13 87
2 88 87
171 70
14 171 200 105 174 159 12 66 195 141 49 124 61 4 70
2 171 70
2 171 70
176 127
23 176 64 59 103 120 85 76 26 191 50 146 150 122 198 133 125 171 90 135 140 181 194 127
2 176 127
2 176 127
182 18
15 182 51 148 131 32 102 8 97 1 193 64 10 150 66 18
2 182 18
2 182 18
139 55
37 139 16 92 150 14 101 115 76 58 167 35 99 126 128 25 137 51 59 29 7 117 18 78 89 175 124 1 90 148 37 4 184 66 91 75 193 55
2 139 55
2 139 55
162 112
18 162 77 99 13 173 117 148 147 143 151 195 150 163 54 37 21 25 112
2 162 112
2 162 112
195 144
2 195 144
21 195 80 149 152 2 48 105 51 42 59 124 137 146 12 155 28 176 30 192 83 144
2 195 144
46 96
14 46 143 8 12 151 177 150 124 158 109 37 129 41 96
2 46 96
2 46 96
128 28
13 128 15 144 194 172 192 136 156 113 87 63 60 28
2 128 28
2 128 28
49 85
17 49 176 24 18 153 22 95 126 91 123 163 29 182 5 46 37 85
2 49 85
2 49 85
67 156
6 67 17 173 4 124 156
2 67 156
2 67 156
43 151
24 43 89 17 48 25 83 185 108 37 122 121 167 52 197 69 81 59 54 12 11 110 19 146 151
2 43 151
2 43 151
174 119
45 174 178 141 102 53 189 194 97 51 16 168 30 191 167 158 24 164 93 38 139 42 18 46 144 55 57 146 159 44 180 105 104 101 162 40 176 32 92 73 41 29 118 45 3 119
2 174 119
2 174 119
4 33
25 4 152 70 10 41 165 68 76 31 199 179 60 125 104 47 189 107 101 25 34 151 39 166 95 33
2 4 33
2 4 33
88 125
10 88 124 173 79 153 128 104 102 19 125
2 88 125
2 88 125
102 69
19 102 43 83 24 165 135 133 2 169 134 141 68 22 95 8 40 101 36 69
2 102 69
2 102 69
114 16
2 114 16
22 114 137 110 138 6 130 55 189 149 144 123 143 160 52 115 27 171 133 196 15 88 16
2 114 16
153 113
22 153 195 14 74 26 187 110 16 44 117 1 162 176 143 130 49 133 134 53 89 105 113
2 153 113
2 153 113
178 54
18 178 15 43 194 57 109 33 5 110 118 135 50 102 177 39 85 63 54
2 178 54
2 178 54
9 170
2 9 170
25 9 106 144 43 58 3 38 95 105 49 198 75 129 92 163 118 183 196 147 65 19 26 71 6 170
2 9 170
38 137
11 38 126 144 181 120 68 169 118 174 93 137
2 38 137
2 38 137
4 82
18 4 193 122 187 17 53 40 183 198 89 87 125 166 37 59 119 23 82
2 4 82
2 4 82
178 83
19 178 92 149 181 187 145 56 75 50 15 17 163 51 165 63 22 186 102 83
2 178 83
2 178 83
135 108
22 135 119 76 72 20 164 142 149 30 181 134 13 159 40 71 67 62 103 60 184 154 108
2 135 108
2 135 108
108 144
17 108 54 55 25 96 22 99 47 155 160 127 2 45 191 3 150 144
2 108 144
2 108 144
173 175
45 173 29 60 44 133 80 9 127 41 190 13 128 11 197 64 28 152 159 98 149 161 70 62 119 49 103 69 169 146 36 48 112 105 34 21 123 89 180 137 143 176 8 196 61 175
2 173 175
2 173 175
139 21
2 139 21
8 139 189 155 186 115 122 170 21
2 139 21
72 90
5 72 120 148 177 90
2 72 90
2 72 90
103 105
2 103 105
17 103 191 180 194 97 82 81 171 84 17 94 123 199 127 155 70 105
2 103 105
60 14
2 60 14
12 60 140 2 30 72 1 144 99 134 136 34 14
2 60 14
134 143
2 134 143
22 134 75 10 141 101 97 118 156 171 110 13 4 56 115 200 184 5 189 119 181 164 143
2 134 143
144 100
13 144 123 113 185 142 59 169 157 12 19 183 3 100
2 144 100
2 144 100
43 67
18 43 189 63 150 81 152 40 184 128 105 78 58 109 62 198 141 55 67
2 43 67
2 43 67
129 26
4 129 175 92 26
4 129 175 92 26
2 129 26
97 183
20 97 151 71 68 133 16 60 175 158 3 19 95 174 148 144 62 171 41 173 183
2 97 183
2 97 183
110 119
17 110 62 22 189 31 34 100 177 191 45 186 63 167 123 61 79 119
2 110 119
2 110 119
130 7
2 130 7
20 130 175 28 126 67 151 148 169 13 30 44 85 23 90 106 200 31 47 178 7
2 130 7
166 179
29 166 98 55 193 40 154 31 60 6 123 178 26 128 132 170 172 156 61 144 192 183 175 194 185 38 56 184 103 179
2 166 179
2 166 179
120 184
11 120 72 57 185 130 195 134 105 80 171 184
11 120 72 57 185 130 195 134 105 80 171 184
2 120 184
