51 62
2 51 62
2 51 62
2 51 62
2 51 62
2 51 62
2 51 62
2 51 62
2 51 62
37 51 511 859 290 730 982 19 390 393 677 828 100 263 156 69 588 65 321 845 565 657 973 371 458 692 760 97 172 548 153 298 953 342 498 384 508 62
2 51 62
2 51 62
708 938
2 708 938
2 708 938
2 708 938
2 708 938
53 708 366 590 50 40 529 912 769 921 174 171 94 199 989 283 14 908 780 192 666 74 786 327 64 144 674 152 6 993 43 781 476 656 971 297 215 677 537 461 546 386 669 770 559 168 245 472 774 609 32 22 731 938
2 708 938
2 708 938
2 708 938
2 708 938
2 708 938
2 708 938
899 591
2 899 591
2 899 591
2 899 591
2 899 591
2 899 591
2 899 591
2 899 591
2 899 591
2 899 591
38 899 871 693 993 563 37 836 421 553 49 997 325 274 951 666 781 535 434 816 540 974 696 746 55 171 738 260 588 317 496 624 505 422 917 7 817 22 591
2 899 591
815 865
2 815 865
2 815 865
2 815 865
2 815 865
2 815 865
57 815 764 458 689 620 198 328 822 178 172 461 432 747 476 750 18 187 69 247 874 471 349 919 297 552 821 576 793 850 314 935 952 486 478 57 331 40 951 946 384 10 143 285 460 964 710 269 428 652 268 545 594 383 925 997 863 865
2 815 865
2 815 865
2 815 865
2 815 865
2 815 865
27 921
2 27 921
2 27 921
2 27 921
2 27 921
11 27 920 236 79 647 299 703 567 525 439 921
2 27 921
2 27 921
2 27 921
2 27 921
2 27 921
2 27 921
492 712
2 492 712
2 492 712
24 492 591 353 384 261 807 224 344 536 813 396 966 487 734 728 777 923 821 532 818 999 624 94 712
2 492 712
2 492 712
2 492 712
2 492 712
2 492 712
2 492 712
2 492 712
2 492 712
121 544
2 121 544
2 121 544
2 121 544
2 121 544
2 121 544
2 121 544
2 121 544
23 121 811 690 487 51 688 46 458 652 906 532 638 548 985 468 209 624 810 846 21 373 119 544
2 121 544
2 121 544
2 121 544
740 144
2 740 144
2 740 144
2 740 144
54 740 762 806 214 850 201 989 920 997 711 785 963 886 573 537 676 518 254 347 986 223 98 120 489 572 856 430 261 860 287 198 243 625 742 244 123 628 332 350 909 778 156 415 468 583 634 789 269 319 848 559 889 176 144
2 740 144
2 740 144
2 740 144
2 740 144
2 740 144
2 740 144
2 740 144
920 914
2 920 914
2 920 914
67 920 802 192 385 768 525 574 240 877 384 930 288 73 415 970 141 880 596 865 909 366 900 922 848 20 176 818 1000 64 753 58 474 736 447 273 657 913 974 508 96 455 363 267 539 387 875 808 813 345 845 568 512 266 585 670 924 893 94 487 126 35 199 549 398 919 311 914
2 920 914
2 920 914
2 920 914
2 920 914
2 920 914
2 920 914
2 920 914
2 920 914
313 905
2 313 905
2 313 905
2 313 905
2 313 905
2 313 905
2 313 905
11 313 973 536 825 89 742 931 978 9 763 905
2 313 905
2 313 905
2 313 905
2 313 905
708 922
21 708 170 178 180 281 3 743 214 425 993 365 900 426 896 172 750 244 974 686 399 922
2 708 922
2 708 922
2 708 922
2 708 922
2 708 922
2 708 922
2 708 922
2 708 922
2 708 922
2 708 922
976 917
80 976 261 393 832 575 349 17 725 300 608 313 503 582 12 260 420 634 375 112 386 630 78 385 744 656 109 643 689 663 295 390 521 107 697 391 796 880 695 389 146 633 798 868 879 567 892 272 451 204 562 54 719 348 853 227 774 929 152 978 379 182 961 857 307 470 366 429 668 532 38 652 213 223 186 536 595 408 75 545 917
2 976 917
2 976 917
2 976 917
2 976 917
2 976 917
2 976 917
2 976 917
2 976 917
2 976 917
2 976 917
327 991
26 327 522 238 377 426 954 674 789 557 510 628 136 513 590 191 431 424 633 907 521 177 495 221 288 617 991
2 327 991
2 327 991
2 327 991
2 327 991
2 327 991
2 327 991
2 327 991
2 327 991
2 327 991
2 327 991
110 205
2 110 205
89 110 993 755 90 976 360 788 609 614 86 226 41 198 831 25 631 507 131 968 294 833 762 210 866 878 485 91 551 278 259 223 155 247 660 163 454 270 224 584 296 962 505 666 873 316 790 950 874 984 228 171 290 252 442 122 16 172 843 536 474 576 829 465 402 658 416 145 516 326 938 484 30 300 898 779 946 222 749 337 187 401 858 812 88 11 237 819 634 205
2 110 205
2 110 205
2 110 205
2 110 205
2 110 205
2 110 205
2 110 205
2 110 205
2 110 205
326 635
2 326 635
2 326 635
2 326 635
43 326 674 690 276 235 894 65 285 613 500 283 270 62 484 236 212 18 404 847 118 323 724 140 739 592 430 943 298 337 213 335 248 380 193 754 891 892 61 840 368 649 407 635
2 326 635
2 326 635
2 326 635
2 326 635
2 326 635
2 326 635
2 326 635
718 420
2 718 420
2 718 420
2 718 420
2 718 420
2 718 420
2 718 420
15 718 409 60 257 564 387 229 172 375 481 782 805 422 624 420
2 718 420
2 718 420
2 718 420
2 718 420
677 401
2 677 401
2 677 401
2 677 401
2 677 401
2 677 401
53 677 508 319 753 474 183 315 28 693 643 974 292 690 976 49 396 272 719 170 700 264 937 558 144 127 761 658 186 265 954 325 330 994 561 759 498 613 481 252 946 18 145 324 585 858 374 213 621 531 262 38 296 401
2 677 401
2 677 401
2 677 401
2 677 401
2 677 401
324 222
2 324 222
30 324 185 883 169 774 252 163 950 498 47 465 290 332 555 968 271 843 995 91 736 904 818 485 891 365 399 75 460 83 222
2 324 222
2 324 222
2 324 222
2 324 222
2 324 222
2 324 222
2 324 222
2 324 222
2 324 222
444 445
2 444 445
2 444 445
2 444 445
2 444 445
2 444 445
2 444 445
2 444 445
2 444 445
47 444 437 180 506 42 278 857 260 371 45 808 826 951 369 410 366 661 978 296 872 102 347 970 282 345 841 810 167 326 855 98 633 71 876 104 833 799 49 819 148 946 399 993 873 405 902 445
2 444 445
2 444 445
774 176
2 774 176
2 774 176
56 774 133 601 415 949 995 760 528 14 42 927 261 43 789 268 580 483 855 538 95 544 158 820 637 185 958 952 254 956 156 657 976 717 241 837 72 825 45 313 343 406 149 355 189 955 924 933 965 358 646 567 136 655 773 794 176
2 774 176
2 774 176
2 774 176
2 774 176
2 774 176
2 774 176
2 774 176
2 774 176
