788 731
39 788 259 499 392 782 514 461 702 155 742 101 420 269 772 729 566 60 620 587 576 667 183 93 325 715 625 283 650 473 574 39 498 227 372 3 743 17 720 731
14 788 691 296 21 178 647 158 640 721 388 3 278 677 731
879 619
8 879 39 312 694 501 323 560 619
35 879 154 465 126 470 757 859 651 526 540 350 806 748 783 77 438 816 31 766 351 804 671 857 94 753 796 784 376 494 175 575 201 339 12 619
2 879 619
809 539
11 809 765 172 335 642 78 617 395 272 279 539
11 809 572 230 178 46 616 796 311 99 738 539
665 347
4 665 284 256 347
58 60
12 58 59 34 7 15 11 37 13 56 29 30 60
7 58 48 10 15 57 38 60
6 58 24 3 47 38 60
15 58 61 54 38 8 2 1 28 31 35 20 26 33 49 60
6 58 28 6 11 23 60
7 58 34 43 53 59 44 60
10 58 28 34 64 9 12 52 57 4 60
8 58 24 16 64 40 35 36 60
6 58 26 45 7 35 60
5 58 47 63 56 60
14 58 31 55 37 40 61 32 12 64 45 8 46 2 60
7 58 47 26 27 37 44 60
2 58 60
3 58 18 60
445 246
2 445 246
227 156
16 227 127 3 137 94 103 77 136 17 5 122 213 12 114 187 156
8 227 160 1 23 144 189 4 156
10 227 85 178 83 220 125 171 97 110 156
20 227 225 185 155 121 47 189 130 51 89 224 106 35 127 183 211 116 177 139 156
25 227 42 80 165 16 123 149 88 154 205 144 50 152 49 81 213 19 95 106 85 64 228 179 118 156
22 227 212 77 19 107 163 85 141 73 207 51 60 153 34 97 83 36 105 26 92 137 156
5 227 179 126 90 156
83 52
10 83 75 80 41 50 63 32 57 76 52
6 83 49 51 39 76 52
8 83 63 18 24 58 10 45 52
5 83 59 7 17 52
650 373
4 650 127 43 373
2 650 373
703 226
4 703 41 264 226
671 490
5 671 603 651 444 490
11 671 467 172 346 287 12 134 272 471 335 490
852 648
4 852 115 481 648
864 647
24 864 361 156 211 842 223 398 748 654 844 337 830 385 72 578 212 511 774 286 773 690 455 160 647
770 557
25 770 410 242 724 217 403 483 338 200 606 179 576 313 461 642 136 448 766 116 723 516 87 652 204 557
40 770 240 710 64 445 359 503 218 476 336 507 163 387 245 450 326 464 751 304 38 68 637 521 607 713 146 364 90 722 517 20 214 160 383 730 78 768 24 477 557
238 13
14 238 130 226 193 52 166 34 5 215 158 194 54 212 13
40 20
4 40 1 19 20
10 40 26 31 25 9 23 2 21 14 20
7 40 30 38 11 3 36 20
4 40 7 18 20
8 40 31 38 33 19 21 32 20
6 40 18 33 38 3 20
2 40 20
8 40 24 18 34 3 21 1 20
4 40 6 27 20
6 40 11 14 25 22 20
12 40 21 2 33 14 18 12 29 39 22 11 20
6 40 21 37 29 25 20
5 40 6 16 23 20
3 40 32 20
5 40 2 1 29 20
8 40 31 22 30 39 33 37 20
2 40 20
6 40 29 16 34 17 20
5 40 39 1 5 20
5 40 31 11 22 20
8 40 33 29 5 6 38 17 20
263 60
10 263 201 160 257 162 110 42 200 241 60
5 263 81 85 38 60
18 263 16 50 228 233 96 206 261 124 68 65 46 150 113 204 242 26 60
12 263 204 219 218 248 81 260 55 98 158 120 60
12 263 67 5 229 218 194 87 182 13 100 141 60
17 263 2 27 166 120 97 117 30 138 112 146 134 14 131 113 192 60
915 56
29 915 63 779 776 426 493 887 435 802 811 224 730 827 52 830 820 190 122 316 429 696 104 327 560 744 8 504 275 56
28 915 643 602 277 568 736 335 338 695 439 430 911 316 102 553 727 811 667 570 92 633 304 730 261 875 133 476 56
717 263
38 717 577 208 531 165 129 523 336 331 553 600 599 209 686 637 530 92 606 35 376 265 373 674 428 31 122 152 382 104 476 297 473 603 462 432 171 199 263
16 717 114 588 305 581 698 691 627 550 433 264 258 425 107 168 263
2 717 263
96 21
5 96 65 94 80 21
3 96 69 21
11 96 28 34 75 87 18 13 71 53 61 21
21 96 45 61 82 32 89 23 76 63 90 54 7 3 47 73 6 20 15 94 16 21
9 96 68 86 6 78 77 50 51 21
4 96 42 27 21
3 96 58 21
113 90
22 113 63 18 51 62 74 100 39 88 36 65 47 37 40 24 26 77 14 17 28 55 90
6 113 65 115 76 5 90
15 113 23 43 82 24 73 28 89 108 5 103 3 86 111 90
14 113 27 45 8 65 87 107 111 94 62 5 49 44 90
7 113 40 49 109 76 20 90
4 113 39 13 90
816 631
2 816 631
179 133
16 179 71 31 30 176 68 28 24 48 103 125 106 22 80 146 133
21 179 153 39 103 28 109 80 138 171 48 75 156 33 180 108 19 92 67 120 116 133
21 179 124 57 4 48 28 21 150 61 46 32 128 114 105 178 58 130 153 170 94 133
10 179 122 52 150 58 4 173 105 149 133
5 179 42 121 59 133
14 179 47 35 64 107 17 155 3 170 44 157 103 142 133
19 179 18 57 31 11 149 148 172 125 5 74 121 101 93 173 23 21 68 133
2 179 133
166 94
10 166 112 19 78 15 43 1 159 73 94
24 166 42 95 129 62 45 150 1 156 144 154 83 122 57 139 4 140 72 34 22 69 112 115 94
16 166 142 161 70 15 36 113 69 102 58 95 64 50 123 149 94
18 166 52 37 112 125 137 74 119 79 124 8 48 97 132 116 140 26 94
15 166 43 95 14 37 22 85 93 73 32 162 105 21 80 94
12 166 91 164 52 20 49 14 142 150 23 70 94
6 166 49 48 99 82 94
690 359
4 690 443 453 359
17 690 278 208 563 72 381 106 318 624 88 66 517 199 293 150 226 359
20 690 8 221 249 606 43 367 562 500 577 398 121 585 679 425 419 422 345 140 359
582 299
36 582 556 49 416 328 195 553 65 232 270 413 292 533 71 329 159 475 54 471 449 500 366 383 573 203 381 1 198 554 437 20 289 226 21 485 299
6 582 479 213 123 40 299
309 170
4 309 270 85 170
109 101
12 109 33 42 107 54 103 47 102 92 75 2 101
8 109 22 38 62 78 36 15 101
20 109 14 50 31 23 7 28 43 13 92 11 35 72 64 86 46 66 6 78 101
17 109 10 97 36 81 107 14 11 71 65 48 103 74 59 50 16 101
7 109 38 56 52 102 36 101
21 109 77 69 103 23 21 43 81 50 85 10 15 99 108 74 89 75 98 90 83 101
777 762
10 777 752 257 719 742 576 155 125 66 762
39 777 363 140 273 742 151 632 748 331 636 27 544 704 721 413 715 723 50 711 634 329 520 585 529 118 562 165 89 112 72 162 759 572 243 193 86 730 122 762
579 475
14 579 30 214 41 346 39 439 442 413 18 279 76 335 475
565 8
12 565 77 51 305 76 329 562 452 231 188 213 8
587 150
20 587 521 362 501 409 328 211 173 329 12 300 251 371 232 282 59 98 101 492 150
38 587 57 329 579 279 194 415 197 544 382 401 420 553 482 43 428 148 151 454 537 17 30 299 331 37 180 558 201 104 359 492 336 84 393 187 102 328 150
2 587 150
532 234
46 532 225 278 291 33 31 349 78 180 312 190 60 250 148 68 371 217 183 441 144 188 219 358 267 334 391 79 92 449 131 410 45 309 494 271 113 518 363 395 47 14 289 254 147 446 234
35 532 507 323 224 21 525 381 212 32 94 164 232 501 2 44 128 269 83 486 16 87 285 489 374 154 453 151 526 529 86 194 45 141 366 234
32 532 222 128 142 241 211 20 379 305 491 179 447 391 293 251 218 160 141 280 43 107 375 494 525 165 452 336 373 163 412 97 234
10 532 56 504 217 483 164 246 428 432 234
824 479
37 824 174 155 311 29 786 74 643 624 116 123 683 409 100 729 405 798 152 104 120 704 207 765 792 312 499 50 373 266 495 751 510 588 324 145 220 479
39 824 564 119 735 557 542 122 655 545 449 378 778 670 470 189 401 132 571 586 541 60 379 581 560 706 330 575 444 364 408 252 428 482 191 490 34 317 447 479
3 824 157 479
758 264
32 758 362 215 97 235 596 693 69 321 35 283 687 607 119 532 475 496 369 628 391 514 631 594 407 499 515 112 177 297 588 379 264
3 758 511 264
410 162
2 410 162
200 5
24 200 96 140 186 88 185 2 30 25 24 100 8 132 87 170 146 13 43 35 198 61 143 71 5
23 200 182 125 186 104 188 166 170 116 33 49 146 173 127 107 83 24 2 97 160 148 126 5
19 200 80 30 29 154 176 122 16 105 189 196 93 167 198 24 141 38 181 5
2 200 5
17 200 180 120 90 83 145 121 149 150 82 169 50 3 49 183 74 5
7 200 72 187 149 79 83 5
9 200 145 43 133 88 104 129 138 5
2 200 5
733 486
27 733 9 686 599 150 584 57 618 543 436 21 331 68 449 287 82 50 290 403 596 676 183 506 683 730 468 486
4 733 230 113 486
64 35
11 64 33 25 24 7 38 2 46 42 32 35
5 64 56 28 32 35
2 64 35
12 64 33 55 28 11 58 38 16 41 5 47 35
4 64 53 34 35
3 64 51 35
4 64 6 50 35
11 64 44 1 16 60 62 10 3 58 59 35
12 64 3 58 63 45 55 14 19 33 52 28 35
7 64 32 58 13 46 52 35
13 64 10 2 20 25 62 36 21 9 58 30 61 35
7 64 41 47 36 13 56 35
11 64 16 17 13 1 60 8 50 44 47 35
899 567
23 899 719 422 265 777 393 757 825 227 525 454 451 64 67 297 536 621 190 421 174 548 892 567
4 899 753 239 567
65 4
12 65 22 23 50 61 51 33 10 11 42 62 4
5 65 35 6 22 4
20 65 17 2 31 29 61 8 6 53 55 25 48 39 56 18 27 30 12 1 4
8 65 34 58 7 30 11 13 4
13 65 28 9 17 5 13 7 50 42 23 40 24 4
2 65 4
11 65 24 8 33 22 5 46 35 42 16 4
21 65 23 26 36 57 53 28 33 8 52 38 25 3 22 13 46 19 47 58 11 4
11 65 54 58 51 30 40 61 33 57 11 4
6 65 26 22 3 42 4
7 65 7 53 44 50 33 4
6 65 45 29 36 5 4
4 65 6 16 4
12 65 2 29 63 32 12 26 36 54 20 11 4
4 65 18 37 4
11 65 43 44 54 10 25 55 64 42 12 4
5 65 7 10 54 4
5 65 25 43 42 4
13 65 2 17 63 12 29 43 54 37 46 38 28 4
8 65 6 32 24 16 2 60 4
5 65 25 1 36 4
14 65 1 2 43 27 36 39 53 5 12 62 25 37 4
7 65 45 57 34 1 13 4
7 65 8 54 7 56 40 4
8 65 19 20 26 5 27 25 4
5 65 60 7 27 4
2 65 4
9 65 6 42 12 13 55 53 11 4
11 65 25 9 13 64 46 24 30 51 20 4
9 65 63 2 44 24 21 64 47 4
8 65 55 26 2 23 35 48 4
819 673
23 819 225 787 505 81 190 581 399 308 11 164 281 120 757 211 400 654 500 796 8 511 123 673
538 486
25 538 181 86 145 347 405 266 71 109 39 124 247 207 98 243 206 518 158 285 333 352 121 182 125 486
2 538 486
911 182
14 911 651 81 885 470 37 218 220 74 646 146 209 709 182
4 911 757 269 182
954 419
16 954 488 637 721 60 326 245 701 7 167 32 743 741 313 220 419
2 954 419
19 7
8 19 9 18 12 2 8 5 7
6 19 2 12 4 13 7
4 19 15 5 7
7 19 9 4 14 8 18 7
2 19 7
3 19 8 7
6 19 8 18 16 4 7
9 19 15 18 4 10 9 17 2 7
6 19 18 9 2 16 7
7 19 13 6 10 2 5 7
4 19 8 13 7
3 19 13 7
3 19 13 7
7 19 14 9 11 6 13 7
3 19 9 7
6 19 13 5 17 8 7
6 19 15 14 8 2 7
5 19 16 17 15 7
4 19 9 11 7
5 19 4 14 13 7
6 19 11 15 12 14 7
6 19 17 2 15 11 7
5 19 1 17 15 7
5 19 2 3 11 7
5 19 14 4 15 7
3 19 9 7
8 19 3 4 11 2 9 16 7
3 19 5 7
4 19 3 5 7
7 19 2 15 4 3 10 7
3 19 3 7
10 19 9 6 16 18 17 10 8 4 7
8 19 4 11 10 12 18 5 7
8 19 13 17 4 3 9 18 7
8 19 3 18 12 15 8 2 7
4 19 14 4 7
3 19 8 7
3 19 8 7
3 19 4 7
2 19 7
5 19 5 9 12 7
7 19 3 8 10 15 9 7
12 19 11 15 9 14 12 5 17 1 2 10 7
8 19 13 6 5 4 16 1 7
4 19 4 16 7
5 19 1 2 15 7
4 19 16 15 7
3 19 6 7
12 19 16 5 10 1 8 3 12 2 6 17 7
3 19 12 7
5 19 5 8 1 7
4 19 16 5 7
3 19 12 7
3 19 3 7
7 19 10 4 14 15 3 7
4 19 12 16 7
8 19 1 11 13 6 16 2 7
8 19 3 6 13 14 16 4 7
4 19 14 4 7
4 19 17 1 7
3 19 2 7
6 19 3 13 11 10 7
474 130
9 474 62 339 171 57 324 286 129 130
25 474 376 325 322 234 52 142 179 58 319 149 8 182 205 47 330 310 367 108 455 290 84 442 349 130
9 474 90 203 310 367 250 94 282 130
16 474 345 312 174 255 288 149 471 71 58 235 244 21 434 208 130
361 59
10 361 98 283 140 88 259 27 159 2 59
14 361 33 51 45 166 308 190 301 348 44 114 207 321 59
8 361 214 142 82 19 198 303 59
9 361 116 50 229 15 251 294 87 59
20 361 304 180 64 327 181 169 85 15 94 5 171 114 38 273 78 165 284 83 59
9 361 62 42 49 185 83 129 299 59
980 788
49 980 757 416 721 22 719 259 55 196 272 589 504 435 36 592 144 61 626 60 926 469 518 536 879 91 607 716 505 87 783 358 675 853 943 822 792 419 187 749 423 548 462 314 921 436 408 354 377 788
4 980 77 703 788
905 208
25 905 901 788 115 626 64 82 896 902 891 455 611 814 290 746 457 33 94 328 72 2 410 668 157 208
114 98
10 114 60 19 21 43 1 71 35 86 98
9 114 100 39 77 27 73 37 8 98
7 114 27 77 97 24 10 98
5 114 35 10 77 98
13 114 4 102 15 22 8 18 65 35 55 38 103 98
14 114 102 57 27 94 84 101 26 82 93 106 55 23 98
14 114 55 107 78 111 110 89 51 82 103 27 14 69 98
8 114 5 40 50 109 113 55 98
13 114 67 27 87 22 14 40 15 13 110 65 63 98
11 114 67 21 54 78 18 63 112 100 85 98
15 114 37 45 9 27 21 113 70 49 51 36 19 8 102 98
184 62
6 184 56 37 20 124 62
14 184 144 121 118 155 91 157 29 138 32 174 51 4 62
11 184 2 8 43 87 56 26 132 140 137 62
22 184 157 16 54 106 53 144 31 142 94 2 95 33 180 14 92 96 22 58 52 141 62
815 795
19 815 70 695 612 278 604 531 369 231 710 515 33 251 624 702 785 112 651 795
874 802
42 874 633 175 323 273 10 515 744 275 240 567 51 748 284 49 589 250 245 422 235 508 311 14 371 41 237 792 357 420 674 418 497 503 368 643 795 745 232 412 681 456 802
107 32
7 107 53 49 73 62 92 32
16 107 73 1 22 62 96 12 81 25 38 11 43 76 74 60 32
23 107 53 12 19 24 25 17 73 7 62 22 100 31 75 50 87 71 88 65 55 94 57 32
12 107 54 100 82 59 56 24 88 75 85 86 32
7 107 71 70 80 41 13 32
4 107 36 10 32
17 107 41 98 52 70 39 72 30 71 57 66 29 106 74 24 78 32
14 107 87 2 29 93 13 31 73 12 43 17 11 41 32
4 107 54 89 32
5 107 91 66 41 32
517 109
4 517 473 7 109
950 150
2 950 150
842 127
2 842 127
958 934
2 958 934
26 27
8 26 12 10 4 15 21 20 27
4 26 22 17 27
11 26 16 24 15 2 21 23 8 22 4 27
4 26 15 2 27
7 26 5 12 15 6 2 27
8 26 2 15 21 5 17 22 27
7 26 2 22 25 17 19 27
6 26 22 20 24 25 27
5 26 6 1 11 27
9 26 18 10 17 11 29 24 19 27
5 26 16 17 13 27
5 26 6 1 10 27
4 26 17 22 27
5 26 12 21 15 27
9 26 10 2 28 18 1 6 8 27
3 26 11 27
4 26 10 14 27
3 26 8 27
4 26 6 7 27
5 26 7 25 20 27
7 26 17 20 8 25 2 27
2 26 27
11 26 6 12 22 18 5 9 16 19 2 27
5 26 28 16 2 27
6 26 14 19 20 2 27
6 26 21 12 24 17 27
8 26 21 8 24 9 20 15 27
3 26 17 27
6 26 11 4 6 24 27
7 26 24 2 12 29 9 27
4 26 8 29 27
8 26 11 7 14 8 25 3 27
6 26 3 14 25 29 27
11 26 1 3 23 5 28 8 2 24 14 27
7 26 9 19 8 28 15 27
5 26 17 6 2 27
10 26 8 16 6 7 20 19 17 28 27
6 26 15 17 5 21 27
6 26 29 21 19 24 27
9 26 8 6 3 4 15 20 10 27
9 26 1 21 18 13 3 8 25 27
13 26 2 13 14 12 22 5 1 8 25 24 23 27
5 26 7 3 29 27
13 26 8 28 1 17 19 24 22 12 7 18 15 27
7 26 6 25 12 9 2 27
8 26 1 29 7 2 28 9 27
5 26 4 21 14 27
4 26 2 22 27
6 26 12 29 19 24 27
9 26 8 17 20 22 24 25 28 27
6 26 9 1 28 16 27
2 26 27
3 26 10 27
8 26 10 8 25 11 6 17 27
2 26 27
2 26 27
4 26 23 13 27
6 26 2 1 16 11 27
4 26 8 19 27
5 26 24 9 3 27
12 26 22 9 25 11 8 13 29 7 16 1 27
5 26 9 4 1 27
919 201
5 919 143 76 560 201
2 919 201
522 305
3 522 460 305
734 480
14 734 87 667 3 498 366 149 215 189 86 554 572 449 480
2 734 480
470 356
3 470 245 356
96 23
5 96 18 6 57 23
9 96 43 77 70 41 5 8 68 23
9 96 76 68 8 10 31 51 53 23
14 96 93 13 88 57 85 61 32 50 52 67 16 7 23
7 96 76 79 95 39 88 23
8 96 5 81 24 17 57 16 23
4 96 91 65 23
13 96 64 57 86 76 11 7 88 60 71 66 79 23
3 96 61 23
15 96 46 36 88 72 93 4 67 70 80 48 16 73 50 23
526 356
5 526 462 331 195 356
25 526 10 160 9 134 281 467 72 391 4 220 320 448 182 157 505 233 261 156 120 138 38 115 57 356
16 526 185 135 260 298 512 241 395 203 132 235 180 10 25 175 356
3 526 97 356
867 685
9 867 114 868 821 162 541 648 13 685
51 867 746 116 598 375 452 73 803 101 819 344 262 633 415 860 824 709 220 389 710 764 675 560 750 603 596 731 539 570 274 153 502 306 727 706 81 302 407 831 87 861 579 445 607 204 632 771 168 814 323 685
2 867 685
117 60
8 117 30 2 96 31 54 69 60
10 117 58 48 45 37 84 78 40 55 60
16 117 46 89 96 56 99 8 70 12 69 22 64 29 14 113 60
13 117 107 1 13 48 104 25 11 81 83 66 9 60
10 117 35 75 116 76 22 94 64 113 60
11 117 103 107 44 34 57 14 104 39 11 60
5 117 72 5 17 60
18 117 31 5 23 8 6 79 67 19 54 14 110 100 88 20 108 36 60
6 117 79 88 74 45 60
4 117 103 46 60
19 117 44 46 13 105 78 35 47 76 40 113 93 9 34 91 103 92 110 60
13 117 64 116 52 113 53 55 23 63 102 15 69 60
16 117 114 106 18 99 17 85 24 77 3 58 74 23 9 111 60
589 315
10 589 260 178 118 284 278 506 65 584 315
21 589 208 378 534 560 334 44 437 505 59 18 161 416 15 482 20 145 445 401 46 315
21 589 14 437 242 216 413 22 406 346 258 416 174 545 97 354 473 320 94 261 7 315
45 5
4 45 41 36 5
19 45 26 23 18 4 32 16 24 41 19 27 33 47 2 11 6 12 40 5
6 45 35 38 23 20 5
5 45 20 42 26 5
9 45 14 4 11 42 38 35 22 5
9 45 31 34 36 7 18 47 24 5
5 45 4 9 30 5
3 45 31 5
6 45 3 20 40 7 5
7 45 1 20 16 18 9 5
6 45 39 4 20 29 5
11 45 9 46 48 21 17 39 4 7 29 5
6 45 38 16 9 29 5
8 45 28 17 31 32 37 18 5
5 45 28 17 30 5
7 45 28 44 38 10 3 5
11 45 42 39 34 7 23 3 14 28 27 5
14 45 28 44 21 38 13 18 42 34 6 48 46 3 5
6 45 46 10 6 2 5
10 45 4 18 44 35 13 26 10 36 5
12 45 43 7 35 18 44 14 28 37 47 3 5
17 45 43 7 46 41 21 15 12 27 28 25 22 3 23 6 42 5
8 45 43 44 9 16 2 21 5
7 45 25 12 33 28 23 5
6 45 39 38 28 15 5
8 45 14 31 15 33 8 10 5
9 45 41 23 33 31 14 29 47 5
5 45 40 9 42 5
7 45 34 12 2 15 24 5
10 45 31 17 33 7 27 6 26 24 5
11 45 47 15 1 13 6 22 26 11 7 5
8 45 23 2 27 17 26 32 5
3 45 1 5
638 17
24 638 87 160 5 117 627 523 540 186 73 194 109 580 89 51 44 515 354 535 295 41 248 146 17
24 638 320 258 538 72 170 271 214 402 304 423 315 366 174 255 182 2 505 604 525 241 66 575 17
15 638 543 234 91 265 478 460 174 258 289 547 565 135 414 17
415 274
10 415 348 291 100 177 252 389 337 158 274
8 415 69 403 165 279 83 93 274
18 415 358 309 65 89 408 35 379 386 12 119 217 207 171 83 112 414 274
10 415 365 292 30 335 222 321 411 187 274
16 415 158 65 6 180 379 327 193 346 86 134 27 8 350 106 274
393 340
31 393 169 215 310 314 328 235 128 28 125 243 239 231 57 370 325 79 6 9 338 295 74 375 71 75 190 391 372 20 34 340
14 393 212 5 158 100 331 334 35 242 136 241 285 224 340
9 393 88 327 265 250 249 76 303 340
8 393 355 25 262 279 131 365 340
8 393 11 229 185 129 249 216 340
904 420
2 904 420
801 281
5 801 278 345 193 281
468 460
17 468 160 4 343 438 384 339 38 118 447 125 255 454 299 225 208 460
21 468 376 358 205 165 182 383 131 236 362 58 23 2 71 347 420 259 159 418 200 460
11 468 214 264 123 239 40 180 142 150 16 460
321 104
20 321 184 99 73 139 48 301 235 295 92 237 128 274 272 277 131 309 133 135 104
14 321 56 120 29 83 131 188 82 214 45 105 316 141 104
16 321 196 136 34 316 25 173 73 120 35 239 209 83 201 49 104
19 321 224 22 160 14 112 81 20 152 72 257 270 140 12 66 50 93 96 104
11 321 189 267 87 176 63 237 218 110 124 104
263 36
6 263 3 6 45 174 36
21 263 121 135 200 77 103 16 140 128 105 258 257 37 88 83 167 13 81 22 55 36
17 263 123 51 6 28 130 224 174 22 25 262 126 249 201 57 196 36
17 263 158 264 30 20 196 37 117 262 206 24 165 198 256 175 128 36
10 263 30 230 13 167 228 140 209 237 36
10 263 63 10 204 7 51 220 247 192 36
36 5
4 36 9 34 5
3 36 8 5
347 233
8 347 265 343 7 323 250 130 233
18 347 212 218 250 287 37 128 83 336 154 96 48 164 308 114 46 260 233
2 347 233
165 132
4 165 101 59 132
6 165 164 25 144 78 132
21 165 26 157 81 14 29 5 122 54 80 114 100 46 24 120 38 19 144 73 33 132
14 165 87 146 150 2 36 73 111 55 18 84 137 22 132
10 165 20 66 131 68 113 100 118 136 132
12 165 23 30 31 12 117 157 25 85 126 161 132
11 165 60 89 147 51 39 66 53 151 104 132
13 165 99 127 30 109 135 18 98 39 68 58 118 132
17 165 109 67 99 37 93 131 80 65 64 59 120 143 91 88 79 132
4 165 122 71 132
794 790
22 794 62 404 635 99 299 145 73 108 576 132 9 765 232 482 146 172 331 281 380 714 790
11 794 667 629 439 677 708 377 159 456 283 790
931 117
4 931 599 297 117
480 424
22 480 279 245 232 146 1 46 475 216 474 55 225 243 473 40 114 173 24 388 240 391 424
14 480 284 242 357 67 375 317 221 397 447 362 348 313 424
9 480 268 101 165 264 347 323 263 424
572 441
20 572 44 6 299 447 129 5 467 382 550 478 95 484 380 477 53 117 329 264 441
2 572 441
536 441
37 536 324 308 171 527 241 467 487 80 394 318 459 207 530 62 300 132 181 447 358 111 138 254 377 3 483 299 458 415 88 244 449 98 472 23 496 441
27 536 267 184 402 158 3 401 204 351 56 96 377 531 482 127 416 431 355 460 508 489 497 168 55 44 41 441
21 536 170 115 34 13 492 208 316 159 144 57 403 101 380 163 502 108 279 191 252 441
217 157
12 217 143 69 174 200 40 204 168 5 89 160 157
17 217 141 52 102 168 172 204 146 161 118 149 211 188 145 92 175 157
11 217 178 97 23 175 198 167 173 160 185 157
24 217 21 209 106 108 48 140 109 36 55 122 34 63 33 124 73 180 111 11 167 130 97 135 157
25 217 117 15 199 106 175 55 138 147 77 140 196 41 205 206 50 89 109 84 100 146 168 9 116 157
3 217 215 157
818 517
34 818 382 468 814 676 117 642 37 248 4 406 547 318 575 262 142 803 24 387 123 328 461 77 556 683 484 407 17 589 405 351 457 11 517
965 741
25 965 641 279 639 614 3 211 801 131 264 225 162 855 554 612 207 637 799 944 29 701 813 873 252 741
25 965 861 151 115 23 883 187 18 857 161 590 100 885 627 246 837 360 602 612 279 325 457 938 860 741
2 965 741
212 51
15 212 15 138 18 54 139 5 63 76 99 11 10 182 30 51
15 212 161 97 43 44 69 57 116 112 15 95 53 80 122 51
9 212 190 194 130 109 79 65 149 51
18 212 48 136 125 203 121 187 102 96 3 41 99 78 4 149 127 166 51
25 212 98 153 35 104 196 170 110 30 10 147 125 82 141 139 120 118 155 175 20 187 87 2 167 51
11 212 1 65 153 178 71 135 196 99 186 51
22 212 193 129 63 95 131 49 168 66 210 173 152 47 204 84 73 103 11 99 150 130 51
6 212 141 158 178 100 51
155 10
2 155 10
921 658
26 921 864 866 844 322 51 756 419 810 6 58 434 586 915 474 792 707 446 743 476 248 55 243 439 889 658
2 921 658
964 44
4 964 650 544 44
541 505
22 541 212 135 489 193 88 425 388 487 362 131 206 257 463 73 299 89 253 285 394 457 505
13 541 507 265 399 195 123 336 257 182 395 38 485 505
477 74
33 477 448 392 62 134 257 120 167 142 426 17 439 159 229 216 233 241 164 406 289 97 428 218 205 321 50 309 409 81 153 293 226 74
23 477 133 152 106 424 409 20 36 81 201 259 455 436 229 94 357 158 307 297 199 156 245 74
678 501
23 678 173 434 656 254 232 376 465 632 88 203 650 379 273 564 679 477 420 474 613 308 555 501
17 678 254 214 61 285 349 26 277 628 93 27 331 531 470 123 519 501
28 678 35 641 497 156 570 230 147 355 295 656 509 534 263 79 84 649 606 526 375 197 373 591 447 179 159 330 501
872 785
23 872 85 305 550 167 347 142 622 269 316 25 8 357 360 589 556 293 615 244 93 361 619 785
13 872 657 78 167 597 309 71 501 730 214 709 850 785
534 432
18 534 50 163 105 425 135 111 20 276 269 476 471 314 154 428 271 436 432
4 534 123 474 432
250 136
17 250 182 56 228 165 241 32 86 222 117 242 230 188 55 171 163 136
11 250 43 204 123 39 61 208 227 6 72 136
15 250 103 1 59 191 94 52 117 241 79 88 84 83 249 136
15 250 245 187 46 161 249 139 188 26 218 137 189 195 34 136
20 250 187 148 223 107 108 249 77 216 149 60 51 11 45 234 44 72 214 48 136
30 250 175 85 63 149 112 188 121 81 176 139 69 229 74 55 129 22 108 114 134 1 238 58 197 51 11 172 223 184 136
16 250 214 195 111 88 84 169 131 216 242 87 184 45 64 55 136
454 27
3 454 49 27
43 11
5 43 35 39 16 11
4 43 35 18 11
9 43 9 35 1 10 37 16 30 11
18 43 15 42 8 20 12 4 25 37 19 31 28 17 14 29 30 13 11
5 43 9 4 3 11
15 43 17 23 28 21 3 9 42 4 24 5 15 12 29 11
5 43 30 25 28 11
8 43 1 13 31 7 14 5 11
11 43 7 39 23 20 21 12 29 28 24 11
8 43 35 24 41 16 19 31 11
7 43 14 12 42 7 39 11
4 43 16 14 11
8 43 28 15 25 36 18 37 11
6 43 39 21 34 37 11
4 43 8 21 11
403 111
26 403 237 335 160 97 361 293 17 227 104 59 331 378 248 98 83 172 338 317 184 142 326 348 32 149 111
846 785
33 846 201 220 844 119 390 476 138 131 141 103 113 668 280 453 781 733 311 667 177 738 451 332 807 142 596 140 277 347 424 437 143 785
63 846 390 689 504 566 291 104 131 771 327 121 541 635 780 12 720 803 698 41 343 822 526 196 77 97 577 185 441 608 842 606 276 455 361 148 261 656 492 719 429 68 82 497 506 610 685 810 114 474 647 146 350 370 671 714 616 498 402 259 571 76 775 785
528 289
21 528 31 225 82 451 58 277 12 170 166 282 268 361 501 261 156 229 355 339 95 289
3 528 326 289
911 214
4 911 571 590 214
715 549
19 715 56 511 291 604 30 690 692 6 296 693 284 113 688 63 635 599 111 549
16 715 290 457 310 9 601 416 26 265 137 147 254 19 75 557 549
146 127
7 146 48 69 65 81 67 127
22 146 16 65 81 6 1 18 39 9 80 140 71 98 29 46 33 37 73 139 66 88 127
16 146 139 11 60 77 73 29 106 6 68 97 71 22 100 131 127
4 146 69 4 127
204 31
21 204 56 185 112 30 177 63 53 55 10 19 166 26 151 20 43 129 120 142 165 31
13 204 30 175 117 108 57 124 6 32 45 159 138 31
13 204 170 57 133 121 147 67 113 109 119 103 157 31
5 204 100 52 45 31
7 204 15 5 27 143 190 31
9 204 16 129 104 156 52 141 175 31
78 69
11 78 3 51 43 38 74 19 73 77 8 69
11 78 43 63 61 12 21 59 22 42 44 69
6 78 19 20 43 75 69
9 78 25 33 21 10 23 65 7 69
11 78 27 55 34 56 67 20 36 13 14 69
13 78 5 53 47 35 32 15 57 75 37 72 55 69
6 78 34 60 47 50 69
8 78 63 7 6 35 13 72 69
398 193
14 398 355 26 335 243 162 328 364 17 75 41 183 130 193
8 398 196 303 169 339 126 142 193
3 398 53 193
171 64
22 171 129 162 31 87 166 19 40 132 83 117 152 125 30 142 36 99 77 61 101 156 64
4 171 92 114 64
16 171 173 167 70 40 107 147 125 31 106 24 44 142 117 79 64
4 171 135 164 64
19 171 42 154 71 129 103 144 124 122 38 76 58 44 92 134 80 152 11 64
10 171 116 54 58 160 53 16 134 140 64
9 171 125 49 40 38 137 58 154 64
9 171 50 84 120 63 111 101 5 64
897 711
23 897 86 296 294 553 32 212 650 24 867 556 640 723 855 67 578 869 725 254 846 68 44 711
26 897 824 198 199 568 551 533 126 363 233 500 478 488 101 595 756 526 330 38 561 746 45 749 889 187 711
3 897 759 711
672 533
4 672 104 521 533
43 22
4 43 47 10 22
10 43 29 12 35 23 10 32 3 40 22
8 43 8 39 38 32 44 25 22
5 43 30 10 32 22
6 43 6 13 38 2 22
4 43 16 40 22
6 43 42 5 30 1 22
3 43 19 22
5 43 3 17 34 22
8 43 34 46 9 48 23 38 22
6 43 24 9 40 41 22
11 43 7 36 1 6 32 19 5 16 21 22
5 43 33 38 27 22
7 43 11 5 7 16 41 22
8 43 44 36 10 11 7 23 22
2 43 22
14 43 12 10 40 44 2 20 17 45 7 36 9 25 22
11 43 13 6 19 41 27 28 16 37 18 22
9 43 23 33 25 12 36 47 17 22
15 43 7 29 5 6 41 47 12 36 32 11 8 33 21 22
10 43 11 23 27 5 38 37 7 1 22
8 43 36 2 7 31 15 37 22
4 43 6 12 22
2 43 22
6 43 31 40 36 18 22
14 43 37 26 2 44 13 19 31 41 39 6 27 1 22
4 43 24 8 22
701 593
22 701 438 7 498 555 283 249 98 486 647 68 134 312 66 117 140 373 188 554 416 148 593
854 794
19 854 268 697 432 262 339 149 422 694 261 312 721 383 55 601 201 842 342 794
5 854 549 756 583 794
641 506
4 641 600 424 506
35 9
4 35 37 36 9
3 35 17 9
3 35 6 9
10 35 30 16 14 13 37 25 22 8 9
3 35 25 9
7 35 1 22 25 28 17 9
4 35 29 2 9
9 35 32 11 30 36 14 20 1 9
6 35 19 21 2 6 9
3 35 2 9
3 35 32 9
7 35 14 34 5 18 20 9
7 35 29 11 18 23 5 9
7 35 32 25 16 10 6 9
14 35 11 20 34 4 7 36 14 17 26 23 15 24 9
5 35 10 29 14 9
6 35 5 27 24 22 9
6 35 18 23 31 30 9
4 35 31 19 9
2 35 9
801 734
39 801 170 284 423 224 459 63 87 631 392 34 163 338 698 83 92 553 591 687 451 477 427 184 690 386 622 778 314 10 35 426 166 240 532 222 497 618 791 734
38 801 89 633 608 726 749 374 593 512 49 718 630 631 669 659 439 406 35 513 236 410 684 210 212 102 63 412 604 793 433 43 652 667 4 159 386 253 734
176 43
13 176 70 63 131 83 60 122 23 126 50 155 159 43
13 176 41 9 160 4 162 85 116 67 81 50 98 43
87 2
15 87 27 15 68 65 19 31 53 72 1 10 7 9 20 2
20 87 62 45 69 31 42 59 27 67 70 86 14 33 8 1 7 79 61 52 2
6 87 37 24 14 45 2
89 48
2 89 48
8 89 36 14 53 61 35 83 48
13 89 73 59 37 11 35 7 21 56 88 77 41 48
15 89 4 24 49 84 27 82 25 69 64 83 81 29 19 48
10 89 73 72 45 3 5 55 82 67 48
9 89 47 29 87 23 68 36 21 48
12 89 57 68 79 83 3 53 12 7 59 38 48
13 89 65 18 21 47 79 60 54 58 81 29 37 48
13 89 71 86 63 61 80 29 11 35 84 43 15 48
13 89 54 10 56 85 17 47 73 41 71 7 80 48
7 89 32 22 51 23 42 48
5 89 23 85 69 48
11 89 54 69 40 38 16 41 17 49 46 48
8 89 16 33 20 85 39 70 48
2 89 48
10 89 53 81 25 85 86 26 7 16 48
8 89 10 44 75 64 21 68 48
6 89 12 28 10 71 48
5 89 82 71 15 48
2 89 48
8 89 19 32 49 58 86 17 48
8 89 63 24 19 33 4 26 48
748 343
27 748 567 173 181 257 503 455 379 556 26 491 706 446 392 211 479 424 358 10 313 218 68 292 340 287 380 343
6 748 458 170 676 386 343
493 486
23 493 490 183 352 237 438 265 25 397 347 172 491 232 401 426 213 340 378 385 425 386 200 486
320 190
17 320 152 59 175 204 24 80 109 300 254 95 132 85 238 87 219 190
19 320 93 11 104 280 219 181 2 38 95 51 102 221 213 55 236 286 317 190
20 320 186 67 278 247 161 64 80 311 284 91 308 1 268 69 220 301 103 273 190
10 320 39 89 107 106 214 171 321 34 190
20 320 308 138 218 245 238 198 116 21 173 211 258 97 253 257 318 192 103 96 190
22 320 304 173 145 210 40 54 299 175 134 135 180 33 253 211 192 106 258 83 16 68 190
2 320 190
348 108
14 348 34 40 230 203 344 250 32 200 147 99 260 253 108
17 348 41 178 299 157 184 291 122 85 146 175 58 77 297 185 169 108
28 348 15 220 132 203 31 169 11 79 76 125 114 267 316 186 86 261 119 42 235 216 27 264 194 218 320 107 108
28 348 330 179 275 46 329 234 246 297 148 284 347 110 165 129 66 24 57 60 163 93 156 152 175 6 45 113 108
17 348 252 75 317 114 191 63 174 258 273 19 3 297 324 248 52 108
6 348 33 252 199 218 108
519 380
32 519 125 378 107 219 437 124 468 136 127 62 379 209 182 68 406 385 448 491 75 386 433 336 101 283 518 3 177 365 457 276 380
16 519 232 170 368 341 403 266 447 426 159 404 292 289 365 428 380
309 202
14 309 254 93 127 307 20 55 161 243 306 26 59 163 202
10 309 232 46 262 281 200 127 164 24 202
19 309 161 200 222 185 26 253 285 213 150 20 115 169 177 188 92 307 287 202
697 534
33 697 245 562 190 185 677 511 680 437 474 61 452 458 462 86 176 587 298 702 111 412 304 308 252 348 263 305 254 21 240 142 467 534
2 697 534
248 182
12 248 99 224 194 32 240 140 8 154 125 96 182
9 248 201 107 195 147 184 126 95 182
835 54
24 835 800 548 561 102 686 318 442 384 743 742 611 49 69 18 831 497 241 341 451 144 284 201 54
2 835 54
333 240
9 333 41 27 195 12 205 256 158 240
26 333 116 161 80 112 47 237 14 207 252 42 115 169 45 249 276 101 65 31 33 197 281 222 26 220 240
9 333 62 60 138 156 140 168 37 240
3 333 22 240
445 215
24 445 405 398 164 231 294 358 369 344 430 29 404 26 177 234 394 373 101 420 240 327 439 262 215
15 445 328 31 177 182 175 244 9 114 124 292 207 405 394 215
29 445 302 107 111 164 6 299 210 405 378 416 134 408 46 311 364 146 149 350 274 339 205 292 437 419 403 67 78 215
579 290
34 579 441 184 276 367 418 187 330 516 229 482 381 419 360 536 308 158 221 463 185 375 259 4 293 29 252 186 15 236 58 541 97 421 290
19 579 413 400 49 502 90 366 431 470 232 100 496 259 419 177 581 69 396 290
8 579 450 345 38 484 42 139 290
2 579 290
405 219
13 405 318 372 356 231 182 196 78 409 66 88 217 219
7 405 330 94 144 356 380 219
693 22
3 693 183 22
979 656
2 979 656
246 202
3 246 225 202
12 246 176 20 108 159 233 150 40 96 51 205 202
562 510
2 562 510
6 3
2 6 3
2 6 3
3 6 5 3
3 6 2 3
3 6 1 3
3 6 2 3
2 6 3
3 6 4 3
2 6 3
2 6 3
3 6 4 3
2 6 3
2 6 3
447 4
37 447 444 289 46 65 310 94 90 142 87 253 246 284 58 288 177 413 290 183 326 259 102 384 442 143 117 371 210 397 153 82 195 18 366 307 405 4
443 125
8 443 139 26 103 275 198 61 125
56 60
12 56 42 15 23 8 33 30 6 47 22 43 60
12 56 48 31 6 59 33 34 13 8 57 35 60
11 56 44 53 11 19 38 1 34 30 32 60
9 56 41 37 16 3 32 47 11 60
12 56 35 16 59 23 28 52 58 1 4 45 60
7 56 59 30 53 49 13 60
4 56 6 44 60
8 56 52 10 47 24 13 53 60
4 56 13 30 60
819 607
43 819 361 719 229 60 531 228 203 231 459 281 708 557 786 766 376 618 605 759 604 625 344 753 189 26 70 249 426 315 157 704 644 811 308 646 679 528 334 303 318 114 28 607
16 819 665 508 232 297 39 240 666 88 475 617 622 662 372 693 607
2 819 607
281 21
31 281 41 6 28 174 221 122 190 259 24 26 157 237 246 33 108 88 239 168 125 81 52 262 71 144 180 119 83 20 179 21
30 281 113 192 97 42 5 149 117 71 99 122 215 43 156 253 72 235 129 226 152 228 73 165 250 237 174 82 254 227 21
562 449
10 562 333 292 200 525 526 312 556 273 449
998 472
2 998 472
626 450
4 626 336 380 450
379 333
11 379 211 329 317 111 139 173 71 78 160 333
7 379 342 376 68 37 20 333
712 144
8 712 650 103 576 524 486 452 144
507 438
2 507 438
467 117
15 467 175 271 239 6 200 212 47 308 38 128 179 109 365 117
20 467 155 19 457 434 446 126 11 371 221 169 301 290 73 422 150 88 289 82 117
2 467 117
995 358
39 995 735 507 626 632 366 46 453 612 892 288 280 346 241 539 273 982 615 205 19 889 536 243 535 294 493 959 3 629 233 767 126 703 807 58 764 990 121 358
3 995 676 358
543 507
25 543 60 26 183 23 288 492 163 128 410 234 96 388 122 252 429 346 236 224 38 27 93 319 376 507
4 543 302 283 507
376 234
6 376 29 237 136 278 234
456 347
29 456 139 86 220 308 20 386 150 49 216 335 40 385 102 364 269 419 11 79 222 319 101 234 399 446 323 366 145 347
915 804
21 915 44 432 814 406 96 478 903 177 206 547 204 56 729 688 145 28 305 622 893 804
33 915 108 455 164 832 692 191 502 47 211 490 760 837 381 902 378 246 484 448 671 467 389 529 856 788 277 153 430 342 769 713 813 804
7 915 420 530 455 606 876 804
116 35
14 116 107 90 36 43 42 2 47 49 102 112 86 75 35
10 116 6 41 25 108 89 67 34 91 35
6 116 11 110 47 115 35
10 116 87 50 110 61 11 2 23 15 35
6 116 37 53 32 16 35
12 116 48 98 75 83 96 76 10 43 94 49 35
8 116 86 52 23 99 97 53 35
17 116 58 111 19 21 77 97 103 10 16 83 17 9 53 4 73 35
13 116 114 24 107 77 19 88 69 68 58 31 16 35
2 116 35
7 116 111 108 40 37 68 35
9 116 52 99 8 11 18 66 64 35
4 116 3 68 35
8 116 14 102 99 21 10 11 35
12 116 25 106 30 56 84 37 74 69 23 71 35
8 116 2 28 24 83 60 109 35
3 116 52 35
639 346
26 639 382 526 303 131 638 616 34 225 634 55 100 390 218 328 14 307 475 448 293 351 279 534 290 442 346
3 639 612 346
651 389
26 651 449 307 249 457 171 535 355 174 590 588 611 18 492 123 252 170 448 420 202 120 618 571 533 616 389
338 13
9 338 248 39 307 314 218 247 287 13
692 284
13 692 647 113 87 322 196 89 543 444 286 265 392 284
426 25
3 426 140 25
227 140
8 227 200 49 184 212 192 87 140
10 227 130 177 46 44 9 216 189 188 140
20 227 79 188 24 38 208 95 44 149 19 106 56 20 115 192 87 128 39 223 140
11 227 80 14 194 61 221 152 23 29 224 140
850 841
17 850 679 27 19 168 621 340 84 571 78 411 706 346 349 165 831 841
2 850 841
460 214
14 460 404 90 195 335 56 237 418 260 399 454 65 263 214
25 460 177 138 49 131 79 181 298 422 326 356 238 167 237 292 113 265 45 95 129 67 16 309 327 214
16 460 97 323 193 140 77 119 344 381 349 182 190 45 69 296 214
18 460 131 401 250 90 343 394 222 321 322 329 409 344 297 72 120 234 214
997 951
23 997 157 184 238 660 176 323 918 276 88 497 961 295 872 43 804 657 279 47 582 44 285 951
20 997 944 539 353 689 215 777 950 522 220 500 223 672 644 174 474 9 815 751 951
317 285
7 317 100 116 157 187 62 285
14 317 55 193 64 5 145 255 222 169 288 58 91 30 285
19 317 59 208 207 84 69 54 98 188 202 234 30 298 187 263 197 95 146 285
18 317 308 247 6 278 307 141 231 2 230 25 233 198 279 129 159 212 285
8 317 142 119 97 139 116 148 285
14 10
10 14 9 15 12 11 1 4 13 6 10
7 14 5 6 7 11 13 10
4 14 7 4 10
5 14 2 8 1 10
6 14 9 15 2 11 10
5 14 13 7 8 10
3 14 15 10
2 14 10
3 14 5 10
2 14 10
4 14 5 12 10
2 14 10
4 14 7 2 10
4 14 9 13 10
4 14 6 8 10
3 14 1 10
5 14 11 5 8 10
4 14 3 12 10
2 14 10
3 14 11 10
5 14 9 1 5 10
3 14 6 10
5 14 7 9 3 10
8 14 8 3 5 12 1 13 10
4 14 5 12 10
3 14 13 10
2 14 10
4 14 6 1 10
6 14 15 7 11 4 10
5 14 7 9 1 10
3 14 1 10
4 14 2 1 10
2 14 10
4 14 6 2 10
2 14 10
3 14 11 10
7 14 7 4 6 1 15 10
5 14 1 3 6 10
3 14 6 10
2 14 10
4 14 4 15 10
4 14 9 5 10
4 14 8 4 10
3 14 6 10
5 14 2 12 5 10
6 14 3 1 15 11 10
2 14 10
2 14 10
5 14 11 15 6 10
4 14 8 6 10
2 14 10
5 14 9 2 3 10
5 14 6 3 12 10
4 14 13 7 10
2 14 10
3 14 2 10
5 14 11 13 2 10
4 14 4 7 10
3 14 13 10
4 14 9 7 10
3 14 13 10
4 14 9 7 10
2 14 10
4 14 9 2 10
3 14 9 10
5 14 6 4 3 10
3 14 6 10
5 14 2 3 8 10
5 14 7 13 11 10
6 14 13 3 7 2 10
6 14 2 13 12 8 10
6 14 5 15 11 3 10
4 14 8 5 10
2 14 10
7 14 7 5 11 15 13 10
3 14 7 10
8 14 7 5 8 12 1 13 10
6 14 15 3 6 7 10
3 14 13 10
5 14 15 1 11 10
2 14 10
8 14 5 7 6 12 1 3 10
7 14 11 1 12 5 3 10
5 14 13 2 8 10
7 14 7 12 5 13 15 10
5 14 7 5 2 10
4 14 8 7 10
5 14 15 2 12 10
5 14 2 13 7 10
5 14 13 12 8 10
2 14 10
3 14 2 10
5 14 7 2 13 10
3 14 15 10
4 14 2 1 10
9 14 13 8 7 5 9 15 4 10
5 14 9 6 4 10
3 14 1 10
3 14 7 10
4 14 1 9 10
3 14 11 10
4 14 4 15 10
3 14 1 10
3 14 11 10
11 14 1 15 7 9 11 6 8 12 2 10
4 14 6 8 10
6 14 5 1 7 6 10
4 14 5 9 10
2 14 10
7 14 13 8 12 3 2 10
3 14 9 10
6 14 2 3 8 12 10
3 14 8 10
6 14 11 8 5 1 10
3 14 12 10
5 14 1 4 13 10
10 14 2 1 13 11 9 6 15 4 10
4 14 6 3 10
4 14 3 8 10
8 14 4 13 11 3 1 9 10
5 14 9 1 2 10
3 14 9 10
2 14 10
4 14 5 9 10
7 14 13 1 7 15 2 10
3 14 8 10
4 14 8 4 10
3 14 3 10
8 14 1 11 2 8 7 3 10
7 14 4 13 2 1 12 10
6 14 9 4 5 11 10
3 14 6 10
6 14 4 15 9 7 10
3 14 2 10
573 37
2 573 37
29 573 560 266 17 58 177 533 526 211 4 398 98 182 539 365 392 209 91 241 405 95 495 308 146 157 402 345 132 37
10 573 133 321 505 97 520 352 461 205 37
5 573 529 421 116 37
51 10
13 51 36 27 42 44 50 30 6 40 4 41 39 10
11 51 45 33 13 40 31 7 24 44 32 10
5 51 20 11 33 10
7 51 12 41 16 37 32 10
6 51 49 40 41 32 10
13 51 40 43 5 39 13 33 19 15 17 50 49 10
3 51 44 10
12 51 7 44 4 17 41 29 25 22 34 27 10
4 51 31 2 10
12 51 50 28 21 38 22 48 6 8 23 44 10
15 51 46 1 29 11 42 36 33 34 25 8 19 50 4 10
11 51 11 45 15 40 36 4 26 25 20 10
9 51 49 40 27 11 29 34 4 10
10 51 7 14 25 30 3 15 26 33 10
17 51 22 6 19 42 1 25 33 20 44 29 11 9 27 8 4 10
9 51 49 20 12 6 27 16 15 10
14 51 28 8 45 20 42 32 1 16 37 12 7 35 10
9 51 47 4 22 28 16 45 42 10
5 51 46 47 5 10
10 51 19 3 29 30 22 7 45 42 10
3 51 20 10
7 51 32 38 20 27 50 10
2 51 10
2 51 10
8 51 41 7 3 30 45 16 10
9 51 28 35 30 3 49 50 7 10
3 51 1 10
13 51 26 40 29 45 38 1 44 19 49 5 12 10
9 51 2 47 48 46 37 28 18 10
4 51 28 40 10
11 51 37 35 42 48 12 5 1 40 43 10
7 51 8 2 33 21 14 10
13 51 16 2 46 20 28 31 14 26 12 48 18 10
4 51 36 32 10
10 51 1 31 32 16 2 13 35 18 10
15 51 1 3 22 26 13 35 14 15 12 31 18 33 48 10
4 51 1 13 10
12 51 34 4 47 5 2 48 45 13 11 36 10
6 51 3 30 11 39 10
10 51 30 16 7 26 4 8 32 17 10
538 76
45 538 515 387 485 205 335 397 91 320 498 69 51 416 179 83 347 500 510 25 33 385 496 339 118 290 240 440 324 145 318 471 488 239 518 470 55 231 54 301 447 86 270 90 271 76
16 538 401 47 213 471 412 521 371 351 248 195 516 192 512 187 76
44 538 288 82 138 439 261 393 63 219 150 77 146 400 433 273 23 428 31 12 431 277 289 450 470 187 100 184 379 29 401 16 282 463 290 160 50 479 237 106 35 120 357 284 76
13 538 363 352 518 377 401 74 333 429 278 165 459 76
6 7
3 6 4 7
3 6 4 7
2 6 7
4 6 5 1 7
2 6 7
3 6 4 7
2 6 7
2 6 7
4 6 4 1 7
3 6 1 7
4 6 2 1 7
2 6 7
2 6 7
2 6 7
3 6 5 7
5 6 4 5 3 7
2 6 7
2 6 7
2 6 7
4 6 4 3 7
2 6 7
4 6 5 3 7
2 6 7
2 6 7
3 6 1 7
3 6 5 7
5 6 1 2 5 7
4 6 5 4 7
3 6 1 7
3 6 1 7
3 6 1 7
6 6 5 4 3 2 7
4 6 4 5 7
5 6 1 4 2 7
3 6 2 7
3 6 4 7
3 6 3 7
3 6 2 7
4 6 3 2 7
3 6 2 7
3 6 2 7
3 6 3 7
4 6 2 4 7
3 6 2 7
3 6 1 7
2 6 7
6 6 5 2 1 3 7
3 6 3 7
4 6 3 4 7
3 6 2 7
4 6 5 3 7
6 6 3 4 5 2 7
5 6 1 5 4 7
5 6 4 1 3 7
3 6 4 7
4 6 4 3 7
4 6 1 4 7
3 6 3 7
4 6 1 5 7
5 6 5 3 4 7
4 6 5 4 7
4 6 3 4 7
3 6 3 7
6 6 3 4 5 1 7
3 6 1 7
2 6 7
3 6 4 7
2 6 7
2 6 7
3 6 4 7
3 6 4 7
3 6 4 7
2 6 7
2 6 7
4 6 1 2 7
2 6 7
3 6 1 7
2 6 7
3 6 2 7
3 6 5 7
2 6 7
3 6 1 7
5 6 5 4 1 7
4 6 4 1 7
2 6 7
2 6 7
4 6 3 5 7
4 6 2 3 7
6 6 2 5 3 4 7
4 6 2 1 7
5 6 4 1 3 7
3 6 3 7
3 6 2 7
4 6 1 3 7
3 6 1 7
3 6 1 7
3 6 3 7
5 6 3 1 2 7
4 6 1 5 7
5 6 1 4 5 7
4 6 4 1 7
6 6 5 3 1 4 7
3 6 1 7
6 6 2 4 3 5 7
5 6 3 4 2 7
2 6 7
4 6 3 5 7
3 6 3 7
3 6 4 7
5 6 5 3 2 7
3 6 2 7
3 6 4 7
2 6 7
4 6 2 4 7
2 6 7
6 6 5 2 4 3 7
4 6 1 3 7
3 6 4 7
4 6 1 4 7
2 6 7
2 6 7
3 6 3 7
3 6 2 7
2 6 7
3 6 3 7
2 6 7
3 6 3 7
3 6 3 7
3 6 3 7
3 6 3 7
3 6 2 7
4 6 4 2 7
5 6 3 1 2 7
5 6 5 2 1 7
3 6 1 7
2 6 7
4 6 1 4 7
3 6 5 7
3 6 4 7
4 6 3 4 7
4 6 2 5 7
3 6 3 7
3 6 5 7
2 6 7
2 6 7
4 6 4 5 7
6 6 2 1 5 4 7
4 6 2 4 7
4 6 1 4 7
4 6 2 3 7
2 6 7
2 6 7
3 6 2 7
2 6 7
3 6 3 7
3 6 4 7
2 6 7
2 6 7
2 6 7
3 6 4 7
3 6 3 7
4 6 3 5 7
2 6 7
3 6 3 7
3 6 5 7
3 6 2 7
3 6 2 7
3 6 5 7
4 6 1 2 7
3 6 1 7
4 6 1 3 7
4 6 1 5 7
2 6 7
3 6 1 7
2 6 7
4 6 4 2 7
3 6 2 7
4 6 3 5 7
4 6 5 1 7
2 6 7
5 6 4 2 1 7
3 6 4 7
2 6 7
2 6 7
3 6 4 7
2 6 7
2 6 7
2 6 7
3 6 4 7
3 6 4 7
3 6 5 7
5 6 3 4 5 7
5 6 3 5 4 7
3 6 3 7
6 6 3 4 1 5 7
3 6 3 7
4 6 5 4 7
5 6 3 5 1 7
3 6 5 7
4 6 5 4 7
3 6 5 7
2 6 7
3 6 5 7
5 6 5 4 1 7
5 6 1 4 5 7
2 6 7
5 6 1 4 2 7
4 6 3 4 7
3 6 3 7
3 6 3 7
3 6 3 7
2 6 7
5 6 4 3 1 7
4 6 4 3 7
4 6 3 4 7
3 6 1 7
2 6 7
3 6 2 7
2 6 7
3 6 1 7
3 6 2 7
2 6 7
7 6 5 4 3 2 1 7
3 6 2 7
4 6 1 3 7
3 6 1 7
4 6 4 2 7
4 6 5 4 7
2 6 7
4 6 4 5 7
4 6 5 4 7
2 6 7
2 6 7
3 6 5 7
4 6 4 5 7
2 6 7
3 6 2 7
2 6 7
3 6 4 7
6 6 4 2 1 3 7
2 6 7
2 6 7
5 6 1 3 2 7
3 6 4 7
2 6 7
5 6 1 4 5 7
4 6 4 5 7
4 6 5 4 7
5 6 4 5 1 7
3 6 4 7
6 6 1 3 2 4 7
3 6 3 7
2 6 7
5 6 4 3 2 7
3 6 5 7
3 6 1 7
4 6 5 1 7
3 6 5 7
3 6 4 7
2 6 7
4 6 4 5 7
6 6 4 3 5 2 7
2 6 7
3 6 2 7
2 6 7
2 6 7
4 6 4 2 7
2 6 7
2 6 7
4 6 1 3 7
4 6 3 2 7
2 6 7
4 6 5 4 7
4 6 3 1 7
4 6 1 2 7
2 6 7
2 6 7
3 6 4 7
4 6 5 4 7
2 6 7
2 6 7
4 6 5 4 7
4 6 3 5 7
3 6 4 7
3 6 3 7
5 6 4 5 3 7
3 6 5 7
3 6 3 7
3 6 3 7
4 6 1 5 7
2 6 7
4 6 4 5 7
2 6 7
2 6 7
3 6 1 7
2 6 7
3 6 5 7
2 6 7
2 6 7
4 6 4 3 7
6 6 3 4 1 5 7
2 6 7
2 6 7
3 6 2 7
2 6 7
4 6 2 5 7
4 6 2 4 7
4 6 5 4 7
3 6 5 7
4 6 4 2 7
2 6 7
3 6 2 7
5 6 1 3 5 7
2 6 7
3 6 2 7
4 6 4 1 7
2 6 7
4 6 2 5 7
6 6 3 4 2 1 7
2 6 7
4 6 2 1 7
4 6 2 5 7
3 6 2 7
3 6 3 7
4 6 3 1 7
399 322
22 399 323 394 92 232 142 248 376 68 365 239 267 75 112 354 316 200 11 190 268 349 322
2 399 322
786 46
18 786 655 400 729 670 460 545 389 246 40 533 483 323 600 95 496 763 46
2 786 46
560 263
19 560 380 124 548 212 361 537 175 270 37 1 150 411 36 257 543 400 158 263
10 560 459 435 240 314 365 540 261 60 263
9 560 344 484 509 536 46 59 499 263
2 560 263
109 7
15 109 14 76 20 100 39 92 30 63 47 61 93 89 1 7
12 109 30 98 11 90 70 44 84 12 58 72 7
4 109 55 84 7
13 109 61 44 55 57 104 107 65 30 102 16 74 7
20 109 75 82 44 74 10 5 47 83 65 108 73 16 49 64 68 22 1 48 7
13 109 49 68 72 48 83 64 92 91 101 43 34 7
15 109 41 45 13 37 71 80 49 96 3 81 43 39 34 7
19 109 84 2 67 10 71 28 42 93 99 89 4 43 88 94 26 57 52 7
14 109 53 9 49 96 38 31 41 30 101 95 16 32 7
12 109 54 40 42 48 37 31 102 100 94 92 7
12 109 81 56 52 31 26 73 60 25 3 42 7
3 109 67 7
239 88
9 239 78 137 135 164 23 233 113 88
10 239 237 17 115 218 226 235 187 201 88
982 347
4 982 109 825 347
673 547
18 673 615 79 495 502 619 297 635 21 3 226 190 88 180 165 544 85 547
17 673 512 84 317 85 153 132 271 61 426 347 598 625 16 618 438 547
18 673 62 172 54 344 631 605 596 508 652 285 222 643 391 282 513 493 547
564 537
20 564 1 19 189 289 422 439 395 79 447 524 170 162 460 539 435 51 556 429 537
29 564 261 391 363 145 369 247 483 7 378 390 487 37 123 255 352 374 441 414 525 461 448 272 304 181 551 453 314 537
23 564 231 5 111 266 363 364 255 192 455 373 115 210 251 394 423 532 499 33 252 332 533 537
30 564 419 255 320 383 269 141 489 495 463 47 390 308 526 350 74 515 307 561 41 428 259 100 82 365 133 562 107 173 537
170 10
8 170 111 29 11 147 24 167 10
15 170 137 93 95 120 70 148 32 29 51 81 97 75 55 10
8 170 57 9 143 98 114 101 10
7 170 54 109 40 47 52 10
355 182
22 355 168 16 35 116 310 140 259 313 99 213 228 49 302 252 274 70 57 171 29 309 182
2 355 182
18 355 308 107 135 162 237 303 8 265 332 248 156 320 317 290 278 146 182
18 355 160 84 64 186 312 187 334 256 73 133 269 314 156 184 304 244 182
10 355 80 136 309 307 345 204 15 293 182
242 34
11 242 179 159 28 79 186 75 181 9 6 34
2 242 34
820 788
24 820 196 368 136 180 469 727 398 65 557 631 490 545 400 271 559 300 653 379 476 242 406 35 788
12 820 579 369 202 359 501 4 238 179 537 56 788
621 595
14 621 257 519 12 394 537 585 574 530 158 616 333 38 595
12 621 609 83 246 332 294 562 449 227 437 603 595
39 621 310 571 502 334 254 165 63 83 547 196 44 519 96 55 188 557 205 270 369 46 460 10 463 172 228 67 293 513 601 396 253 436 2 589 480 280 422 595
831 464
2 831 464
965 227
2 965 227
997 663
47 997 483 159 649 887 929 852 58 398 981 241 28 109 345 463 67 634 657 352 605 907 505 339 489 88 523 160 966 423 156 427 874 626 435 96 751 817 350 296 472 8 768 324 436 237 263 663
589 238
3 589 1 238
627 205
36 627 519 298 589 266 419 77 269 533 301 471 31 602 347 271 117 445 188 334 560 388 231 483 618 197 326 585 61 379 499 346 179 366 481 123 205
13 627 32 127 375 460 60 417 63 31 532 116 240 205
112 70
8 112 53 7 66 10 89 98 70
17 112 89 11 57 27 21 33 87 69 23 56 88 28 36 38 92 70
6 112 88 98 43 67 70
426 374
8 426 364 122 59 153 74 62 374
207 34
22 207 75 204 191 192 33 196 51 31 135 188 132 146 121 5 180 54 83 185 22 79 34
17 207 163 198 106 115 8 105 32 42 189 151 82 130 121 204 37 34
26 207 198 151 92 115 132 22 63 82 146 171 36 58 75 4 25 159 130 57 184 7 152 107 45 117 34
2 207 34
12 207 105 156 25 114 136 82 32 85 159 116 34
24 207 186 146 69 5 137 145 109 203 190 96 89 40 205 123 179 138 196 195 149 184 192 1 34
13 207 188 111 19 9 77 142 163 130 70 175 131 34
12 207 49 68 24 102 133 167 166 77 55 196 34
18 207 60 68 178 15 63 206 44 100 191 174 13 49 83 146 81 58 34
2 207 34
372 348
18 372 55 306 128 213 259 309 114 31 124 320 16 315 283 199 156 28 348
20 372 292 330 204 130 237 186 80 362 245 83 285 327 318 71 226 59 23 22 348
3 372 307 348
146 59
5 146 128 95 10 59
8 146 133 14 57 109 70 81 59
18 2
4 18 1 9 2
3 18 9 2
7 18 7 11 13 9 15 2
16 12
4 16 7 13 12
7 16 15 10 7 8 14 12
2 16 12
2 16 12
2 16 12
3 16 15 12
4 16 13 7 12
4 16 14 3 12
3 16 8 12
4 16 4 5 12
8 16 3 11 7 10 2 4 12
7 16 2 10 7 4 8 12
3 16 8 12
5 16 3 4 8 12
3 16 4 12
7 16 14 6 15 8 1 12
7 16 14 10 2 15 1 12
4 16 13 6 12
5 16 14 6 2 12
5 16 11 4 2 12
3 16 4 12
5 16 14 11 2 12
2 16 12
6 1
3 6 2 1
5 6 5 2 4 1
4 6 2 4 1
2 6 1
5 6 4 5 2 1
3 6 5 1
4 6 5 4 1
4 6 2 3 1
2 6 1
3 6 5 1
3 6 3 1
4 6 4 2 1
4 6 3 2 1
2 6 1
4 6 5 3 1
