100 56
12 100 8 99 49 31 98 32 53 3 20 90 56
8 100 65 79 17 19 27 98 56
14 100 69 24 52 12 58 74 57 25 76 95 14 79 56
11 100 49 1 75 46 20 11 6 78 39 56
9 100 43 22 32 37 73 98 20 56
8 100 24 10 38 8 47 77 56
13 100 83 73 48 14 55 78 1 11 6 36 69 56
7 100 89 34 32 11 5 56
10 100 96 32 78 36 13 95 82 9 56
3 100 23 56
17 100 11 18 26 6 79 45 51 32 43 44 69 21 98 88 19 56
10 100 89 52 90 54 93 61 25 65 56
9 100 53 68 22 95 89 59 87 56
5 100 63 89 57 56
8 100 59 54 92 76 88 6 56
13 100 42 5 68 80 88 33 40 26 7 89 57 56
5 100 66 32 92 56
18 100 77 25 48 40 2 81 3 73 83 6 51 59 71 68 80 82 56
6 100 62 55 82 7 56
13 100 51 9 62 96 8 66 3 34 48 38 26 56
6 100 77 85 71 53 56
6 100 1 50 67 59 56
4 100 99 95 56
11 100 1 60 28 93 65 38 59 89 82 56
8 100 12 1 73 82 4 65 56
10 100 38 41 75 90 55 31 5 73 56
12 100 42 62 90 65 4 71 26 99 82 74 56
11 100 81 80 67 55 54 77 4 23 49 56
13 100 55 28 33 78 37 91 22 29 42 30 48 56
24 100 59 97 34 79 72 44 42 20 69 39 81 25 71 94 60 64 57 43 91 54 84 74 56
14 100 81 39 65 75 21 83 71 60 30 96 58 97 56
17 100 61 47 23 59 54 22 4 45 99 73 21 60 20 91 98 56
19 100 63 68 12 33 8 32 55 96 76 9 13 41 91 17 53 57 23 56
11 100 54 53 14 92 55 58 17 8 90 56
18 100 29 36 98 53 74 24 54 70 48 1 99 55 58 59 46 34 56
21 100 83 59 77 42 75 98 38 23 48 45 51 2 50 79 10 16 54 44 71 56
5 100 22 71 41 56
10 100 5 43 86 61 75 70 87 90 56
13 100 87 83 94 44 13 34 33 4 1 51 58 56
6 100 45 28 27 32 56
18 100 55 85 83 45 41 89 5 10 36 22 82 84 97 37 1 25 56
8 100 54 37 73 88 42 82 56
12 100 69 38 7 73 81 44 61 54 91 78 56
17 100 80 55 58 62 10 45 17 2 50 44 8 32 97 12 71 56
13 100 95 49 33 24 10 61 38 54 22 76 1 56
10 100 33 13 61 55 11 50 62 78 56
19 100 50 97 13 62 64 87 66 33 17 72 28 4 55 39 60 12 24 56
13 100 69 24 34 27 98 48 77 17 31 97 84 56
9 100 79 19 69 86 25 14 9 56
20 100 41 35 58 76 24 89 21 55 72 83 19 92 91 84 95 33 88 30 56
10 100 42 68 36 58 30 75 87 7 56
6 100 9 18 16 17 56
14 100 18 72 90 3 35 55 58 93 45 21 29 69 56
3 100 47 56
11 100 90 73 29 77 6 87 99 7 68 56
10 100 99 63 36 22 69 41 67 31 56
11 100 90 69 53 57 92 37 70 71 6 56
4 100 88 18 56
8 100 41 89 16 58 35 19 56
3 100 55 56
9 100 19 71 18 36 31 94 20 56
17 100 35 21 44 53 61 31 1 99 88 41 95 76 32 10 12 56
12 100 86 61 53 73 29 34 64 28 49 59 56
6 100 83 11 53 66 56
14 100 28 78 31 33 44 64 11 14 70 79 9 34 56
11 100 91 73 33 43 97 5 2 63 70 56
7 100 21 61 84 80 36 56
4 100 15 55 56
12 100 71 36 80 1 90 25 72 19 16 77 56
7 100 38 16 46 21 52 56
7 100 52 80 55 41 27 56
12 100 89 43 99 61 28 30 81 87 37 22 56
10 100 40 26 73 24 27 23 58 4 56
17 100 19 66 41 42 9 50 81 74 10 12 33 73 79 30 75 56
12 100 95 38 30 8 75 68 41 53 54 64 56
9 100 65 10 46 20 53 92 70 56
7 100 3 15 10 17 80 56
13 100 82 42 87 95 2 3 39 13 28 63 6 56
11 100 3 36 28 74 16 82 70 69 80 56
9 100 83 59 76 62 51 23 7 56
6 100 50 51 65 36 56
13 100 47 41 7 10 51 65 46 79 2 30 53 56
14 100 75 67 82 43 24 8 83 32 36 80 97 34 56
11 100 13 7 68 52 80 53 67 97 47 56
8 100 80 3 36 37 81 60 56
11 100 6 80 12 36 7 24 20 5 72 56
9 100 50 95 71 43 48 70 10 56
14 100 36 91 54 71 3 81 27 5 72 45 64 29 56
11 100 76 58 34 6 67 47 36 54 79 56
4 100 18 50 56
15 100 67 37 27 24 38 78 52 68 6 64 18 9 59 56
7 100 67 7 87 72 18 56
13 100 92 28 78 81 42 17 70 69 74 80 47 56
18 100 91 24 88 3 50 68 33 97 6 2 4 13 54 1 81 45 56
11 100 9 50 36 72 75 74 3 54 78 56
6 100 9 2 6 54 56
4 100 9 28 56
3 100 31 56
12 100 37 35 31 41 50 19 58 86 40 48 56
7 100 15 34 41 70 95 56
8 100 80 66 71 17 13 53 56
20 100 32 54 31 6 30 67 65 19 47 91 89 34 37 57 36 23 85 12 56
10 100 34 8 50 53 66 43 21 62 56
8 100 27 1 75 71 17 65 56
13 100 42 1 83 41 67 63 47 49 26 64 32 56
7 100 84 97 40 7 33 56
7 100 72 44 61 75 3 56
3 100 63 56
6 100 1 78 13 3 56
15 100 42 93 55 28 57 2 18 78 14 10 88 22 6 56
7 100 75 67 20 90 61 56
22 100 6 65 11 50 42 23 61 7 10 97 55 66 49 9 5 83 8 19 95 34 56
11 100 96 13 39 93 34 81 40 59 52 56
13 100 89 34 19 49 58 80 85 94 35 15 24 56
12 100 51 62 59 72 46 26 86 41 89 76 56
16 100 69 7 2 41 19 12 48 79 86 3 98 1 75 23 56
4 100 62 28 56
11 100 5 25 16 42 95 52 58 69 77 56
11 100 30 8 71 81 31 3 21 37 90 56
4 100 64 48 56
12 100 16 66 48 87 18 10 45 54 95 8 56
25 100 64 94 83 55 68 13 11 46 79 4 72 22 84 47 81 66 39 12 86 6 24 61 21 56
7 100 91 45 47 22 72 56
7 100 18 11 40 19 37 56
17 100 70 86 14 26 9 40 10 38 31 72 89 94 99 65 44 56
25 100 51 19 78 39 31 73 76 63 3 22 21 57 77 32 18 25 90 65 83 20 35 30 5 56
11 100 77 53 57 3 81 55 5 83 29 56
9 100 85 66 22 74 64 54 96 56
8 100 68 70 25 46 50 77 56
23 100 24 34 57 99 74 2 33 96 41 70 60 61 19 48 50 16 18 55 44 77 52 56
15 100 64 29 13 51 24 91 33 70 60 73 79 32 6 56
6 100 64 38 86 99 56
5 100 42 5 40 56
9 100 10 90 23 24 45 70 28 56
10 100 7 95 42 50 23 43 20 71 56
10 100 21 10 80 33 76 58 65 42 56
10 100 6 35 75 18 17 20 68 33 56
7 100 53 17 98 23 85 56
12 100 97 71 61 52 93 68 15 34 17 88 56
15 100 35 15 9 64 28 67 85 20 16 51 95 4 23 56
9 100 22 50 53 94 73 61 79 56
3 100 8 56
13 100 64 8 24 9 11 39 92 36 14 28 71 56
14 100 72 31 87 48 8 99 11 60 92 18 69 73 56
2 100 56
9 100 51 6 25 90 12 97 16 56
9 100 35 38 52 50 27 26 37 56
11 100 38 5 11 72 93 69 65 92 63 56
12 100 91 86 42 51 59 76 98 15 79 81 56
12 100 13 32 52 2 76 59 66 84 75 41 56
13 100 80 3 32 73 4 62 40 47 50 91 99 56
5 100 45 92 70 56
16 100 95 27 24 23 52 8 48 25 45 89 81 91 9 75 56
8 100 35 24 74 83 60 94 56
8 100 23 32 97 25 47 94 56
7 100 91 35 66 23 32 56
11 100 65 38 60 58 89 21 99 18 72 56
17 100 91 25 33 11 97 22 50 8 14 62 93 86 17 82 42 56
13 100 76 17 25 7 81 47 20 84 63 8 30 56
17 100 99 5 21 23 22 18 58 81 63 8 20 48 79 13 57 56
15 100 21 95 63 15 85 45 90 22 62 3 52 97 72 56
8 100 69 22 85 58 86 29 56
12 100 67 55 61 85 10 42 75 47 63 14 56
7 100 23 66 60 46 51 56
6 100 67 8 87 32 56
8 100 32 8 59 42 28 98 56
15 100 25 38 94 40 74 71 36 8 76 41 53 78 32 56
5 100 27 34 59 56
15 100 26 31 29 79 24 46 37 12 39 78 84 89 30 56
11 100 57 84 67 59 80 89 34 8 63 56
13 100 39 28 38 23 83 15 85 8 54 18 49 56
20 100 22 64 86 10 43 5 35 15 4 41 88 95 28 79 97 62 39 84 56
16 100 71 92 63 44 9 31 18 55 3 97 19 13 39 68 56
6 100 13 93 62 57 56
17 100 42 49 79 69 13 62 14 43 86 40 3 20 84 34 83 56
8 100 6 90 67 98 60 46 56
7 100 61 59 47 98 39 56
8 100 28 90 6 16 55 22 56
7 100 67 86 44 8 39 56
9 100 86 33 64 85 79 90 98 56
2 100 56
7 100 8 50 2 5 72 56
2 100 56
20 100 41 10 11 3 65 38 42 82 18 43 28 78 90 97 31 99 88 51 56
4 100 28 72 56
15 100 28 45 46 94 53 92 63 89 95 21 69 39 23 56
14 100 91 99 70 40 11 24 92 72 77 54 61 3 56
14 100 97 93 91 86 79 58 9 77 3 48 63 52 56
16 100 86 78 80 35 89 20 82 34 30 62 84 92 10 66 56
4 100 15 68 56
5 100 70 20 60 56
7 100 61 40 73 85 13 56
8 100 78 32 53 7 87 18 56
9 100 48 72 78 85 44 83 10 56
15 100 71 69 29 75 53 22 38 84 78 41 34 3 42 56
4 100 74 6 56
13 100 38 88 35 34 23 59 18 65 10 27 6 56
13 100 78 75 21 83 10 6 94 62 99 69 81 56
12 100 87 49 58 29 68 1 79 6 19 31 56
10 100 12 60 75 82 94 42 98 73 56
9 100 65 55 5 91 25 64 20 56
11 100 1 36 50 44 74 80 63 46 72 56
15 100 7 93 89 90 10 34 21 18 28 71 35 27 54 56
11 100 78 51 16 3 12 77 13 35 23 56
5 100 30 35 6 56
7 100 67 14 61 80 38 56
3 100 61 56
15 100 96 63 43 24 54 23 67 4 16 10 74 13 28 56
8 100 86 99 33 30 31 5 56
10 100 98 57 9 63 85 15 55 32 56
13 100 85 14 51 30 82 76 38 86 31 65 8 56
14 100 77 89 36 42 47 25 2 68 43 73 7 95 56
18 100 33 57 6 62 32 43 19 42 31 47 95 78 73 89 15 2 56
17 100 59 60 69 65 96 70 75 67 41 81 31 76 54 55 21 56
14 100 13 36 72 74 64 31 30 41 61 53 77 42 56
9 100 32 14 35 64 16 51 46 56
6 100 48 91 89 26 56
18 100 91 3 98 32 96 69 47 50 64 65 83 54 79 13 30 90 56
12 100 96 72 39 76 48 97 51 74 47 17 56
8 100 55 80 24 2 8 30 56
4 100 13 49 56
19 100 57 1 47 19 22 6 11 12 54 23 91 67 84 52 88 20 92 56
11 100 83 98 18 11 10 91 84 96 68 56
18 100 25 57 80 60 29 19 34 27 59 78 70 35 96 11 10 58 56
2 100 56
10 100 50 61 12 19 88 83 72 93 56
8 100 18 3 65 62 15 38 56
7 100 5 22 4 74 14 56
3 100 81 56
8 100 66 95 10 64 77 76 56
13 100 51 70 62 45 20 32 72 50 14 74 65 56
4 100 51 17 56
9 100 30 74 44 27 94 46 58 56
10 100 22 49 21 46 79 95 40 72 56
16 100 23 20 68 28 49 22 34 43 33 93 61 78 8 84 56
11 100 23 70 41 83 55 82 40 53 28 56
12 100 27 92 50 34 64 9 89 18 49 41 56
5 100 44 81 78 56
15 100 28 26 99 29 65 35 60 59 91 88 11 70 69 56
12 100 39 27 28 34 96 48 43 47 89 2 56
12 100 3 98 67 38 19 96 92 85 66 89 56
13 100 68 54 67 66 29 53 85 13 18 30 26 56
14 100 27 95 99 85 90 66 88 68 83 89 43 80 56
6 100 6 83 94 12 56
8 100 82 83 59 29 87 1 56
4 100 8 88 56
3 100 98 56
11 100 34 47 1 41 66 49 30 79 98 56
9 100 97 96 30 65 52 17 37 56
5 100 68 82 69 56
11 100 51 54 47 36 76 95 99 52 78 56
10 100 49 72 54 7 20 89 61 57 56
8 100 43 31 92 20 97 93 56
8 100 64 85 43 53 16 32 56
5 100 26 49 86 56
9 100 93 79 29 75 57 89 68 56
16 100 46 17 11 64 72 28 75 4 7 47 91 42 53 87 56
17 100 89 25 81 36 73 28 64 23 30 77 80 88 15 47 48 56
6 100 1 77 80 35 56
8 100 88 69 70 11 6 85 56
10 100 88 54 98 23 97 39 68 47 56
18 100 7 11 16 22 27 54 13 33 48 82 88 52 38 85 72 20 56
17 100 39 19 88 80 26 36 58 77 43 50 24 64 8 33 32 56
14 100 77 63 79 40 49 18 30 65 35 1 95 24 56
14 100 87 41 81 80 51 10 27 25 42 95 90 24 56
5 100 68 35 82 56
6 100 66 81 61 69 56
7 100 41 54 75 11 52 56
13 100 2 32 93 55 92 22 50 90 78 29 66 56
16 100 67 61 59 79 29 90 82 5 66 60 20 52 70 10 56
6 100 54 93 67 79 56
20 100 77 83 55 24 19 2 36 27 91 1 72 65 5 81 70 68 62 84 56
14 100 44 59 64 5 41 42 36 24 12 53 4 94 56
10 100 97 8 96 64 21 14 42 91 56
9 100 67 55 70 42 46 30 39 56
6 100 20 22 47 89 56
13 100 46 92 85 90 26 20 74 51 86 3 57 56
5 100 94 70 16 56
5 100 6 50 42 56
11 100 23 84 72 27 51 11 44 38 92 56
5 100 63 5 58 56
3 100 21 56
4 100 89 43 56
5 100 98 89 96 56
5 100 22 25 68 56
10 100 92 74 72 16 84 36 61 99 56
15 100 20 2 66 36 95 30 44 59 63 65 29 93 75 56
20 100 98 19 61 57 38 28 6 34 64 54 18 40 81 47 94 30 66 5 56
11 100 2 87 88 94 92 62 32 1 4 56
9 100 63 48 40 18 13 83 87 56
13 100 14 34 43 17 55 50 8 46 13 79 47 56
10 100 98 80 85 7 46 31 37 83 56
9 100 85 17 83 81 95 96 9 56
7 100 37 21 87 70 29 56
7 100 72 24 5 34 82 56
12 100 64 97 25 55 83 33 47 51 30 75 56
13 100 95 3 72 19 58 49 75 38 57 63 12 56
19 100 35 59 31 43 57 81 44 2 47 38 10 94 84 16 20 14 37 56
16 100 12 93 8 66 81 54 43 44 97 61 21 58 4 99 56
6 100 77 47 80 79 56
13 100 90 8 25 85 81 27 50 28 66 67 60 56
11 100 10 99 54 50 35 65 44 23 61 56
11 100 79 44 46 94 18 13 74 99 60 56
15 100 99 55 3 67 66 84 17 37 12 91 76 24 1 56
7 100 11 84 54 96 40 56
13 100 2 4 73 3 21 15 55 84 23 45 29 56
11 100 42 38 23 68 81 32 43 78 50 56
16 100 41 79 81 12 86 99 40 26 25 71 39 73 19 50 56
16 100 41 68 82 81 60 97 99 8 65 78 70 21 58 13 56
11 100 68 71 26 60 32 8 24 66 93 56
17 100 53 97 50 25 32 94 69 11 41 55 4 38 77 88 79 56
16 100 26 32 30 10 99 52 50 72 55 97 9 91 21 44 56
7 100 82 44 40 52 19 56
7 100 27 33 85 60 86 56
5 100 67 36 89 56
24 100 31 19 20 30 86 90 51 77 40 99 83 55 11 27 44 12 82 14 69 25 79 59 56
14 100 76 14 1 49 13 28 16 83 93 11 10 96 56
7 100 74 57 41 64 50 56
8 100 15 69 89 12 68 72 56
18 100 33 94 75 40 32 74 69 53 99 12 68 50 31 87 89 76 56
16 100 35 50 99 15 64 59 54 65 49 32 58 5 91 96 56
10 100 28 7 16 18 6 87 8 89 56
11 100 46 36 61 74 99 19 34 66 50 56
8 100 92 58 20 78 65 68 56
10 100 1 76 34 97 31 19 21 90 56
6 100 35 86 95 80 56
6 100 30 54 11 60 56
9 100 30 21 40 62 53 1 55 56
19 100 86 90 68 27 55 8 52 97 15 92 94 1 64 48 23 12 84 56
6 100 28 17 2 24 56
9 100 12 17 28 26 38 1 81 56
10 100 26 57 49 40 63 42 28 3 56
3 100 94 56
13 100 68 76 22 8 24 63 29 7 5 82 31 56
12 100 15 34 75 38 63 42 10 27 33 7 56
5 100 12 50 47 56
4 100 11 18 56
20 100 82 64 46 83 20 29 24 42 21 68 13 48 50 5 58 75 2 7 56
11 100 47 97 71 64 58 59 50 53 11 56
22 100 65 35 14 78 51 7 72 20 50 96 40 81 59 46 63 83 87 32 41 85 56
16 100 46 86 67 60 51 24 18 14 89 15 65 83 87 71 56
4 100 93 23 56
6 100 49 27 65 21 56
9 100 12 91 62 31 1 93 49 56
7 100 33 67 92 22 46 56
7 100 28 99 60 93 18 56
11 100 99 81 74 62 19 52 12 68 20 56
11 100 84 73 4 31 35 89 52 70 72 56
11 100 82 16 58 60 72 98 61 3 54 56
8 100 71 87 27 16 14 68 56
8 100 47 20 48 51 71 81 56
22 100 86 81 94 21 22 76 26 88 37 40 60 15 2 13 3 27 78 91 63 41 56
8 100 26 21 15 52 18 97 56
5 100 53 61 10 56
12 100 34 17 86 10 63 22 90 92 12 20 56
8 100 55 44 35 45 84 12 56
17 100 67 32 54 17 85 76 37 53 29 11 68 55 35 57 28 56
9 100 5 89 47 96 80 70 55 56
20 100 50 81 54 66 16 21 95 9 17 35 89 2 82 64 15 93 72 5 56
6 100 30 50 46 41 56
14 100 53 30 23 43 68 55 41 72 17 25 91 35 56
4 100 90 82 56
11 100 76 27 19 47 71 10 26 59 23 56
16 100 32 36 82 76 23 87 78 21 5 22 72 88 85 81 56
18 100 41 91 66 28 24 69 14 29 52 46 80 30 87 55 1 39 56
12 100 58 47 95 61 87 28 14 60 29 59 56
8 100 33 97 28 8 15 63 56
2 100 56
10 100 33 76 29 21 25 17 69 96 56
10 100 70 74 59 42 2 26 39 88 56
15 100 31 59 21 41 50 1 18 45 28 9 91 65 24 56
7 100 23 90 63 67 40 56
5 100 5 50 44 56
15 100 58 3 25 84 69 79 39 10 85 64 11 52 4 56
11 100 94 2 57 84 23 82 30 76 65 56
3 100 87 56
9 100 42 6 21 85 24 30 48 56
13 100 29 27 59 73 91 57 94 62 6 51 35 56
5 100 23 89 38 56
3 100 28 56
7 100 6 23 25 66 68 56
14 100 65 36 91 94 25 12 24 74 86 5 63 42 56
8 100 33 40 80 6 61 24 56
9 100 70 91 13 27 51 26 19 56
11 100 98 99 84 37 78 20 50 27 60 56
8 100 29 80 58 46 81 69 56
18 100 31 30 97 22 10 3 93 46 71 77 80 37 69 12 78 74 56
13 100 64 20 22 38 14 3 11 28 2 71 30 56
2 100 56
16 100 32 70 20 6 96 10 39 26 19 84 93 38 31 43 56
11 100 20 78 65 4 55 85 12 32 38 56
12 100 79 38 23 49 73 39 2 77 93 53 56
6 100 31 64 19 39 56
5 100 33 86 15 56
15 100 26 88 77 35 73 9 63 32 13 50 30 71 24 56
13 100 85 72 31 75 47 46 42 12 58 48 80 56
10 100 67 81 64 8 31 41 87 5 56
10 100 22 72 65 94 47 54 36 5 56
8 100 51 35 91 63 65 22 56
8 100 9 12 95 34 28 23 56
8 100 54 36 66 30 39 25 56
11 100 42 73 99 57 84 16 3 70 25 56
7 100 37 99 9 18 61 56
10 100 98 5 4 7 45 41 80 74 56
12 100 75 95 3 45 41 32 49 7 8 76 56
22 100 47 66 92 70 57 28 94 7 9 49 3 45 95 58 81 79 85 34 41 86 56
5 100 74 30 73 56
15 100 17 76 73 65 27 20 41 53 44 74 24 99 19 56
9 100 28 19 14 23 24 66 2 56
5 100 13 91 75 56
5 100 75 97 68 56
12 100 48 17 38 65 30 12 57 54 80 44 56
5 100 79 38 1 56
10 100 96 81 67 49 20 10 18 1 56
7 100 48 88 99 89 11 56
4 100 78 85 56
15 100 30 47 81 42 9 76 32 82 52 65 41 58 87 56
13 100 68 98 19 73 93 24 71 86 75 78 53 56
11 100 7 58 90 63 87 32 88 31 68 56
13 100 68 10 69 4 93 54 75 49 71 53 95 56
11 100 61 26 76 73 53 20 7 63 38 56
19 100 47 54 6 96 20 48 59 12 85 31 24 38 87 27 61 89 71 56
18 100 12 28 33 27 39 1 88 79 91 19 29 73 80 43 42 64 56
5 100 5 97 99 56
3 100 38 56
16 100 72 38 5 10 12 69 48 71 65 55 17 81 19 75 56
15 100 25 66 61 45 9 55 10 58 54 27 86 75 28 56
11 100 10 77 22 29 16 70 89 94 8 56
21 100 81 4 18 52 97 29 48 66 49 84 5 55 73 24 94 68 91 86 16 56
12 100 29 84 79 41 80 68 27 42 65 75 56
5 100 94 60 8 56
7 100 98 76 95 75 25 56
11 100 60 66 86 32 17 40 84 51 14 56
10 100 45 32 55 50 12 37 43 42 56
10 100 37 82 22 74 99 24 15 51 56
6 100 68 15 91 87 56
9 100 96 19 15 18 93 39 91 56
19 100 6 91 21 26 22 42 12 31 16 94 93 67 14 80 58 20 35 56
11 100 35 21 15 78 44 20 65 52 93 56
2 100 56
6 100 98 41 27 87 56
10 100 68 19 95 52 55 76 33 39 56
12 100 11 79 5 12 20 53 29 98 89 13 56
8 100 65 58 79 27 45 97 56
10 100 44 34 1 46 85 28 82 18 56
7 100 18 46 58 11 61 56
16 100 49 74 82 25 14 32 35 73 23 81 10 27 13 58 56
13 100 25 63 94 32 88 23 16 34 26 2 29 56
8 100 38 97 29 5 53 55 56
4 100 79 8 56
3 100 23 56
4 100 31 96 56
20 100 14 45 79 6 77 76 18 8 67 97 50 99 80 70 52 40 89 69 56
15 100 27 38 99 91 49 3 12 55 46 6 41 79 74 56
17 100 92 53 64 72 45 69 84 99 86 10 94 73 82 34 17 56
18 100 46 61 32 22 99 42 59 72 86 51 49 30 31 39 76 68 56
12 100 32 9 37 28 59 52 31 10 41 29 56
7 100 78 33 7 1 37 56
10 100 82 58 44 95 61 4 62 36 56
4 100 35 62 56
9 100 79 2 29 12 20 23 87 56
8 100 79 31 38 12 90 95 56
15 100 47 40 61 70 3 48 13 43 91 27 88 14 58 56
3 100 18 56
10 100 81 34 32 69 12 1 27 20 56
21 100 50 95 1 69 24 11 89 48 97 3 9 29 39 22 16 42 25 5 27 56
18 100 11 95 24 22 42 81 91 59 78 82 90 45 40 73 17 85 56
13 100 93 73 85 50 27 74 78 37 40 10 39 56
13 100 93 10 71 46 30 29 76 8 85 13 78 56
9 100 35 29 34 63 37 68 2 56
12 100 44 21 89 63 70 49 47 2 8 87 56
9 100 91 37 18 55 42 41 20 56
13 100 40 31 87 20 34 91 6 73 49 71 14 56
5 100 9 94 10 56
19 100 68 70 51 73 27 7 89 80 75 38 81 40 61 19 86 99 84 56
15 100 65 91 93 88 87 76 27 82 51 46 90 36 60 56
17 100 5 88 18 44 1 76 31 19 55 69 37 3 75 99 2 56
11 100 80 38 52 32 40 64 76 7 18 56
5 100 13 57 17 56
10 100 54 70 65 43 29 96 82 31 56
8 100 29 57 32 63 59 72 56
8 100 66 46 32 13 98 74 56
6 100 67 2 39 37 56
10 100 39 23 53 93 43 78 42 55 56
13 100 10 27 7 18 53 15 30 73 40 62 87 56
13 100 89 72 9 78 94 73 48 69 36 98 10 56
11 100 15 34 42 28 64 29 55 70 90 56
8 100 77 30 21 86 38 94 56
16 100 54 47 75 59 63 48 25 28 32 7 19 33 40 86 56
8 100 17 26 66 19 34 21 56
6 100 13 48 25 54 56
10 100 58 34 1 13 7 69 19 54 56
16 100 51 21 77 93 52 68 69 26 96 63 82 84 12 10 56
3 100 47 56
5 100 38 82 84 56
8 100 27 44 45 8 78 65 56
7 100 50 52 78 82 1 56
10 100 51 49 47 95 54 30 55 18 56
14 100 80 16 89 25 32 58 69 20 78 95 27 50 56
10 100 10 97 89 48 27 82 14 55 56
17 100 11 1 13 19 60 80 25 35 46 85 34 41 44 47 2 56
16 100 12 53 52 65 29 81 31 26 44 75 10 6 71 30 56
23 100 30 67 92 81 44 10 22 55 45 48 77 66 29 58 95 98 6 74 42 34 52 56
16 100 44 82 81 73 33 96 35 90 20 52 13 11 8 34 56
14 100 89 30 11 2 22 43 52 58 5 83 86 19 56
7 100 24 50 20 79 25 56
4 100 61 92 56
10 100 33 28 86 10 64 29 71 59 56
9 100 32 84 82 99 4 33 38 56
11 100 87 72 40 74 13 76 93 27 61 56
5 100 24 79 70 56
13 100 96 67 35 13 75 53 34 69 78 70 4 56
6 100 73 9 74 50 56
17 100 9 16 42 81 79 72 37 2 40 27 86 61 82 67 20 56
13 100 33 8 16 82 13 89 32 91 79 60 97 56
11 100 22 46 24 9 57 35 13 85 75 56
11 100 80 88 20 27 15 22 91 59 84 56
7 100 36 59 13 39 32 56
10 100 20 27 43 85 38 33 91 40 56
14 100 8 85 88 99 59 31 26 61 62 13 45 2 56
8 100 77 2 73 17 59 54 56
5 100 31 70 67 56
12 100 14 85 49 75 38 28 67 53 44 15 56
12 100 3 71 58 87 64 85 57 94 60 28 56
7 100 83 52 94 96 41 56
4 100 5 33 56
11 100 84 35 48 66 98 24 74 77 27 56
7 100 5 14 27 64 82 56
8 100 86 77 2 51 59 82 56
5 100 42 59 16 56
11 100 28 1 61 94 21 69 86 46 89 56
18 100 41 74 49 97 94 77 1 37 86 6 3 83 92 59 46 62 56
7 100 16 38 20 15 71 56
7 100 70 95 33 18 71 56
5 100 42 28 47 56
12 100 48 41 92 34 33 7 31 46 77 39 56
12 100 41 76 20 82 49 84 10 45 36 79 56
2 100 56
2 100 56
13 100 29 15 28 65 76 1 97 93 52 74 82 56
7 100 60 98 88 20 42 56
12 100 70 80 14 66 94 36 79 37 45 74 56
9 100 82 87 80 46 55 96 79 56
14 100 83 15 68 82 18 59 88 61 80 98 22 11 56
3 100 32 56
7 100 82 83 88 79 18 56
7 100 68 55 74 49 5 56
14 100 8 31 57 98 52 60 18 9 15 83 53 5 56
11 100 1 32 97 75 68 5 9 40 26 56
7 100 48 96 36 74 29 56
11 100 14 12 46 50 7 51 35 82 34 56
8 100 68 65 43 18 22 87 56
7 100 85 79 65 13 98 56
8 100 97 88 43 53 87 94 56
4 100 6 85 56
18 100 15 18 82 29 98 12 27 17 73 43 65 13 93 23 25 11 56
8 100 17 73 98 69 53 57 56
10 100 16 53 64 28 21 27 11 99 56
11 100 13 27 73 93 34 48 22 95 89 56
5 100 17 3 15 56
11 100 26 65 76 4 82 97 68 62 58 56
8 100 92 14 13 75 93 65 56
12 100 79 67 80 16 95 59 34 92 20 1 56
6 100 27 20 43 25 56
6 100 50 63 82 81 56
14 100 67 5 97 93 21 55 52 44 35 13 48 25 56
9 100 93 65 4 30 82 96 90 56
7 100 50 52 7 1 79 56
9 100 40 79 2 52 90 45 6 56
9 100 68 96 25 47 70 80 1 56
21 100 10 17 96 55 14 36 41 84 93 31 5 35 42 99 66 33 46 37 40 56
12 100 6 4 45 46 44 65 75 76 21 7 56
21 100 36 14 94 88 87 35 77 44 33 30 69 60 89 17 50 28 26 19 13 56
23 100 49 46 15 65 86 94 89 18 78 75 7 6 92 81 16 98 68 11 90 36 83 56
11 100 3 11 29 69 80 31 82 32 60 56
9 100 16 52 88 87 24 61 15 56
19 100 83 44 29 52 36 25 8 41 10 51 55 4 48 57 82 14 65 56
8 100 2 33 90 58 7 19 56
9 100 27 21 75 79 6 5 61 56
12 100 63 6 98 75 76 21 28 73 30 22 56
20 100 64 66 90 14 60 53 62 75 40 47 91 21 22 86 24 96 54 70 56
25 100 76 44 91 87 86 69 85 22 53 6 50 74 61 49 72 8 51 84 32 73 35 25 46 56
6 100 82 68 78 36 56
12 100 28 21 78 4 33 15 89 75 99 62 56
5 100 23 71 17 56
10 100 37 5 31 99 76 49 11 23 56
16 100 8 87 24 54 1 6 31 74 61 76 51 82 5 50 56
9 100 54 36 79 30 6 27 95 56
3 100 39 56
3 100 74 56
11 100 53 15 73 47 48 79 19 93 30 56
9 100 17 43 36 14 93 8 81 56
8 100 60 22 39 47 15 96 56
10 100 55 35 87 22 14 90 70 31 56
10 100 5 17 25 94 78 37 64 55 56
11 100 24 12 75 38 98 59 39 41 96 56
3 100 76 56
10 100 46 58 97 86 5 61 75 96 56
5 100 80 88 96 56
14 100 76 31 88 92 53 97 19 85 80 45 64 98 56
17 100 61 85 91 99 2 16 67 52 70 34 87 76 26 30 15 56
6 100 80 25 5 30 56
11 100 31 1 49 87 90 45 43 16 30 56
8 100 59 31 25 6 33 94 56
5 100 17 95 94 56
2 100 56
9 100 37 28 98 90 31 66 14 56
8 100 69 25 71 16 95 91 56
10 100 4 72 37 19 14 40 85 86 56
7 100 6 74 72 85 82 56
5 100 17 54 10 56
16 100 22 94 77 59 78 13 85 70 21 8 51 60 82 4 56
10 100 83 61 59 64 2 57 43 82 56
4 100 59 99 56
8 100 34 3 13 36 28 8 56
14 100 83 22 48 32 98 35 15 46 75 30 13 55 56
5 100 37 44 65 56
6 100 67 26 86 5 56
9 100 14 66 4 41 15 98 7 56
6 100 83 48 49 28 56
11 100 27 49 69 54 97 5 95 48 86 56
14 100 49 24 1 23 65 88 69 86 35 3 77 84 56
17 100 98 72 51 89 62 30 46 61 74 35 43 84 63 57 64 56
3 100 96 56
16 100 7 97 35 34 60 81 71 44 26 43 27 54 58 24 56
18 100 27 7 44 67 64 60 92 43 40 89 96 84 80 11 13 3 56
10 100 73 80 75 65 30 40 33 79 56
9 100 57 86 40 63 9 72 69 56
9 100 33 65 24 89 7 3 91 56
9 100 83 62 23 84 47 59 21 56
22 100 8 62 90 49 69 71 32 38 23 12 92 30 6 82 85 57 9 63 59 27 56
3 100 94 56
15 100 55 99 90 71 51 34 94 24 49 69 46 78 1 56
3 100 29 56
11 100 99 34 71 85 96 7 23 37 61 56
3 100 82 56
7 100 26 18 83 92 77 56
7 100 80 61 10 76 85 56
7 100 22 57 17 86 91 56
17 100 43 27 92 82 50 36 44 88 41 71 75 8 21 7 20 56
4 100 8 73 56
6 100 21 24 89 33 56
17 100 22 67 37 98 85 30 3 46 93 44 75 61 80 66 71 56
8 100 51 94 28 5 1 90 56
11 100 77 35 12 85 30 61 46 79 17 56
13 100 50 85 7 66 14 55 77 67 76 30 95 56
6 100 71 78 92 32 56
10 100 6 81 34 78 76 2 3 54 56
11 100 69 36 77 98 52 80 21 94 41 56
15 100 54 85 44 21 95 75 38 22 48 63 20 59 91 56
9 100 42 39 31 35 24 6 82 56
16 100 47 9 91 6 42 76 83 90 1 98 84 20 67 97 56
10 100 61 85 12 45 65 51 54 26 56
15 100 66 44 73 86 55 43 8 72 47 62 32 28 25 56
6 100 18 50 20 90 56
15 100 10 22 37 72 79 76 93 68 54 85 43 78 42 56
12 100 47 8 19 18 40 91 68 51 41 6 56
9 100 83 50 47 78 96 80 12 56
14 100 43 9 27 37 54 91 89 17 68 12 41 83 56
12 100 90 80 47 17 9 59 48 15 34 64 56
14 100 20 31 47 43 86 48 44 61 66 57 68 49 56
10 100 68 34 33 9 88 69 72 47 56
9 100 59 54 87 50 76 75 11 56
3 100 91 56
3 100 45 56
11 100 77 2 81 55 90 12 43 58 25 56
11 100 44 38 96 37 42 32 82 20 23 56
5 100 7 81 38 56
11 100 26 10 49 32 33 5 81 65 79 56
2 100 56
9 100 25 58 39 31 35 81 73 56
18 100 33 99 10 43 4 65 81 28 37 27 79 75 66 91 57 46 56
7 100 21 38 54 23 90 56
21 100 39 69 3 84 38 31 98 15 37 12 70 40 45 33 62 80 16 63 19 56
8 100 13 93 16 51 69 97 56
16 100 99 4 39 61 85 87 94 73 51 21 92 80 14 1 56
8 100 11 64 51 41 85 93 56
11 100 80 40 98 54 86 64 96 42 28 56
7 100 10 84 92 86 77 56
7 100 36 48 59 84 15 56
3 100 46 56
15 100 90 80 69 59 99 17 88 72 14 25 19 94 20 56
6 100 31 6 69 30 56
6 100 45 62 31 19 56
9 100 94 40 67 77 76 99 60 56
13 100 97 85 91 24 41 76 40 21 51 18 25 56
14 100 99 40 15 22 42 2 93 28 37 54 52 33 56
11 100 38 10 12 72 94 15 22 3 87 56
6 100 7 44 26 19 56
10 100 70 3 26 13 34 57 10 50 56
8 100 39 66 4 3 45 23 56
13 100 55 34 7 84 89 90 37 85 33 45 63 56
6 100 90 55 30 50 56
8 100 48 37 91 42 28 18 56
11 100 49 30 6 91 52 42 96 62 19 56
3 100 44 56
12 100 62 76 12 67 81 17 46 65 13 48 56
9 100 41 92 60 85 55 27 30 56
17 100 73 69 91 92 82 47 23 41 79 48 63 70 84 32 37 56
5 100 91 72 68 56
11 100 21 28 88 35 9 37 44 23 66 56
3 100 15 56
8 100 40 9 5 94 28 2 56
21 100 36 8 55 99 83 72 74 17 85 78 61 1 65 27 11 24 40 69 73 56
7 100 13 1 15 34 26 56
13 100 4 93 34 6 64 48 66 9 49 33 81 56
13 100 83 47 9 22 62 31 73 16 76 57 25 56
13 100 74 12 46 96 83 26 11 76 21 97 57 56
4 100 33 36 56
20 100 65 64 30 84 40 28 57 21 36 68 61 38 93 24 29 67 34 26 56
9 100 11 28 65 63 61 68 20 56
6 100 13 16 95 86 56
5 100 9 26 46 56
9 100 64 19 91 87 23 90 85 56
11 100 60 61 90 7 51 63 91 20 48 56
5 100 26 16 7 56
7 100 68 66 64 51 49 56
5 100 85 95 2 56
4 100 71 97 56
13 100 61 27 2 74 25 33 90 43 44 28 77 56
5 100 27 48 6 56
7 100 93 97 44 22 24 56
5 100 47 10 36 56
9 100 9 71 11 7 72 20 70 56
7 100 76 89 81 60 28 56
12 100 90 46 84 89 51 47 53 10 3 45 56
15 100 53 70 88 39 12 35 66 15 63 60 50 10 8 56
7 100 18 50 75 68 49 56
3 100 49 56
21 100 22 11 9 57 37 64 51 39 55 44 13 98 71 19 58 75 46 49 69 56
12 100 57 95 40 87 15 96 63 65 16 19 56
5 100 64 87 82 56
15 100 19 85 70 4 90 15 65 84 64 73 40 36 20 56
15 100 47 44 19 25 9 16 57 55 90 95 85 71 43 56
10 100 39 20 16 57 90 66 96 76 56
11 100 22 46 77 59 5 58 29 24 95 56
5 100 19 8 26 56
8 100 91 15 2 66 75 64 56
9 100 30 55 64 26 1 25 57 56
2 100 56
6 100 51 37 44 98 56
3 100 97 56
11 100 48 66 90 47 39 37 18 3 16 56
22 100 2 27 48 36 19 33 71 58 55 95 53 1 24 32 20 43 10 51 31 81 56
18 100 71 21 32 25 22 92 48 30 39 97 62 58 33 55 31 8 56
17 100 75 19 76 52 38 47 27 35 68 18 39 94 40 92 43 56
11 100 18 61 58 1 69 83 28 27 47 56
11 100 18 28 19 31 95 61 10 17 80 56
14 100 7 31 66 30 87 54 55 10 23 61 9 68 56
9 100 89 10 36 71 16 73 50 56
12 100 99 94 96 49 22 26 55 28 76 87 56
16 100 1 22 55 63 64 35 51 95 84 71 92 78 73 72 56
5 100 36 64 65 56
7 100 86 36 46 72 88 56
15 100 33 61 63 24 72 25 12 96 87 38 34 41 85 56
7 100 16 96 50 95 87 56
9 100 47 52 78 33 64 10 48 56
4 100 47 12 56
12 100 12 42 36 37 86 70 7 78 96 45 56
17 100 83 11 51 38 26 74 36 89 59 80 78 62 29 43 65 56
11 100 66 82 10 67 37 75 48 96 79 56
9 100 66 55 76 89 20 62 70 56
10 100 32 30 48 25 54 86 37 74 56
15 100 72 62 6 78 83 52 76 24 80 25 93 49 9 56
12 100 78 47 67 12 3 72 80 25 69 18 56
18 100 84 5 90 13 12 54 11 21 87 49 53 1 92 57 37 30 56
9 100 96 74 83 23 16 92 30 56
8 100 21 45 54 96 25 24 56
15 100 92 96 84 58 95 77 36 29 13 63 22 40 62 56
6 100 68 1 61 35 56
8 100 67 64 13 57 12 94 56
5 100 85 20 74 56
3 100 99 56
17 100 12 4 75 49 73 96 54 8 99 18 2 3 35 58 37 56
16 100 29 89 78 21 72 20 41 19 30 54 63 55 58 26 56
14 100 19 16 77 31 74 14 41 94 8 23 78 5 56
6 100 32 79 17 45 56
5 100 21 61 19 56
3 100 55 56
16 100 55 7 11 20 66 92 91 59 63 77 34 31 67 99 56
13 100 5 88 78 84 2 37 83 59 93 48 85 56
11 100 88 2 84 32 95 97 48 61 85 56
17 100 89 93 25 33 44 63 66 70 69 41 91 75 10 20 42 56
5 100 14 12 10 56
11 100 93 53 94 30 97 47 87 82 52 56
11 100 76 52 50 35 79 97 30 70 65 56
9 100 77 35 9 54 79 23 53 56
8 100 34 25 65 22 10 58 56
11 100 1 30 34 48 40 74 87 25 51 56
20 100 34 18 6 10 68 49 91 79 2 48 7 26 45 71 41 40 43 93 56
10 100 86 73 23 32 95 41 27 82 56
18 100 3 73 69 90 80 79 32 2 66 54 95 6 9 84 76 36 56
9 100 8 73 86 62 66 87 89 56
18 100 60 73 84 9 96 33 53 20 87 17 43 75 26 44 23 6 56
15 100 94 4 60 48 45 52 26 83 96 90 58 35 73 56
16 100 83 88 81 94 95 91 55 47 23 50 59 41 38 90 56
9 100 80 13 60 51 88 77 52 56
7 100 39 60 21 34 86 56
3 100 16 56
10 100 60 36 38 40 73 51 48 33 56
2 100 56
9 100 29 39 57 82 90 45 86 56
2 100 56
6 100 6 22 86 58 56
13 100 24 64 92 86 4 83 52 19 62 6 51 56
9 100 38 95 82 1 6 43 53 56
11 100 97 42 71 99 76 63 88 87 41 56
7 100 42 93 29 58 9 56
4 100 7 15 56
6 100 89 31 32 42 56
6 100 49 15 36 82 56
13 100 78 92 89 36 49 61 86 55 16 39 1 56
18 100 15 1 61 10 52 55 98 79 7 76 42 58 49 31 18 29 56
3 100 18 56
5 100 6 9 7 56
10 100 52 29 40 95 43 73 5 82 56
10 100 29 86 93 55 44 47 32 92 56
13 100 84 70 80 4 33 77 73 51 83 97 53 56
12 100 85 49 33 19 69 82 73 86 65 79 56
7 100 51 22 87 27 83 56
7 100 17 34 68 50 57 56
6 100 90 84 12 5 56
10 100 77 47 50 80 46 64 15 85 56
14 100 65 28 51 75 12 97 89 46 39 94 98 86 56
4 100 37 60 56
4 100 32 89 56
8 100 32 34 11 36 87 86 56
17 100 4 29 21 5 88 98 91 44 77 19 7 32 13 8 11 56
5 100 88 54 68 56
9 100 82 55 99 23 98 31 63 56
11 100 46 88 61 32 51 71 75 29 55 56
9 100 72 82 57 21 94 61 98 56
15 100 41 86 21 67 47 32 2 54 26 85 39 60 82 56
6 100 15 59 68 65 56
6 100 32 44 84 21 56
10 100 94 54 40 5 84 74 53 11 56
12 100 53 14 17 37 89 16 44 90 8 84 56
12 100 18 38 83 34 28 41 43 20 59 72 56
3 100 27 56
3 100 39 56
10 100 89 67 5 24 35 53 76 7 56
9 100 71 76 57 53 70 88 50 56
18 100 23 90 15 99 17 26 83 72 28 21 14 95 73 69 71 34 56
18 100 25 63 11 49 23 18 95 62 42 21 58 84 36 68 17 33 56
10 100 40 46 2 21 49 76 16 70 56
10 100 77 34 37 86 90 69 24 9 56
13 100 69 45 43 55 78 89 94 39 32 40 20 56
10 100 31 45 97 59 39 13 49 47 56
19 100 85 25 36 95 90 7 19 45 57 17 73 65 18 28 43 68 53 56
4 100 47 45 56
11 100 26 64 89 60 72 70 10 19 99 56
8 100 17 2 1 58 28 60 56
3 100 28 56
17 100 80 37 15 11 60 61 44 7 19 72 70 57 20 49 99 56
13 100 32 18 19 27 89 93 24 6 75 29 38 56
12 100 89 19 16 97 71 47 70 8 41 15 56
9 100 27 99 6 55 37 8 24 56
5 100 98 48 10 56
18 100 47 33 27 2 65 50 84 51 68 99 39 96 38 76 8 15 56
11 100 83 58 95 3 76 70 6 82 21 56
18 100 46 11 84 26 15 3 44 35 81 57 86 67 70 19 94 61 56
6 100 70 75 96 12 56
14 100 88 44 85 26 73 47 45 10 34 55 80 75 56
15 100 24 27 73 35 63 12 46 59 68 14 7 38 15 56
5 100 36 37 74 56
18 100 57 14 49 40 36 41 35 98 32 17 91 19 33 42 28 92 56
10 100 54 58 61 50 81 13 88 1 56
14 100 47 54 49 24 66 28 35 82 23 41 44 21 56
5 100 20 71 47 56
14 100 93 86 63 48 18 82 97 15 94 84 3 51 56
9 100 78 30 8 47 67 60 43 56
8 100 68 38 8 53 99 17 56
17 100 82 14 88 95 76 87 49 30 73 70 96 90 62 53 85 56
11 100 93 87 6 1 4 54 96 47 63 56
12 100 49 31 77 81 40 33 58 96 63 66 56
11 100 82 20 34 67 36 23 57 19 93 56
10 100 33 76 2 72 44 68 58 80 56
10 100 11 96 68 21 57 94 55 62 56
13 100 57 33 68 45 89 31 25 84 75 50 99 56
18 100 43 99 11 57 77 69 5 87 76 8 33 47 35 53 3 64 56
20 100 72 32 59 80 82 53 20 44 16 5 18 79 30 62 78 96 60 66 56
7 100 11 33 87 66 26 56
11 100 60 50 94 44 76 73 75 36 2 56
12 100 93 40 23 12 6 75 50 94 30 57 56
8 100 66 73 37 13 49 64 56
11 100 33 86 44 68 43 73 74 99 42 56
12 100 69 96 4 52 41 85 88 33 34 75 56
10 100 89 95 33 1 11 73 32 4 56
13 100 39 15 26 6 62 58 57 20 83 94 50 56
18 100 21 41 35 51 74 62 40 93 69 55 33 26 65 60 54 77 56
6 100 34 29 45 8 56
11 100 60 74 57 78 83 33 98 19 17 56
16 100 72 24 65 76 16 87 7 74 36 18 84 20 1 5 56
11 100 40 95 67 99 41 1 65 16 26 56
11 100 65 4 47 33 85 13 74 46 14 56
15 100 11 85 9 27 69 54 87 71 73 16 24 60 32 56
7 100 55 51 32 69 66 56
10 100 4 39 90 5 26 13 80 21 56
11 100 27 13 34 8 50 64 54 77 57 56
9 100 3 67 2 72 11 31 54 56
18 100 20 35 70 74 69 11 97 78 72 39 79 92 7 15 29 31 56
5 100 76 32 58 56
17 100 32 54 1 43 50 39 25 24 72 53 22 60 82 73 45 56
7 100 73 7 36 38 34 56
9 100 16 91 38 92 14 79 13 56
11 100 4 52 32 37 23 7 88 51 44 56
15 100 22 60 87 85 20 59 47 24 97 81 45 13 98 56
8 100 15 80 4 5 91 32 56
9 100 24 83 65 48 53 92 75 56
11 100 92 1 33 8 15 55 75 48 91 56
8 100 49 7 29 33 48 40 56
8 100 15 96 28 11 55 73 56
5 100 58 40 33 56
10 100 22 36 80 78 57 29 33 8 56
16 100 13 98 47 55 30 35 41 24 78 20 84 15 18 96 56
5 100 22 63 69 56
10 100 27 51 65 89 54 33 20 43 56
3 100 65 56
10 100 27 88 77 11 3 90 63 16 56
6 100 1 90 38 15 56
6 100 35 74 69 37 56
5 100 27 17 9 56
9 100 11 44 24 40 30 18 32 56
12 100 25 21 38 73 51 89 77 93 80 82 56
7 100 77 72 7 84 15 56
6 100 61 74 64 17 56
9 100 70 82 81 65 4 28 94 56
12 100 51 89 83 17 80 84 77 70 30 44 56
15 100 67 80 9 77 70 74 42 44 91 11 82 7 43 56
13 100 91 31 17 46 60 9 16 43 37 75 83 56
2 100 56
4 100 26 85 56
14 100 76 27 18 30 28 8 60 7 38 64 68 20 56
12 100 7 51 3 31 84 36 86 27 30 50 56
10 100 34 60 20 53 69 62 91 93 56
9 100 17 40 28 21 69 27 75 56
15 100 24 26 55 28 48 96 85 40 71 68 88 58 45 56
9 100 26 72 36 93 92 25 55 56
7 100 82 32 21 80 15 56
8 100 58 10 3 39 21 85 56
16 100 84 48 62 53 61 78 19 76 17 12 30 38 58 27 56
4 100 41 52 56
14 100 90 61 6 30 81 27 35 66 23 47 93 19 56
21 100 48 73 24 26 21 35 88 90 38 20 3 67 19 71 6 68 84 43 93 56
14 100 16 92 21 18 94 73 82 61 4 5 62 97 56
21 100 13 8 53 29 23 21 70 9 18 24 7 30 11 6 86 82 93 48 69 56
15 100 25 8 73 43 40 72 74 44 18 54 9 76 41 56
8 100 86 9 63 75 73 54 56
19 100 58 10 72 7 84 75 20 39 4 91 6 53 12 64 67 30 43 56
7 100 2 60 42 38 25 56
8 100 20 67 10 84 54 42 56
16 100 71 26 62 10 50 22 21 39 15 16 20 13 5 23 56
19 100 16 39 24 80 75 29 18 31 77 23 83 74 2 61 76 38 12 56
12 100 93 40 8 30 13 36 75 64 79 57 56
3 100 62 56
3 100 37 56
11 100 39 19 78 72 44 50 75 99 26 56
15 100 31 75 70 39 71 38 21 90 9 99 68 86 46 56
15 100 95 29 26 78 54 21 71 74 63 9 34 15 91 56
2 100 56
17 100 93 71 29 3 63 41 64 62 44 88 28 67 14 43 75 56
14 100 27 55 97 29 39 61 30 79 84 10 15 67 56
7 100 58 30 68 65 79 56
9 100 57 37 60 1 94 43 72 56
10 100 96 22 12 34 24 9 86 35 56
6 100 3 22 58 30 56
8 100 34 32 18 98 4 10 56
11 100 75 3 36 24 1 68 86 15 42 56
3 100 67 56
14 100 76 77 6 50 55 8 46 91 44 7 47 87 56
8 100 73 9 88 86 16 51 56
10 100 37 78 73 40 44 84 49 64 56
9 100 25 42 97 47 15 65 14 56
4 100 96 73 56
6 100 9 40 42 1 56
13 100 24 35 84 5 75 52 81 98 65 90 10 56
17 100 84 26 19 79 22 37 80 43 91 7 59 45 61 71 52 56
9 100 86 79 54 19 30 10 32 56
8 100 74 34 62 91 43 20 56
7 100 49 87 90 1 93 56
12 100 94 33 90 38 47 44 10 55 16 19 56
5 100 4 97 80 56
7 100 7 34 52 97 49 56
13 100 93 22 1 89 92 47 34 4 35 44 98 56
13 100 15 80 35 17 36 76 23 78 87 16 66 56
10 100 87 70 34 94 47 9 57 45 56
4 100 99 58 56
7 100 67 14 21 26 45 56
14 100 87 18 5 64 13 71 89 78 74 61 97 79 56
6 100 61 37 35 9 56
3 100 55 56
11 100 73 4 33 43 42 68 99 40 60 56
14 100 15 64 8 2 97 98 99 17 36 82 32 42 56
3 100 29 56
3 100 13 56
12 100 24 85 45 28 95 74 60 87 17 9 56
8 100 71 28 53 93 32 81 56
11 100 84 17 73 71 76 64 78 95 2 56
8 100 31 53 4 60 41 80 56
6 100 50 68 2 32 56
12 100 30 13 97 35 79 62 91 54 90 84 56
5 100 30 59 4 56
5 100 33 97 78 56
11 100 20 7 1 78 11 19 49 32 45 56
9 100 67 82 27 8 87 97 83 56
5 100 44 18 49 56
9 100 40 19 3 71 95 52 13 56
7 100 45 73 78 49 68 56
5 100 50 34 38 56
13 100 33 92 77 24 82 50 81 19 83 58 89 56
6 100 53 87 38 79 56
7 100 40 53 3 27 38 56
2 100 56
10 100 98 33 22 27 55 83 47 38 56
16 100 2 37 16 6 99 73 3 92 93 22 47 5 30 88 56
6 100 72 59 77 48 56
7 100 29 51 75 37 52 56
9 100 97 18 69 54 87 48 29 56
8 100 72 80 18 11 54 68 56
5 100 45 54 61 56
7 100 11 82 95 52 43 56
16 100 66 15 40 4 60 32 14 5 7 23 57 2 85 75 56
12 100 54 91 40 60 99 45 47 15 63 29 56
6 100 33 39 55 95 56
15 100 59 67 18 92 65 25 43 72 6 44 62 36 17 56
8 100 91 79 16 73 33 47 56
2 100 56
15 100 41 95 40 17 98 60 63 85 22 32 52 21 8 56
13 100 48 11 75 97 42 43 67 46 35 59 28 56
9 100 99 77 46 78 32 27 7 56
16 100 7 29 95 22 97 46 55 28 90 67 15 99 14 8 56
4 100 36 79 56
9 100 54 76 72 63 1 95 32 56
7 100 48 2 34 47 96 56
6 100 27 24 45 63 56
10 100 17 68 38 31 19 99 54 15 56
6 100 54 71 51 7 56
12 100 30 98 95 10 49 97 81 8 83 1 56
5 100 11 78 26 56
9 100 55 87 73 29 86 64 60 56
9 100 70 73 96 26 66 55 57 56
6 100 6 81 5 47 56
23 100 76 66 88 34 57 61 60 19 93 75 8 87 24 15 47 12 79 99 28 9 74 56
9 100 98 6 51 67 3 19 53 56
13 100 6 13 30 20 28 2 23 88 77 16 24 56
22 100 43 16 34 45 19 31 30 70 79 11 32 8 55 6 72 10 9 93 69 47 56
13 100 21 91 64 85 16 50 90 40 24 51 25 56
13 100 98 71 65 69 19 17 7 25 35 90 99 56
6 100 27 52 86 3 56
4 100 98 87 56
6 100 54 20 74 45 56
5 100 10 15 43 56
11 100 17 79 30 14 73 61 70 59 24 56
15 100 41 22 18 2 11 74 26 38 57 63 73 23 72 56
17 100 54 63 13 37 70 53 26 50 16 17 59 55 85 36 11 56
9 100 14 44 12 55 17 23 43 56
5 100 18 68 44 56
12 100 96 8 77 49 79 40 72 53 17 28 56
19 100 53 28 41 22 94 45 18 78 39 12 35 93 84 54 72 17 68 56
5 100 16 78 18 56
12 100 76 73 29 89 34 58 64 91 57 72 56
4 100 45 26 56
5 100 5 86 52 56
10 100 13 53 57 58 33 89 64 4 56
13 100 80 43 79 19 61 58 77 94 89 98 55 56
15 100 21 45 62 42 37 71 69 7 32 68 40 23 60 56
6 100 74 95 83 46 56
17 100 84 57 47 33 46 99 98 66 54 58 55 30 50 11 22 56
11 100 91 92 13 9 88 30 90 6 74 56
10 100 22 23 82 18 75 81 20 32 56
10 100 94 17 2 80 1 39 43 29 56
7 100 66 5 76 40 19 56
12 100 46 96 33 74 23 71 91 40 35 94 56
14 100 95 71 7 30 28 60 67 11 80 86 94 73 56
9 100 65 7 38 45 59 77 49 56
9 100 60 17 3 47 12 61 80 56
12 100 62 95 72 49 21 89 25 44 17 31 56
8 100 99 50 35 65 17 86 56
13 100 14 32 15 35 10 23 99 62 60 48 50 56
10 100 31 81 73 63 43 51 78 91 56
13 100 38 52 98 33 46 50 49 55 95 18 40 56
4 100 44 81 56
9 100 19 61 44 6 62 16 41 56
7 100 93 59 21 61 39 56
11 100 1 27 43 31 26 35 90 21 48 56
8 100 54 50 72 90 74 24 56
13 100 21 61 40 43 53 65 54 7 50 29 74 56
10 100 72 55 52 57 14 9 74 99 56
13 100 43 79 98 96 19 45 91 67 40 64 73 56
11 100 73 87 11 95 48 55 90 94 65 56
7 100 20 19 38 35 66 56
6 100 3 65 90 77 56
5 100 34 67 78 56
11 100 13 32 70 58 53 51 41 19 94 56
9 100 83 88 37 71 64 48 4 56
11 100 8 36 47 90 75 83 63 99 70 56
3 100 14 56
4 100 10 27 56
11 100 53 10 74 95 21 1 8 60 51 56
3 100 79 56
4 100 3 95 56
13 100 25 93 37 45 67 63 44 74 35 29 48 56
11 100 88 44 46 2 42 31 1 90 80 56
6 100 89 37 93 75 56
22 100 4 69 41 60 82 48 47 50 78 44 97 22 99 77 46 15 10 7 70 54 56
8 100 38 77 15 91 93 13 56
23 100 13 12 43 99 47 23 80 32 41 89 4 35 70 94 60 53 44 82 87 90 2 56
3 100 75 56
8 100 18 17 32 60 41 57 56
8 100 77 40 6 90 57 1 56
13 100 76 57 44 78 66 36 30 80 3 77 67 56
12 100 8 90 36 78 42 25 11 20 2 52 56
10 100 58 67 71 85 49 36 30 57 56
4 100 84 15 56
14 100 26 91 22 72 34 95 18 12 46 57 58 15 56
8 100 98 46 4 9 73 88 56
15 100 22 87 60 72 13 40 4 12 52 95 66 8 63 56
4 100 52 11 56
5 100 20 44 96 56
12 100 81 45 17 33 50 48 79 67 69 15 56
19 100 68 51 89 48 71 39 93 98 74 17 12 42 87 3 33 58 77 56
17 100 78 79 92 42 74 58 43 97 50 69 7 66 70 20 21 56
11 100 16 70 43 83 67 50 24 7 60 56
11 100 93 60 11 42 43 33 69 57 87 56
7 100 70 42 44 22 45 56
6 100 44 58 12 94 56
14 100 2 96 69 35 90 82 80 33 75 26 4 49 56
13 100 1 63 67 11 92 88 65 2 12 90 47 56
15 100 30 74 11 49 42 93 2 6 23 83 69 16 39 56
10 100 20 4 61 41 48 84 9 18 56
14 100 64 72 11 50 94 45 97 80 90 55 26 59 56
11 100 24 29 49 86 32 16 66 26 31 56
12 100 65 45 99 16 42 60 89 82 76 30 56
21 100 67 27 29 80 19 30 51 20 24 40 59 69 52 22 11 87 21 34 78 56
23 100 21 11 33 37 27 69 86 77 35 22 44 40 45 65 89 17 7 76 18 47 39 56
7 100 61 65 29 6 42 56
10 100 57 83 78 49 43 45 86 26 56
8 100 77 40 22 84 75 89 56
8 100 17 91 61 49 69 81 56
14 100 71 66 63 6 68 73 3 48 22 24 64 27 56
20 100 85 97 7 76 23 66 37 84 2 81 74 39 27 63 24 35 62 71 56
12 100 4 19 47 54 44 94 39 22 70 25 56
18 100 76 19 10 99 20 98 60 13 16 36 4 18 53 35 32 38 56
6 100 62 69 53 97 56
14 100 30 61 92 40 97 85 65 68 11 80 88 46 56
2 100 56
15 100 87 58 52 19 65 77 94 69 61 90 54 93 6 56
11 100 63 10 33 72 29 13 71 48 64 56
6 100 84 66 76 60 56
14 100 68 40 55 22 76 61 46 9 85 58 80 12 56
5 100 74 19 28 56
17 100 40 27 44 5 33 59 37 58 62 90 61 8 67 46 15 56
11 100 5 6 86 76 97 87 66 68 78 56
11 100 45 84 64 93 5 35 60 69 90 56
7 100 46 11 91 47 31 56
9 100 38 18 26 23 15 11 28 56
4 100 45 78 56
14 100 18 88 7 23 19 24 65 77 54 22 9 85 56
3 100 66 56
12 100 84 2 87 11 43 7 20 95 79 54 56
15 100 21 38 70 31 72 97 23 37 10 45 46 99 18 56
10 100 86 27 38 82 28 68 58 37 56
13 100 12 34 45 10 37 20 58 70 50 55 63 56
9 100 22 88 93 1 31 89 36 56
9 100 26 33 48 20 3 73 30 56
17 100 27 28 64 88 91 34 99 68 70 67 10 23 77 55 98 56
4 100 5 67 56
13 100 91 24 3 18 16 94 50 25 39 38 70 56
10 100 93 15 54 25 85 81 5 73 56
15 100 22 44 95 33 20 60 66 77 26 24 45 10 72 56
10 100 66 95 39 19 5 71 15 2 56
14 100 3 90 30 61 85 62 81 26 2 32 68 10 56
24 100 51 7 52 29 48 32 26 87 95 50 11 18 19 96 99 93 20 81 33 45 55 53 56
10 100 52 74 19 9 7 12 32 33 56
10 100 80 11 34 9 49 77 62 81 56
8 100 46 68 2 62 95 45 56
15 100 22 73 84 81 95 99 16 33 3 23 58 76 18 56
5 100 22 51 11 56
16 100 5 16 95 39 86 43 7 83 37 20 93 26 8 15 56
4 100 34 83 56
4 100 18 39 56
9 100 20 66 69 25 95 62 68 56
19 100 24 55 2 74 26 23 69 70 96 94 48 45 5 11 84 61 89 56
4 100 80 91 56
11 100 96 91 47 24 22 87 30 65 41 56
12 100 31 27 88 44 33 35 98 93 65 14 56
17 100 58 80 17 24 47 44 64 48 34 13 8 87 33 71 60 56
12 100 48 6 66 13 59 42 82 5 89 90 56
8 100 1 19 55 54 43 36 56
3 100 20 56
6 100 68 93 38 66 56
9 100 96 48 34 25 43 11 71 56
16 100 43 50 18 31 8 89 52 62 20 29 88 48 9 30 56
5 100 43 3 60 56
4 100 20 64 56
11 100 30 92 55 93 46 67 91 36 85 56
13 100 42 92 93 34 45 16 19 74 15 26 50 56
8 100 76 86 22 39 54 35 56
9 100 64 51 94 19 32 97 13 56
13 100 57 33 76 43 78 68 39 59 98 70 1 56
9 100 60 49 32 92 81 24 36 56
8 100 69 24 33 94 44 40 56
5 100 79 6 4 56
14 100 22 36 28 81 69 35 32 40 54 17 93 38 56
16 100 83 6 50 14 8 54 16 79 76 69 41 71 49 21 56
3 100 74 56
9 100 67 7 69 77 25 17 88 56
19 100 54 16 37 43 46 72 73 35 19 87 45 15 74 61 81 25 28 56
4 100 76 83 56
12 100 37 31 47 1 4 75 35 88 14 93 56
8 100 25 75 94 96 43 81 56
11 100 16 13 41 22 25 95 46 68 78 56
10 100 21 7 67 97 1 38 93 29 56
7 100 49 70 34 31 51 56
7 100 97 72 75 85 63 56
3 100 36 56
12 100 9 75 26 46 48 24 54 76 39 25 56
5 100 22 72 54 56
5 100 37 48 67 56
29 100 11 46 35 54 90 93 5 49 24 43 8 52 2 89 32 39 88 41 61 92 18 66 59 69 58 15 44 56
12 100 29 85 98 82 80 67 48 91 43 72 56
21 100 82 61 29 26 17 23 40 20 93 77 96 92 53 14 72 35 32 98 78 56
6 100 73 92 12 78 56
10 100 96 13 78 41 42 93 32 98 56
6 100 95 78 7 12 56
11 100 82 57 15 5 36 96 24 19 32 56
14 100 15 5 29 1 85 98 38 44 17 4 32 12 56
20 100 61 34 26 62 66 68 89 70 49 2 50 8 77 18 41 98 43 35 56
12 100 63 98 96 70 77 43 73 20 41 10 56
9 100 38 17 84 91 74 89 62 56
9 100 2 66 98 77 5 55 58 56
12 100 89 59 63 28 83 75 67 35 86 17 56
13 100 16 9 25 43 61 60 12 7 63 42 55 56
12 100 16 43 23 98 6 42 28 72 60 11 56
3 100 25 56
2 100 56
2 100 56
8 100 16 60 77 45 82 17 56
11 100 59 82 2 55 58 92 50 97 86 56
10 100 14 84 76 92 47 50 80 20 56
12 100 72 94 49 62 24 71 16 88 34 59 56
4 100 98 72 56
3 100 24 56
5 100 79 82 70 56
7 100 55 82 89 79 87 56
5 100 50 80 7 56
18 100 69 80 94 30 17 38 76 89 78 59 99 47 36 64 13 82 56
13 100 98 57 17 79 42 18 5 37 44 28 14 56
12 100 94 87 68 26 43 45 54 41 55 28 56
18 100 10 29 97 41 23 39 64 36 70 18 14 13 53 84 49 25 56
7 100 27 88 52 55 32 56
12 100 45 70 23 63 74 10 54 72 44 12 56
17 100 78 59 63 92 97 40 74 41 42 17 20 83 94 67 90 56
7 100 92 3 32 23 71 56
10 100 94 62 89 15 79 97 53 4 56
17 100 42 33 49 64 86 70 85 51 73 44 68 88 43 19 5 56
12 100 38 15 8 74 51 82 88 94 58 44 56
12 100 37 22 36 64 9 68 19 15 3 45 56
15 100 68 4 17 25 41 64 39 99 43 19 46 73 89 56
12 100 27 48 67 25 90 84 72 57 83 19 56
11 100 54 99 13 90 30 82 67 83 59 56
12 100 90 63 84 50 17 77 64 34 85 27 56
9 100 99 71 74 73 63 72 62 56
4 100 51 28 56
12 100 95 60 64 31 89 2 13 4 84 29 56
7 100 30 39 66 34 77 56
9 100 21 17 75 72 81 89 48 56
9 100 90 77 64 23 41 66 81 56
4 100 21 89 56
12 100 79 66 1 28 68 80 38 27 76 87 56
5 100 28 4 84 56
14 100 16 9 63 55 46 76 59 90 96 24 51 86 56
16 100 58 22 23 65 51 81 2 12 4 25 29 7 16 61 56
9 100 91 9 7 43 33 36 50 56
13 100 49 38 46 94 93 97 28 65 74 88 99 56
16 100 93 14 62 41 25 26 30 7 65 88 22 46 50 52 56
11 100 91 4 59 8 22 65 17 99 25 56
17 100 90 63 5 62 46 69 70 66 94 52 10 21 65 42 48 56
5 100 89 12 94 56
10 100 69 43 46 4 90 22 48 5 56
10 100 86 79 40 15 42 85 3 89 56
7 100 9 36 46 47 18 56
8 100 37 99 25 54 50 89 56
9 100 88 20 6 34 62 53 52 56
7 100 64 15 75 42 8 56
17 100 69 46 79 99 40 36 19 44 45 92 31 6 52 91 49 56
20 100 12 34 90 28 32 96 4 97 27 85 16 19 14 65 40 42 98 88 56
15 100 20 74 37 53 30 4 35 41 81 86 28 1 15 56
5 100 49 28 41 56
21 100 28 81 70 26 72 97 25 8 67 17 66 16 6 47 71 48 95 36 54 56
8 100 9 51 93 49 26 61 56
8 100 92 33 15 82 95 85 56
6 100 79 94 97 46 56
13 100 4 8 43 16 82 35 46 58 71 85 75 56
12 100 30 28 58 36 85 21 88 69 95 39 56
12 100 62 3 25 21 1 43 98 23 12 99 56
6 100 36 47 82 51 56
6 100 31 64 70 2 56
14 100 25 28 36 63 32 4 15 44 13 94 58 97 56
5 100 55 5 76 56
3 100 65 56
11 100 54 28 40 6 11 74 14 13 83 56
9 100 89 28 92 83 54 8 4 56
16 100 16 94 61 2 51 34 58 69 87 96 88 22 83 37 56
17 100 22 88 16 61 74 10 3 2 40 53 49 94 29 90 76 56
12 100 73 80 44 33 62 35 10 1 88 97 56
11 100 82 52 15 38 43 33 23 21 99 56
16 100 34 18 68 25 59 37 5 84 39 40 30 98 17 44 56
15 100 53 54 5 83 22 65 36 74 18 31 67 58 46 56
10 100 97 70 55 29 17 52 23 91 56
12 100 86 3 59 37 31 94 80 32 20 11 56
7 100 57 22 8 15 14 56
5 100 36 80 39 56
12 100 58 54 99 22 72 27 92 73 34 37 56
7 100 66 7 59 84 51 56
10 100 95 94 32 67 18 80 54 93 56
11 100 52 42 60 17 57 32 55 13 48 56
10 100 95 89 1 52 41 99 49 93 56
19 100 95 51 71 35 65 29 67 7 3 64 92 96 14 36 49 32 17 56
9 100 98 36 88 14 19 78 66 56
5 100 86 23 92 56
12 100 14 36 19 25 58 72 4 73 42 21 56
12 100 63 2 76 71 81 57 3 10 79 28 56
10 100 96 8 55 16 51 59 53 67 56
6 100 19 68 39 95 56
16 100 17 78 57 72 2 46 54 55 39 97 41 22 86 7 56
17 100 20 59 49 79 37 86 48 65 36 26 91 54 93 69 42 56
13 100 83 98 88 48 5 9 7 68 91 61 89 56
12 100 34 43 31 36 8 65 48 37 97 2 56
18 100 44 54 9 66 73 17 10 27 31 5 42 8 87 91 39 15 56
16 100 93 5 4 1 15 55 39 18 95 7 75 73 27 22 56
4 100 18 59 56
12 100 61 62 51 96 75 57 82 78 6 77 56
8 100 98 45 62 80 67 60 56
3 100 94 56
9 100 88 38 13 93 69 68 67 56
15 100 27 37 25 90 58 84 81 77 31 61 16 79 49 56
7 100 79 58 8 54 51 56
14 100 29 49 4 43 38 27 87 42 17 28 39 78 56
3 100 13 56
10 100 20 57 44 77 29 70 42 54 56
11 100 53 64 50 96 60 88 44 59 54 56
11 100 37 22 15 89 80 26 35 5 29 56
8 100 58 44 74 89 92 98 56
18 100 9 67 17 43 91 35 70 10 23 74 60 92 26 63 20 61 56
8 100 64 71 60 14 43 65 56
10 100 91 62 28 14 77 12 22 70 56
9 100 44 3 59 83 13 45 14 56
11 100 55 93 66 75 59 26 27 40 54 56
15 100 9 4 90 10 26 22 3 84 51 62 73 63 78 56
14 100 98 87 31 38 20 99 79 62 34 77 47 12 56
8 100 89 55 28 65 31 97 56
6 100 29 5 81 47 56
7 100 18 54 8 45 75 56
11 100 28 45 61 38 30 22 8 47 93 56
6 100 1 68 3 99 56
11 100 72 85 10 32 90 30 21 98 24 56
9 100 82 29 19 69 45 34 73 56
13 100 45 30 22 29 58 75 69 34 25 36 38 56
8 100 50 31 74 57 32 53 56
12 100 17 3 34 33 9 47 63 58 98 67 56
9 100 61 26 48 88 14 18 12 56
10 100 62 4 99 24 20 29 89 22 56
14 100 60 61 35 68 74 88 91 73 50 96 84 85 56
12 100 78 19 87 44 49 88 35 23 45 13 56
14 100 85 21 50 6 42 16 48 87 13 66 30 43 56
15 100 95 40 96 77 85 29 73 7 45 89 93 54 6 56
14 100 12 88 73 14 89 98 67 93 53 45 6 19 56
5 100 17 90 54 56
6 100 31 49 84 67 56
16 100 36 31 8 49 44 9 76 41 93 17 71 72 90 33 56
13 100 53 89 42 96 30 91 19 92 43 40 66 56
21 100 89 63 44 87 45 24 46 42 80 58 81 19 17 74 18 92 85 97 67 56
6 100 85 44 47 89 56
15 100 90 92 22 73 35 12 6 37 83 41 14 53 62 56
4 100 46 75 56
15 100 35 57 96 88 55 76 91 53 22 60 85 26 84 56
15 100 59 31 80 45 26 41 55 18 50 77 48 39 52 56
13 100 91 37 67 55 34 24 26 45 20 32 69 56
11 100 91 79 81 28 63 51 4 8 53 56
6 100 44 91 94 20 56
2 100 56
8 100 72 18 74 67 46 49 56
8 100 68 95 75 63 2 21 56
10 100 23 6 36 66 87 60 98 30 56
4 100 19 37 56
13 100 83 69 8 31 32 87 36 41 67 37 27 56
25 100 46 20 67 29 74 83 14 72 95 79 91 8 42 50 52 32 5 98 90 27 53 39 81 56
8 100 53 45 80 85 98 25 56
13 100 24 47 52 88 70 2 5 54 44 16 51 56
15 100 39 2 71 61 23 94 76 4 98 40 70 7 41 56
7 100 75 5 41 13 63 56
21 100 37 23 2 11 16 94 6 75 96 22 10 38 55 36 78 63 95 34 58 56
3 100 71 56
11 100 90 52 17 19 94 6 89 7 24 56
9 100 50 63 60 68 15 95 27 56
8 100 23 43 21 73 50 96 56
10 100 17 66 68 38 75 71 13 45 56
15 100 90 94 19 87 55 66 31 89 45 61 75 71 23 56
9 100 55 28 57 80 32 9 40 56
4 100 45 98 56
9 100 54 40 5 12 67 13 60 56
17 100 14 26 49 5 23 57 68 69 21 45 29 27 95 25 36 56
11 100 27 44 32 29 2 99 86 82 41 56
10 100 86 31 33 90 61 52 2 1 56
8 100 55 21 2 73 69 67 56
3 100 58 56
11 100 52 91 26 10 67 48 60 51 5 56
17 100 23 92 69 36 84 72 1 40 74 47 42 99 45 68 83 56
5 100 97 60 34 56
17 100 82 20 40 75 79 64 99 3 51 16 30 34 90 44 15 56
19 100 45 79 6 30 5 22 70 1 2 54 68 14 36 52 4 95 32 56
10 100 30 1 35 74 4 18 84 51 56
11 100 47 36 31 4 13 95 81 75 7 56
15 100 73 57 33 21 83 60 80 4 13 64 2 35 51 56
4 100 80 92 56
9 100 61 79 53 24 75 9 81 56
18 100 60 55 95 64 76 63 17 96 75 53 70 82 33 21 39 25 56
14 100 8 75 81 86 6 79 25 38 28 82 92 34 56
8 100 13 76 67 85 95 33 56
17 100 19 61 95 59 26 71 98 57 36 87 50 2 55 42 4 56
21 100 98 27 50 24 28 49 57 26 33 84 54 44 35 2 6 67 46 16 10 56
11 100 78 38 44 63 80 9 28 90 92 56
7 100 63 57 52 74 34 56
8 100 9 71 68 98 79 76 56
9 100 45 71 62 39 73 41 52 56
7 100 66 2 47 92 71 56
16 100 45 35 52 66 37 41 90 17 96 39 75 69 63 10 56
5 100 49 10 64 56
11 100 38 36 6 15 42 13 49 1 40 56
4 100 88 84 56
12 100 49 53 38 34 46 37 33 69 92 66 56
14 100 32 90 27 89 57 37 30 66 23 25 12 45 56
7 100 72 33 85 51 74 56
10 100 9 16 15 19 24 8 60 73 56
13 100 84 35 64 38 21 25 67 15 23 33 76 56
20 100 1 81 71 17 4 46 27 38 7 83 61 15 99 36 49 28 23 33 56
8 100 34 45 6 12 27 53 56
15 100 94 91 9 46 7 13 29 19 47 44 41 97 81 56
8 100 83 3 36 47 35 98 56
15 100 47 33 79 60 3 44 76 13 55 5 46 99 83 56
10 100 22 31 18 73 24 10 72 63 56
17 100 1 71 70 86 93 11 19 13 49 63 48 75 35 40 69 56
16 100 10 57 23 52 70 85 88 69 17 97 62 94 40 53 56
9 100 60 78 17 29 72 84 5 56
18 100 93 76 14 44 54 71 16 82 36 80 12 22 53 25 31 11 56
4 100 38 54 56
7 100 26 53 7 59 58 56
7 100 49 67 69 66 58 56
15 100 68 89 27 75 44 59 46 5 53 70 8 50 12 56
11 100 41 72 67 5 82 22 98 66 1 56
24 100 26 29 75 52 86 22 3 5 15 73 77 24 98 18 92 51 89 76 69 44 4 71 56
9 100 23 49 21 59 57 46 81 56
5 100 35 46 72 56
12 100 41 30 52 93 73 88 70 80 54 69 56
9 100 9 16 69 53 62 34 77 56
3 100 80 56
24 100 21 76 67 20 62 65 88 78 85 52 61 82 92 69 12 95 38 50 53 54 49 96 56
17 100 73 68 67 19 51 42 28 34 8 20 11 86 53 82 49 56
14 100 36 41 8 39 4 44 6 42 99 13 71 63 56
14 100 76 48 46 99 34 60 16 13 29 70 10 11 56
5 100 99 45 26 56
8 100 23 14 63 90 77 21 56
6 100 40 67 19 87 56
7 100 99 80 88 58 7 56
5 100 99 75 7 56
6 100 23 86 89 22 56
15 100 34 23 73 42 2 86 44 1 55 75 77 89 6 56
11 100 34 26 55 82 25 30 76 83 18 56
12 100 4 72 11 30 76 97 71 6 75 53 56
11 100 3 71 40 53 16 73 60 39 13 56
4 100 73 16 56
4 100 52 98 56
11 100 89 49 65 52 23 77 6 72 69 56
19 100 73 67 1 9 95 47 77 86 53 76 43 81 58 5 83 55 21 56
9 100 18 35 26 79 67 69 25 56
23 100 1 55 91 88 26 99 4 42 59 67 76 96 61 70 52 19 47 53 37 79 82 56
3 100 51 56
9 100 76 5 70 15 69 72 82 56
10 100 72 34 52 28 61 1 48 64 56
4 100 65 15 56
8 100 78 24 94 34 2 5 56
9 100 44 18 5 58 63 17 34 56
7 100 40 77 21 37 98 56
14 100 26 29 80 22 48 23 99 78 71 82 5 8 56
5 100 72 2 55 56
5 100 18 53 27 56
4 100 49 24 56
11 100 78 7 46 80 40 31 47 65 35 56
18 100 7 20 66 59 63 1 65 3 93 15 32 57 69 4 80 95 56
4 100 38 49 56
12 100 76 11 98 33 84 47 1 14 87 26 56
8 100 2 7 3 65 13 14 56
5 100 55 38 97 56
13 100 38 17 51 29 57 71 58 4 3 36 16 56
12 100 98 83 80 12 48 75 93 55 82 65 56
13 100 10 31 85 59 49 47 38 37 67 5 86 56
6 100 67 6 74 43 56
8 100 15 24 14 43 21 3 56
12 100 46 37 35 95 52 75 72 68 82 83 56
3 100 26 56
8 100 47 33 90 15 75 21 56
5 100 39 45 31 56
16 100 29 18 11 15 86 47 10 49 85 51 55 99 91 7 56
9 100 13 85 32 97 92 21 2 56
14 100 97 11 32 13 85 12 69 68 21 46 90 25 56
7 100 66 78 20 12 60 56
6 100 85 30 43 99 56
13 100 48 38 49 55 99 92 65 58 39 96 9 56
7 100 54 11 21 83 79 56
10 100 62 91 57 51 6 86 60 44 56
18 100 54 37 62 74 2 90 20 98 52 96 17 65 60 69 31 50 56
6 100 25 16 76 11 56
14 100 65 68 78 14 45 12 77 60 73 48 24 9 56
11 100 92 9 13 25 75 68 64 94 37 56
10 100 38 93 74 43 21 39 97 77 56
9 100 61 66 53 78 98 27 74 56
9 100 47 39 61 8 81 6 50 56
8 100 10 67 34 19 89 39 56
13 100 71 94 80 24 53 66 4 40 22 15 76 56
6 100 81 48 35 26 56
8 100 52 22 38 90 41 4 56
11 100 31 13 4 33 83 96 26 81 18 56
9 100 60 12 57 41 13 55 26 56
13 100 14 57 1 9 48 84 42 50 61 96 60 56
17 100 79 15 74 49 40 30 61 7 52 16 84 4 48 66 20 56
6 100 88 25 4 35 56
11 100 30 14 41 52 5 47 21 80 37 56
4 100 17 41 56
11 100 63 61 92 88 44 13 79 74 39 56
9 100 8 58 36 6 30 79 73 56
9 100 14 90 15 63 31 52 34 56
20 100 87 37 81 78 32 14 1 72 10 19 80 90 52 63 66 15 5 3 56
4 100 47 17 56
11 100 78 81 39 28 91 6 80 58 61 56
16 100 23 18 14 81 75 27 65 16 15 2 90 28 93 92 56
11 100 50 24 9 92 44 4 31 7 10 56
14 100 57 34 61 94 27 4 93 17 38 73 46 1 56
10 100 19 75 47 8 24 77 36 94 56
6 100 1 8 88 66 56
6 100 32 26 68 36 56
20 100 20 90 45 73 88 93 68 49 51 12 8 27 85 18 47 38 57 72 56
8 100 57 10 84 80 32 12 56
9 100 97 55 25 26 47 83 68 56
12 100 40 75 86 88 4 13 47 52 82 51 56
3 100 36 56
15 100 70 90 81 64 19 57 24 34 7 96 39 75 92 56
6 100 2 94 93 35 56
13 100 45 8 69 63 72 91 85 76 9 92 77 56
15 100 73 44 79 8 66 15 81 35 31 82 48 50 88 56
3 100 82 56
10 100 94 93 52 6 31 21 92 32 56
12 100 76 98 10 31 86 25 90 87 34 44 56
11 100 45 71 36 59 83 20 43 27 84 56
12 100 77 52 12 80 59 28 99 22 21 20 56
10 100 89 77 97 41 38 57 9 10 56
8 100 18 36 93 42 30 50 56
10 100 16 24 28 97 92 49 98 51 56
10 100 71 57 66 86 42 9 97 92 56
7 100 15 37 26 92 42 56
13 100 53 31 72 61 73 92 26 64 79 4 48 56
16 100 70 24 82 34 36 2 37 94 53 67 28 26 1 15 56
18 100 15 33 5 78 79 42 57 12 99 81 9 21 96 47 20 62 56
5 100 21 58 95 56
4 100 83 57 56
7 100 14 92 50 79 90 56
4 100 98 57 56
16 100 72 89 36 63 66 28 48 42 38 22 37 3 69 30 56
7 100 32 60 37 87 36 56
4 100 83 92 56
3 100 29 56
13 100 36 16 54 6 59 5 71 98 67 30 62 56
8 100 63 21 9 36 99 30 56
13 100 54 21 45 86 58 68 81 30 37 24 70 56
6 100 62 28 43 14 56
12 100 52 91 44 20 28 67 47 77 62 74 56
9 100 72 64 67 60 76 9 85 56
10 100 84 46 3 33 42 50 16 44 56
6 100 60 3 76 65 56
12 100 78 84 44 36 14 42 51 28 31 88 56
2 100 56
5 100 52 78 77 56
10 100 91 6 82 37 81 60 53 99 56
14 100 58 26 22 38 23 83 57 37 71 6 54 48 56
6 100 46 33 23 91 56
16 100 47 97 37 22 71 35 9 53 85 25 58 46 66 57 56
7 100 41 25 90 63 29 56
15 100 92 67 1 80 49 82 84 23 15 3 36 59 25 56
5 100 97 55 3 56
6 100 17 11 89 50 56
14 100 36 41 71 73 40 69 76 90 12 55 37 57 56
8 100 87 95 40 17 32 15 56
10 100 36 9 2 53 4 88 79 82 56
17 100 29 84 44 63 52 53 39 58 68 36 26 79 77 12 99 56
11 100 8 30 45 84 93 18 29 24 22 56
6 100 98 81 5 80 56
6 100 60 85 31 68 56
9 100 57 24 86 59 42 44 98 56
10 100 85 9 30 6 70 11 10 33 56
6 100 44 31 53 86 56
20 100 63 40 61 23 53 10 38 51 16 1 99 74 30 8 44 84 45 77 56
7 100 34 80 76 15 37 56
5 100 23 35 71 56
5 100 29 24 68 56
2 100 56
10 100 40 29 34 71 15 77 39 43 56
16 100 34 30 89 9 72 83 80 43 7 92 20 39 76 31 56
18 100 94 14 75 79 6 4 97 54 99 83 24 19 88 93 12 38 56
7 100 81 77 13 74 8 56
15 100 15 12 4 61 25 76 46 59 48 18 21 20 38 56
5 100 61 8 2 56
4 100 42 39 56
7 100 79 60 58 47 69 56
2 100 56
11 100 35 40 4 65 93 7 6 80 11 56
7 100 66 6 2 36 7 56
3 100 65 56
5 100 49 1 98 56
3 100 77 56
10 100 81 93 92 79 77 95 71 87 56
15 100 17 74 90 93 78 91 3 59 64 37 13 66 55 56
12 100 22 18 15 83 55 81 49 47 70 58 56
4 100 76 9 56
13 100 98 89 97 79 8 35 57 59 71 37 64 56
12 100 77 74 9 51 80 38 6 12 57 71 56
8 100 44 39 98 27 16 51 56
12 100 38 83 79 91 10 40 55 84 47 11 56
2 100 56
4 100 81 82 56
6 100 89 96 14 87 56
9 100 76 47 29 19 14 40 9 56
5 100 74 58 35 56
6 100 36 96 18 93 56
4 100 99 3 56
11 100 34 58 54 16 31 55 41 38 10 56
6 100 51 74 38 55 56
12 100 29 2 17 45 51 88 70 23 72 94 56
6 100 8 10 70 41 56
8 100 89 29 46 35 80 90 56
16 100 99 22 19 58 39 84 90 25 24 51 72 89 73 9 56
15 100 3 34 84 46 57 55 91 39 73 72 92 44 31 56
7 100 21 86 28 45 27 56
14 100 50 20 83 12 57 14 55 52 60 86 46 45 56
8 100 72 80 98 50 9 35 56
12 100 53 49 90 69 63 14 45 39 68 1 56
7 100 88 16 82 65 26 56
14 100 19 68 58 97 84 18 74 73 14 16 44 26 56
3 100 43 56
20 100 69 13 87 25 39 61 75 48 95 22 28 46 99 91 68 90 15 42 56
12 100 49 90 70 71 83 59 36 41 32 55 56
7 100 2 49 17 33 18 56
9 100 60 83 58 37 68 26 84 56
9 100 59 95 26 27 37 86 97 56
6 100 53 16 81 98 56
13 100 89 11 75 82 38 4 7 29 65 54 94 56
17 100 1 27 79 88 5 53 20 58 93 78 10 21 38 29 92 56
11 100 31 35 57 54 66 89 53 52 47 56
11 100 19 26 25 20 75 48 13 80 41 56
9 100 5 19 43 74 21 13 10 56
11 100 94 44 6 1 86 33 62 35 10 56
8 100 73 97 37 28 15 46 56
15 100 83 94 6 54 25 82 49 85 48 34 28 45 52 56
3 100 51 56
7 100 82 51 1 5 89 56
8 100 70 66 50 2 17 75 56
11 100 4 34 1 64 98 93 83 79 92 56
13 100 27 51 25 89 36 46 64 71 28 17 37 56
16 100 81 25 75 24 33 87 20 71 95 83 57 82 74 52 56
16 100 18 67 98 7 10 8 34 49 15 74 14 57 85 83 56
9 100 3 76 12 31 11 82 7 56
4 100 90 57 56
22 100 1 55 5 93 38 59 60 87 80 50 24 25 99 58 71 33 11 7 98 15 56
22 100 50 45 12 33 85 15 1 53 62 80 87 41 42 43 24 48 10 32 22 29 56
2 100 56
13 100 4 78 77 48 35 17 53 15 89 95 19 56
4 100 4 8 56
5 100 76 42 91 56
7 100 17 23 10 14 44 56
14 100 14 83 48 35 61 62 19 20 28 34 23 16 56
10 100 93 1 58 84 8 25 5 61 56
12 100 1 31 43 12 37 88 76 27 57 23 56
9 100 53 13 37 29 73 95 40 56
16 100 36 55 40 95 72 49 45 68 35 22 67 50 85 59 56
7 100 3 95 24 13 66 56
9 100 37 78 24 31 84 59 70 56
6 100 67 90 85 11 56
4 100 67 47 56
7 100 80 31 60 40 4 56
8 100 70 50 80 87 83 36 56
13 100 61 91 26 95 12 46 67 20 84 2 64 56
8 100 39 81 14 11 10 13 56
7 100 69 44 79 57 58 56
19 100 97 43 72 4 71 67 58 47 26 2 46 49 42 30 45 21 20 56
10 100 73 50 80 57 37 29 26 11 56
9 100 88 2 14 26 98 1 93 56
14 100 88 47 64 76 73 19 98 55 92 14 78 31 56
4 100 81 88 56
7 100 81 99 73 95 17 56
15 100 41 48 1 55 95 34 19 26 40 54 45 2 13 56
10 100 52 8 79 39 2 57 25 93 56
13 100 6 10 85 97 62 42 22 79 73 74 54 56
20 100 52 90 74 62 77 39 68 25 63 21 7 15 79 22 17 80 91 11 56
7 100 81 72 77 74 13 56
7 100 85 36 59 41 47 56
6 100 28 16 90 79 56
16 100 35 32 10 8 52 47 77 50 1 89 21 86 61 4 56
8 100 22 81 89 79 73 31 56
10 100 4 57 50 83 34 5 8 78 56
10 100 86 81 61 89 27 59 67 33 56
6 100 25 48 86 3 56
14 100 17 97 33 46 66 90 24 10 92 48 64 32 56
7 100 72 68 84 21 90 56
18 100 64 26 74 30 3 27 51 17 91 75 81 55 94 68 40 66 56
3 100 48 56
10 100 94 33 97 98 29 53 74 64 56
12 100 1 60 65 41 19 39 77 88 94 26 56
11 100 28 86 52 90 59 71 80 1 85 56
7 100 16 63 82 25 29 56
6 100 85 34 24 43 56
9 100 8 65 76 63 5 6 98 56
19 100 67 72 90 3 14 28 34 8 58 76 40 30 16 42 84 59 5 56
11 100 59 60 11 29 98 51 81 84 47 56
14 100 80 3 44 29 33 83 90 66 65 59 14 99 56
3 100 63 56
7 100 57 52 79 1 7 56
18 100 74 94 10 69 34 24 90 99 84 63 37 36 16 45 97 60 56
13 100 82 78 32 25 5 17 10 81 65 28 30 56
15 100 46 13 43 66 29 27 48 36 4 89 14 45 18 56
5 100 20 60 78 56
19 100 20 80 7 79 63 81 95 53 86 48 70 51 22 28 91 72 88 56
10 100 67 12 79 90 95 16 49 27 56
7 100 29 23 19 41 44 56
18 100 88 22 62 19 48 80 89 87 51 50 14 25 55 59 17 69 56
5 100 39 12 22 56
13 100 84 71 85 2 96 98 44 39 79 24 60 56
3 100 76 56
6 100 71 33 96 86 56
9 100 85 18 42 33 53 94 12 56
7 100 53 94 82 67 42 56
3 100 58 56
3 100 88 56
13 100 80 34 19 73 12 50 40 23 10 8 3 56
10 100 40 18 22 49 14 81 7 24 56
22 100 74 93 45 11 60 87 46 32 23 35 70 18 39 13 81 6 47 66 57 80 56
5 100 44 81 41 56
15 100 51 80 65 11 63 16 66 90 92 50 2 44 14 56
16 100 79 49 97 28 77 53 70 95 82 73 20 90 9 7 56
22 100 47 93 11 18 19 50 88 43 94 10 69 28 48 61 70 82 20 24 42 27 56
10 100 95 49 42 5 21 10 65 44 56
7 100 95 63 33 46 59 56
5 100 95 27 53 56
9 100 1 25 69 13 90 10 91 56
8 100 17 31 95 43 90 4 56
3 100 14 56
13 100 14 74 67 90 85 1 87 26 44 80 2 56
11 100 90 64 4 28 11 94 99 33 35 56
3 100 7 56
9 100 54 72 38 15 26 36 22 56
17 100 89 49 92 76 72 67 29 23 71 85 27 73 60 61 79 56
5 100 26 40 9 56
4 100 87 29 56
13 100 15 29 49 46 48 94 71 62 95 66 64 56
10 100 69 60 82 4 86 77 52 3 56
11 100 65 35 73 10 95 26 84 30 99 56
21 100 37 36 45 70 11 44 74 2 50 84 77 43 10 17 1 83 61 19 47 56
2 100 56
12 100 29 23 62 80 43 64 85 84 13 71 56
14 100 90 78 55 47 10 85 9 62 31 19 84 39 56
4 100 91 84 56
10 100 12 22 84 16 24 67 54 48 56
9 100 63 89 80 70 60 34 13 56
15 100 77 98 53 38 91 79 70 21 51 62 76 24 20 56
5 100 94 73 81 56
16 100 50 59 14 76 72 92 64 38 10 29 67 65 27 24 56
13 100 34 31 52 19 4 78 26 24 41 84 1 56
8 100 69 6 38 86 44 96 56
7 100 10 74 46 97 75 56
15 100 34 25 39 93 96 40 84 82 79 53 19 71 9 56
10 100 39 94 57 49 24 68 64 19 56
6 100 75 79 96 97 56
9 100 10 64 13 33 92 51 46 56
6 100 26 9 39 6 56
8 100 88 11 76 87 59 42 56
14 100 61 75 46 7 6 92 88 90 13 93 87 72 56
18 100 59 5 73 26 30 37 41 77 51 25 96 15 2 22 35 53 56
16 100 13 10 48 23 55 40 50 44 26 2 42 83 74 92 56
12 100 23 28 64 26 47 33 80 57 13 76 56
18 100 2 17 88 26 38 89 3 52 80 30 96 37 8 74 29 11 56
15 100 3 91 64 8 48 80 16 75 36 98 46 97 88 56
12 100 2 59 80 41 17 49 61 75 52 45 56
7 100 3 94 52 14 39 56
7 100 90 3 72 18 39 56
10 100 41 57 8 75 22 12 49 83 56
10 100 18 82 63 32 54 3 70 89 56
11 100 55 4 40 30 44 32 42 68 20 56
17 100 51 55 76 99 37 30 26 64 73 5 6 82 14 49 28 56
6 100 71 97 47 49 56
8 100 82 68 19 70 84 41 56
7 100 43 99 40 9 27 56
8 100 8 7 81 93 5 11 56
11 100 23 79 98 81 52 67 7 41 93 56
5 100 63 4 61 56
14 100 96 11 32 13 91 64 58 61 93 17 95 50 56
18 100 4 89 51 99 14 68 20 26 18 94 76 95 90 13 32 66 56
10 100 71 19 99 80 18 38 11 66 56
6 100 16 27 60 85 56
15 100 16 1 42 99 29 62 89 24 25 57 70 60 69 56
8 100 26 28 39 15 92 45 56
13 100 6 75 95 29 79 40 13 61 23 19 20 56
15 100 82 2 41 75 77 44 79 34 13 22 63 12 72 56
8 100 72 43 7 86 82 95 56
16 100 84 8 64 49 12 53 82 43 6 91 17 48 4 79 56
9 100 84 70 44 15 68 65 49 56
7 100 37 74 10 21 65 56
13 100 48 50 2 24 25 72 87 39 58 74 61 56
12 100 29 61 26 65 24 85 11 88 49 52 56
15 100 22 67 12 8 23 16 89 82 31 30 44 28 73 56
13 100 93 68 12 28 92 39 90 88 32 58 41 56
4 100 3 93 56
11 100 68 45 50 10 32 13 38 63 41 56
3 100 42 56
18 100 74 28 85 18 14 55 93 27 35 48 78 73 79 38 6 24 56
5 100 36 27 38 56
7 100 30 94 92 61 83 56
19 100 25 70 36 96 95 68 84 19 69 76 51 20 21 26 5 94 35 56
15 100 1 53 21 25 79 31 2 9 20 41 83 32 50 56
17 100 25 82 95 9 18 77 51 46 40 60 50 68 93 39 48 56
6 100 37 4 19 21 56
10 100 43 65 53 72 41 4 52 62 56
4 100 78 18 56
10 100 1 65 59 15 58 81 52 78 56
9 100 1 57 19 29 24 85 28 56
15 100 6 74 54 53 88 25 26 58 12 5 9 95 59 56
7 100 28 47 64 94 27 56
7 100 35 64 25 82 83 56
11 100 31 21 17 68 38 22 76 34 1 56
13 100 74 15 52 3 19 42 53 13 67 1 90 56
21 100 68 70 82 96 58 18 22 3 28 81 13 32 59 51 44 79 45 89 77 56
7 100 79 25 61 76 47 56
8 100 29 5 12 53 97 22 56
13 100 53 61 43 19 8 48 92 40 66 33 82 56
8 100 98 54 57 61 66 44 56
14 100 67 36 42 6 16 31 69 71 98 87 39 32 56
7 100 6 79 64 65 83 56
7 100 91 30 62 96 74 56
5 100 18 1 32 56
20 100 57 3 6 12 46 19 33 81 5 35 77 85 26 39 20 48 61 16 56
4 100 2 32 56
9 100 62 3 63 2 85 9 6 56
5 100 3 25 1 56
6 100 21 25 44 13 56
7 100 42 38 21 69 80 56
11 100 12 30 77 37 6 62 79 24 80 56
9 100 30 27 79 98 1 69 67 56
6 100 60 97 64 62 56
4 100 35 62 56
10 100 99 95 81 64 55 40 80 67 56
11 100 15 64 52 10 76 94 51 25 95 56
7 100 42 34 82 33 26 56
12 100 39 19 83 50 15 90 37 25 33 36 56
11 100 72 66 39 97 45 83 77 44 85 56
13 100 5 83 32 18 1 61 85 26 91 35 62 56
7 100 94 55 88 18 86 56
6 100 41 88 64 32 56
15 100 51 15 67 4 94 97 61 48 57 93 11 12 21 56
9 100 61 89 92 54 66 85 20 56
14 100 41 70 14 2 71 58 65 75 62 5 61 29 56
8 100 30 68 92 83 23 3 56
8 100 69 80 61 3 71 97 56
15 100 34 84 43 31 8 79 14 3 58 67 90 80 52 56
9 100 16 62 2 68 67 94 82 56
13 100 54 9 12 51 64 93 49 94 88 85 52 56
2 100 56
12 100 25 85 77 31 14 4 81 93 98 92 56
8 100 96 74 69 46 4 13 56
10 100 88 95 41 5 9 42 75 58 56
6 100 52 73 7 5 56
4 100 86 70 56
19 100 75 70 54 94 36 95 17 29 68 3 10 20 96 57 26 77 8 56
13 100 76 71 64 61 28 33 85 45 42 4 69 56
14 100 62 78 50 7 89 83 25 54 94 38 70 45 56
7 100 94 93 28 50 89 56
7 100 62 83 50 75 61 56
7 100 4 16 53 87 35 56
9 100 74 63 98 66 48 6 73 56
7 100 6 44 9 72 5 56
16 100 74 90 22 28 47 68 4 40 88 36 92 12 16 32 56
3 100 13 56
13 100 40 37 68 42 55 81 50 90 64 66 47 56
8 100 37 13 59 6 12 20 56
16 100 20 7 45 98 44 12 47 75 13 90 67 50 18 38 56
6 100 45 55 4 51 56
2 100 56
4 100 52 58 56
11 100 35 61 6 28 43 12 86 50 69 56
3 100 69 56
16 100 12 54 14 80 8 50 74 43 82 55 96 81 75 4 56
10 100 6 73 14 64 68 71 74 28 56
7 100 82 5 58 84 48 56
22 100 31 95 58 15 72 69 86 21 92 4 22 9 71 82 1 84 44 47 49 43 56
10 100 53 76 15 14 11 4 64 84 56
4 100 23 93 56
3 100 64 56
9 100 58 99 15 43 45 73 35 56
7 100 43 78 51 32 70 56
11 100 43 31 96 38 15 51 61 90 75 56
4 100 94 99 56
6 100 55 42 71 90 56
10 100 67 3 92 71 26 1 13 46 56
14 100 71 79 78 90 94 3 5 66 21 11 2 87 56
10 100 47 65 61 79 90 84 45 51 56
7 100 45 35 73 33 30 56
10 100 20 58 83 6 47 42 17 52 56
18 100 2 71 84 59 10 40 38 89 83 79 29 51 78 4 13 52 56
10 100 40 65 97 88 87 13 55 49 56
3 100 83 56
16 100 11 80 86 40 47 62 13 28 31 6 51 17 72 57 56
14 100 57 27 43 17 4 32 37 34 64 75 98 48 56
9 100 93 28 24 4 46 85 45 56
9 100 70 51 63 82 47 40 58 56
5 100 91 33 52 56
10 100 36 96 9 10 57 52 41 2 56
14 100 90 41 95 58 8 45 7 39 43 50 24 10 56
8 100 43 2 96 86 99 79 56
2 100 56
10 100 44 99 58 7 31 30 68 97 56
5 100 68 76 15 56
9 100 19 14 65 38 91 22 77 56
8 100 66 51 62 97 43 52 56
10 100 52 66 96 22 14 21 79 20 56
10 100 31 5 84 81 66 95 51 4 56
8 100 28 11 5 66 69 85 56
15 100 29 28 15 62 17 82 66 36 1 53 80 9 92 56
11 100 18 1 68 26 24 23 38 99 28 56
12 100 84 71 98 27 81 51 46 83 85 88 56
9 100 55 3 26 94 11 80 99 56
7 100 45 62 17 86 19 56
10 100 45 37 95 86 87 84 73 43 56
10 100 44 73 77 38 17 36 12 33 56
10 100 98 66 87 61 24 20 31 71 56
8 100 74 94 54 29 83 71 56
10 100 52 26 77 15 50 12 80 99 56
16 100 32 71 73 41 11 59 84 6 44 33 82 95 37 67 56
13 100 39 79 84 51 75 38 65 22 99 42 6 56
7 100 63 42 53 41 71 56
7 100 66 11 73 47 28 56
8 100 11 10 97 82 98 18 56
9 100 84 48 24 10 36 76 11 56
6 100 29 37 24 38 56
14 100 90 39 20 64 42 17 10 26 99 70 23 3 56
13 100 69 23 27 89 98 53 68 75 61 49 45 56
14 100 29 33 11 69 80 13 88 46 4 42 68 35 56
11 100 43 30 35 85 79 18 80 87 31 56
13 100 4 50 75 6 85 7 87 88 68 65 32 56
12 100 94 16 57 98 44 26 50 2 93 51 56
17 100 34 81 17 55 90 4 68 62 3 71 84 47 52 72 23 56
4 100 32 3 56
6 100 53 71 45 89 56
11 100 21 22 77 64 96 58 26 93 72 56
4 100 76 19 56
6 100 74 99 14 79 56
13 100 31 44 96 53 1 49 24 70 8 58 80 56
12 100 16 7 33 99 75 21 24 53 36 14 56
9 100 84 71 59 10 32 53 72 56
7 100 7 99 45 77 2 56
13 100 27 42 28 53 73 1 5 15 2 44 14 56
4 100 5 80 56
8 100 80 3 1 91 6 5 56
5 100 5 86 30 56
7 100 21 89 52 9 82 56
7 100 77 11 31 33 15 56
13 100 77 34 54 84 65 14 2 45 63 6 44 56
8 100 58 60 63 25 64 53 56
14 100 25 63 37 43 65 82 16 53 47 32 80 51 56
22 100 74 50 6 55 32 99 54 80 47 44 52 31 40 87 10 26 42 81 72 39 56
20 100 97 68 25 50 2 35 41 47 31 16 75 81 49 67 99 84 51 20 56
22 100 79 15 70 31 2 73 81 26 37 16 95 45 52 9 68 96 57 1 12 62 56
7 100 67 45 6 61 57 56
4 100 25 90 56
12 100 3 87 25 55 9 27 23 53 51 40 56
6 100 35 6 24 70 56
2 100 56
5 100 33 30 17 56
14 100 92 36 88 51 77 33 15 16 45 32 98 79 56
7 100 61 66 30 3 81 56
15 100 15 28 75 83 91 99 70 66 21 26 92 23 98 56
13 100 72 60 6 66 2 75 26 77 96 39 24 56
13 100 47 1 94 40 74 64 97 92 31 98 66 56
9 100 67 71 94 66 87 86 27 56
4 100 20 45 56
12 100 13 82 33 2 26 67 50 90 34 55 56
11 100 89 98 5 40 28 76 31 97 47 56
11 100 99 63 3 77 13 46 34 26 4 56
9 100 72 83 91 1 94 71 17 56
9 100 96 33 37 92 90 8 48 56
9 100 49 14 43 31 84 37 6 56
11 100 73 69 18 27 52 72 79 17 14 56
11 100 9 67 82 96 91 39 86 36 92 56
13 100 65 82 19 31 53 32 5 61 78 64 11 56
7 100 89 21 55 25 11 56
4 100 83 8 56
5 100 51 20 7 56
12 100 65 78 69 30 33 5 54 27 76 96 56
8 100 28 36 63 46 16 9 56
8 100 86 10 42 69 96 94 56
9 100 9 12 61 73 18 57 70 56
12 100 43 34 91 19 93 80 1 89 99 96 56
9 100 14 96 6 11 50 98 64 56
15 100 46 4 68 17 43 70 79 60 69 78 23 65 27 56
13 100 37 3 15 18 30 58 75 64 16 86 83 56
7 100 69 26 37 50 36 56
9 100 58 96 77 54 98 66 52 56
17 100 82 29 77 92 71 79 53 14 86 90 41 99 63 93 55 56
7 100 53 16 74 41 89 56
4 100 53 41 56
4 100 99 46 56
2 100 56
13 100 91 88 75 65 42 41 81 30 95 29 23 56
5 100 85 38 39 56
4 100 50 34 56
6 100 94 85 33 6 56
