44 39
9 44 28 3 33 31 17 2 29 39
2 44 39
42 23
8 42 16 31 24 9 46 32 23
2 42 23
46 25
3 46 38 25
2 46 25
49 44
5 49 14 42 26 44
2 49 44
50 11
5 50 17 19 35 11
3 50 20 11
48 3
10 48 16 6 35 10 23 42 12 31 3
4 48 43 23 3
38 30
6 38 22 15 31 7 30
2 38 30
47 19
6 47 32 30 26 15 19
2 47 19
36 6
3 36 35 6
2 36 6
49 5
6 49 23 7 27 35 5
2 49 5
50 1
10 50 43 10 4 29 2 8 30 5 1
3 50 32 1
43 26
7 43 7 50 24 13 30 26
2 43 26
35 13
4 35 21 11 13
3 35 14 13
48 49
6 48 20 11 33 10 49
2 48 49
49 11
7 49 41 34 25 9 48 11
2 49 11
34 16
5 34 24 3 48 16
3 34 3 16
50 27
9 50 7 37 28 42 30 8 16 27
2 50 27
42 35
7 42 9 7 13 24 5 35
2 42 35
39 37
10 39 49 14 26 40 48 41 10 36 37
3 39 33 37
47 44
5 47 12 28 37 44
3 47 9 44
42 50
4 42 6 25 50
2 42 50
50 38
9 50 40 25 43 18 31 42 3 38
2 50 38
50 13
9 50 23 39 32 45 40 37 48 13
3 50 8 13
48 25
3 48 36 25
2 48 25
46 12
7 46 22 45 21 16 29 12
2 46 12
44 43
7 44 8 47 27 37 50 43
2 44 43
40 49
4 40 39 15 49
2 40 49
50 20
9 50 11 39 32 15 40 14 33 20
2 50 20
42 35
2 42 35
2 42 35
48 14
14 48 50 37 32 40 7 6 1 45 33 8 41 38 14
2 48 14
42 8
3 42 13 8
3 42 20 8
46 5
3 46 30 5
2 46 5
46 16
11 46 44 41 29 12 28 36 42 30 19 16
2 46 16
47 39
11 47 12 31 40 15 46 23 41 21 13 39
2 47 39
48 35
9 48 36 6 42 20 30 21 2 35
4 48 2 14 35
50 16
8 50 7 22 45 26 17 43 16
2 50 16
41 25
6 41 42 8 5 10 25
3 41 5 25
41 14
5 41 13 1 32 14
2 41 14
50 16
7 50 39 32 22 11 33 16
4 50 3 35 16
46 3
8 46 22 26 12 43 33 25 3
3 46 38 3
43 30
2 43 30
2 43 30
36 41
2 36 41
2 36 41
49 2
9 49 47 5 8 43 6 44 13 2
2 49 2
44 47
8 44 48 28 41 38 11 23 47
3 44 3 47
35 37
4 35 15 38 37
2 35 37
45 29
17 45 25 21 9 31 4 24 47 44 26 27 7 46 50 12 5 29
3 45 39 29
43 17
2 43 17
2 43 17
43 11
3 43 20 11
3 43 1 11
49 13
8 49 48 26 15 41 47 12 13
2 49 13
47 25
9 47 10 38 18 31 35 27 40 25
2 47 25
41 39
5 41 36 44 24 39
2 41 39
42 47
10 42 36 41 11 32 25 7 48 46 47
4 42 16 1 47
46 29
6 46 20 37 47 45 29
2 46 29
46 12
7 46 10 18 44 11 48 12
4 46 21 1 12
48 44
5 48 45 19 14 44
2 48 44
50 43
6 50 18 6 29 31 43
2 50 43
50 44
6 50 42 26 13 24 44
2 50 44
43 15
2 43 15
3 43 9 15
47 38
5 47 3 17 2 38
2 47 38
46 10
7 46 6 3 9 11 19 10
2 46 10
49 22
2 49 22
3 49 41 22
46 26
10 46 29 35 24 44 9 20 16 5 26
2 46 26
48 47
8 48 39 9 23 26 21 27 47
2 48 47
30 36
4 30 5 22 36
2 30 36
47 26
3 47 49 26
2 47 26
44 45
8 44 2 48 5 21 41 17 45
2 44 45
49 35
9 49 2 8 1 34 4 31 7 35
2 49 35
44 50
2 44 50
2 44 50
47 24
9 47 19 30 16 9 48 3 8 24
5 47 17 18 15 24
39 24
4 39 8 34 24
2 39 24
49 9
7 49 11 33 42 38 32 9
2 49 9
46 37
2 46 37
2 46 37
45 12
8 45 9 34 5 22 29 33 12
3 45 25 12
49 28
8 49 30 14 25 26 12 3 28
2 49 28
50 37
2 50 37
2 50 37
50 41
12 50 16 31 38 18 20 40 43 48 45 24 41
2 50 41
50 1
6 50 39 49 19 3 1
2 50 1
43 9
5 43 12 1 5 9
2 43 9
46 3
3 46 40 3
2 46 3
49 31
8 49 3 4 33 7 28 26 31
2 49 31
35 6
2 35 6
2 35 6
49 11
4 49 23 34 11
2 49 11
46 9
3 46 35 9
3 46 13 9
46 30
9 46 43 1 37 17 18 35 27 30
3 46 25 30
41 50
10 41 15 40 22 18 49 31 17 16 50
2 41 50
43 25
3 43 40 25
2 43 25
47 11
10 47 4 42 27 39 2 7 45 50 11
3 47 2 11
43 42
10 43 1 20 13 21 37 12 19 36 42
2 43 42
43 14
5 43 2 22 10 14
3 43 41 14
42 24
5 42 3 19 30 24
2 42 24
46 37
5 46 41 24 10 37
3 46 41 37
46 17
6 46 25 7 26 11 17
2 46 17
50 1
10 50 47 28 44 46 45 39 31 13 1
2 50 1
48 34
6 48 46 23 20 27 34
2 48 34
42 33
9 42 21 30 37 35 6 40 41 33
3 42 3 33
47 8
11 47 29 25 2 45 35 14 43 34 39 8
2 47 8
49 15
10 49 36 21 48 31 26 10 33 24 15
3 49 28 15
38 41
10 38 46 19 30 31 27 42 33 43 41
3 38 2 41
38 32
4 38 34 43 32
3 38 20 32
42 27
11 42 34 6 19 31 39 18 38 30 47 27
3 42 3 27
44 37
5 44 22 6 24 37
6 44 3 42 7 22 37
34 43
5 34 38 49 28 43
2 34 43
44 6
3 44 50 6
4 44 3 21 6
50 38
6 50 21 28 17 44 38
4 50 41 15 38
45 3
6 45 13 34 43 1 3
2 45 3
49 8
3 49 25 8
2 49 8
45 17
13 45 27 3 7 37 1 31 29 13 39 24 14 17
2 45 17
21 32
12 21 28 11 45 17 4 36 34 23 7 38 32
5 21 9 14 2 32
40 18
7 40 33 41 32 36 17 18
2 40 18
48 10
6 48 30 12 47 22 10
2 48 10
43 18
12 43 17 38 27 21 31 4 13 24 14 9 18
2 43 18
45 49
9 45 4 39 17 10 46 9 3 49
2 45 49
49 50
5 49 24 19 44 50
5 49 45 27 21 50
44 34
18 44 4 32 20 42 1 13 16 12 26 21 9 19 22 40 24 39 34
2 44 34
49 50
7 49 28 39 40 25 18 50
3 49 16 50
45 50
14 45 34 30 13 33 14 32 47 28 49 31 4 24 50
3 45 21 50
50 18
2 50 18
2 50 18
47 16
6 47 24 28 37 48 16
2 47 16
46 24
11 46 35 49 18 16 48 26 4 15 34 24
2 46 24
36 11
3 36 20 11
2 36 11
44 19
7 44 10 18 48 5 36 19
2 44 19
48 8
5 48 21 32 6 8
2 48 8
50 30
5 50 45 9 31 30
2 50 30
44 50
3 44 18 50
3 44 18 50
48 26
9 48 10 42 35 50 40 15 11 26
2 48 26
47 23
12 47 46 25 14 44 20 19 17 6 12 45 23
2 47 23
48 42
16 48 26 15 25 12 11 29 2 46 10 50 24 33 35 6 42
2 48 42
50 12
8 50 4 41 5 37 22 33 12
2 50 12
49 22
3 49 37 22
3 49 30 22
45 39
3 45 23 39
2 45 39
35 2
6 35 32 38 16 19 2
2 35 2
41 18
13 41 49 30 31 9 3 27 17 43 24 35 36 18
2 41 18
50 21
2 50 21
2 50 21
46 7
4 46 35 3 7
3 46 16 7
49 11
4 49 22 28 11
2 49 11
43 25
10 43 2 7 36 38 47 33 19 32 25
3 43 11 25
49 11
15 49 21 22 2 12 4 20 37 43 13 42 23 10 44 11
3 49 2 11
46 26
5 46 20 3 33 26
3 46 30 26
48 3
8 48 27 20 38 45 31 41 3
3 48 36 3
38 42
5 38 29 27 16 42
2 38 42
50 1
7 50 21 48 37 46 27 1
2 50 1
50 1
11 50 20 33 41 8 22 26 27 38 45 1
2 50 1
46 13
10 46 28 7 10 34 18 36 1 48 13
4 46 40 18 13
49 47
11 49 39 37 24 42 31 36 44 45 50 47
2 49 47
50 25
5 50 6 20 7 25
3 50 20 25
48 29
5 48 1 46 2 29
2 48 29
50 37
3 50 38 37
3 50 36 37
47 2
2 47 2
2 47 2
41 23
3 41 33 23
2 41 23
45 36
8 45 3 32 7 24 43 25 36
2 45 36
49 34
5 49 6 8 42 34
2 49 34
46 39
7 46 6 19 32 30 48 39
2 46 39
37 34
9 37 41 14 28 5 43 2 30 34
2 37 34
46 43
5 46 19 22 4 43
4 46 33 34 43
48 10
4 48 31 5 10
2 48 10
50 38
6 50 39 32 26 14 38
2 50 38
48 45
4 48 10 6 45
2 48 45
49 18
11 49 43 16 20 47 3 50 15 22 17 18
2 49 18
48 42
7 48 29 9 6 50 22 42
2 48 42
50 7
5 50 33 19 30 7
2 50 7
48 32
5 48 41 24 8 32
3 48 28 32
43 40
9 43 48 37 30 23 11 16 15 40
4 43 23 31 40
47 41
7 47 6 42 29 38 44 41
4 47 43 17 41
46 47
4 46 3 45 47
2 46 47
44 24
4 44 37 19 24
3 44 34 24
46 48
4 46 35 45 48
2 46 48
47 33
4 47 34 30 33
3 47 17 33
41 2
16 41 50 27 34 7 16 36 28 32 29 21 18 1 8 26 2
2 41 2
47 44
2 47 44
2 47 44
41 38
4 41 27 33 38
2 41 38
50 31
8 50 11 19 5 49 20 23 31
2 50 31
39 31
5 39 46 22 49 31
2 39 31
47 36
6 47 29 49 30 20 36
3 47 29 36
50 13
11 50 11 27 42 40 8 39 31 14 7 13
2 50 13
44 6
3 44 24 6
2 44 6
43 49
2 43 49
2 43 49
49 36
2 49 36
2 49 36
48 27
2 48 27
6 48 16 20 47 35 27
42 41
3 42 22 41
2 42 41
49 31
7 49 29 27 3 30 13 31
2 49 31
48 9
2 48 9
3 48 26 9
50 32
10 50 6 49 19 30 20 45 27 13 32
2 50 32
48 43
3 48 33 43
6 48 24 38 17 14 43
41 27
8 41 44 42 18 7 50 22 27
2 41 27
37 15
4 37 8 32 15
2 37 15
49 7
2 49 7
2 49 7
50 31
10 50 22 28 4 11 42 25 8 15 31
3 50 48 31
49 8
15 49 6 7 32 24 34 29 37 12 40 50 5 25 20 8
4 49 32 3 8
37 20
5 37 38 33 36 20
3 37 12 20
49 41
11 49 8 28 31 22 37 1 32 50 29 41
2 49 41
46 5
3 46 14 5
2 46 5
46 50
6 46 6 2 24 17 50
2 46 50
42 18
15 42 34 40 1 9 37 3 26 12 13 27 23 41 43 18
4 42 35 30 18
47 25
4 47 9 34 25
3 47 34 25
41 43
5 41 35 48 30 43
2 41 43
49 25
8 49 37 11 31 2 18 47 25
2 49 25
42 27
6 42 24 43 19 32 27
2 42 27
42 30
10 42 7 10 8 16 44 27 23 43 30
2 42 30
50 1
3 50 42 1
2 50 1
49 42
7 49 16 28 23 2 45 42
3 49 29 42
47 34
3 47 9 34
5 47 32 3 28 34
43 42
5 43 7 30 41 42
3 43 7 42
46 14
8 46 20 28 22 15 39 48 14
2 46 14
49 42
18 49 38 23 18 30 41 10 46 31 8 9 40 6 48 25 16 26 42
6 49 3 38 30 45 42
47 45
8 47 7 31 15 48 37 22 45
3 47 27 45
50 18
9 50 46 11 36 44 15 2 37 18
3 50 31 18
38 50
10 38 49 35 20 24 9 13 29 17 50
2 38 50
40 30
10 40 1 4 29 34 50 24 38 37 30
4 40 11 2 30
47 6
14 47 5 2 7 1 39 8 41 43 19 48 32 4 6
2 47 6
41 47
4 41 9 23 47
2 41 47
45 30
15 45 35 8 32 44 21 38 13 31 46 23 19 29 6 30
2 45 30
48 1
6 48 41 2 37 47 1
4 48 29 2 1
40 11
7 40 37 49 34 41 10 11
3 40 7 11
48 22
10 48 5 42 13 21 11 4 8 41 22
2 48 22
50 6
9 50 32 33 42 44 12 16 49 6
2 50 6
50 14
9 50 42 31 22 9 32 8 23 14
3 50 31 14
50 35
7 50 7 24 11 46 29 35
3 50 37 35
44 7
8 44 15 33 1 30 6 32 7
2 44 7
50 41
4 50 26 25 41
2 50 41
49 15
3 49 20 15
2 49 15
49 25
4 49 46 13 25
2 49 25
48 45
2 48 45
2 48 45
39 37
10 39 45 2 21 5 8 49 44 19 37
2 39 37
46 40
15 46 13 30 44 27 9 31 14 50 49 32 1 24 26 40
3 46 31 40
46 25
6 46 13 24 4 34 25
3 46 44 25
50 32
11 50 36 13 28 21 5 42 15 11 17 32
2 50 32
44 42
5 44 24 21 32 42
2 44 42
48 19
4 48 22 18 19
2 48 19
38 39
3 38 45 39
3 38 23 39
48 17
11 48 35 37 4 9 45 41 42 22 40 17
2 48 17
39 23
2 39 23
2 39 23
50 49
10 50 33 21 30 37 48 24 41 3 49
3 50 20 49
47 4
6 47 19 10 13 37 4
2 47 4
50 10
3 50 27 10
2 50 10
48 16
7 48 31 1 44 23 6 16
2 48 16
45 13
6 45 34 27 3 36 13
5 45 6 5 41 13
44 28
5 44 30 46 26 28
2 44 28
50 38
10 50 34 18 9 23 22 36 8 44 38
2 50 38
41 43
10 41 23 46 18 21 36 14 37 6 43
2 41 43
39 38
8 39 50 42 45 19 35 12 38
2 39 38
49 42
8 49 36 25 34 48 41 22 42
3 49 36 42
49 35
5 49 15 41 38 35
2 49 35
48 50
7 48 31 4 46 30 34 50
5 48 30 13 9 50
47 32
2 47 32
2 47 32
38 2
6 38 12 22 49 29 2
2 38 2
48 20
9 48 11 47 9 49 1 14 37 20
2 48 20
36 4
5 36 47 25 9 4
2 36 4
35 12
4 35 22 6 12
2 35 12
38 10
11 38 12 46 7 30 4 39 1 25 6 10
2 38 10
45 46
7 45 32 31 24 4 30 46
3 45 32 46
34 15
8 34 25 41 47 43 39 28 15
2 34 15
50 5
4 50 45 29 5
3 50 45 5
40 29
9 40 32 37 5 33 49 7 45 29
2 40 29
49 17
7 49 39 34 22 3 48 17
2 49 17
50 20
6 50 21 24 5 16 20
3 50 21 20
44 9
7 44 12 47 48 7 45 9
2 44 9
45 35
5 45 47 24 5 35
2 45 35
50 36
9 50 28 10 6 3 4 38 22 36
2 50 36
46 30
7 46 11 25 29 50 21 30
2 46 30
49 38
5 49 50 11 27 38
3 49 27 38
45 3
2 45 3
2 45 3
50 22
4 50 18 45 22
2 50 22
48 10
10 48 33 25 26 22 11 18 47 46 10
2 48 10
40 7
2 40 7
3 40 8 7
35 12
8 35 19 1 8 42 41 16 12
2 35 12
38 41
5 38 17 13 2 41
2 38 41
35 44
6 35 4 45 47 46 44
2 35 44
49 21
8 49 38 35 24 47 30 44 21
3 49 35 21
48 44
9 48 39 10 2 28 32 50 6 44
2 48 44
46 17
3 46 16 17
3 46 41 17
46 26
3 46 43 26
2 46 26
42 30
6 42 31 14 15 19 30
3 42 26 30
50 25
13 50 22 7 32 38 43 9 46 17 47 16 18 25
5 50 43 21 24 25
49 40
4 49 41 29 40
3 49 44 40
49 2
7 49 40 4 10 23 1 2
2 49 2
48 16
3 48 3 16
2 48 16
35 21
13 35 22 34 36 1 3 27 42 9 20 2 33 21
2 35 21
50 17
10 50 16 18 23 8 6 13 27 25 17
2 50 17
47 24
4 47 14 8 24
3 47 4 24
41 49
2 41 49
2 41 49
41 47
7 41 28 8 12 27 15 47
2 41 47
44 17
10 44 29 2 9 24 14 18 41 3 17
3 44 23 17
47 36
10 47 33 15 4 37 32 24 50 22 36
2 47 36
45 17
5 45 12 31 44 17
3 45 10 17
43 2
5 43 28 4 23 2
2 43 2
49 13
7 49 6 2 46 39 26 13
4 49 39 46 13
43 18
8 43 11 41 25 40 14 5 18
2 43 18
48 16
5 48 41 21 22 16
4 48 18 46 16
48 29
5 48 7 41 5 29
2 48 29
39 37
3 39 43 37
2 39 37
49 2
6 49 50 5 27 45 2
2 49 2
43 13
7 43 24 39 28 22 21 13
3 43 7 13
46 8
10 46 21 9 26 37 48 41 11 3 8
2 46 8
44 25
3 44 40 25
2 44 25
48 11
11 48 34 6 25 3 50 24 23 16 32 11
2 48 11
43 44
6 43 29 47 1 35 44
2 43 44
47 40
6 47 19 23 28 17 40
2 47 40
50 46
5 50 1 48 13 46
2 50 46
50 1
2 50 1
2 50 1
49 15
14 49 5 45 29 44 12 34 11 6 8 31 16 13 15
2 49 15
49 42
3 49 5 42
2 49 42
48 30
8 48 13 15 5 27 22 28 30
2 48 30
48 42
5 48 3 17 28 42
2 48 42
50 47
5 50 10 34 30 47
2 50 47
49 14
8 49 17 48 35 12 37 39 14
2 49 14
48 22
3 48 9 22
3 48 41 22
49 45
6 49 7 42 37 24 45
2 49 45
50 39
5 50 43 36 18 39
3 50 8 39
46 49
11 46 29 24 50 47 16 41 38 30 23 49
2 46 49
48 28
7 48 1 31 44 12 4 28
2 48 28
41 5
6 41 20 18 15 38 5
2 41 5
48 1
4 48 7 25 1
2 48 1
45 42
2 45 42
2 45 42
49 16
3 49 12 16
2 49 16
40 23
9 40 32 20 13 25 39 33 47 23
3 40 12 23
45 7
3 45 5 7
2 45 7
41 31
15 41 18 2 25 38 6 8 7 26 19 22 5 30 13 31
2 41 31
46 40
6 46 3 24 34 15 40
2 46 40
48 8
3 48 16 8
2 48 8
39 14
5 39 34 11 26 14
2 39 14
44 40
3 44 16 40
2 44 40
49 15
7 49 1 28 12 23 48 15
2 49 15
50 10
5 50 1 25 38 10
3 50 35 10
49 31
2 49 31
2 49 31
50 8
3 50 10 8
5 50 33 9 39 8
50 29
2 50 29
2 50 29
49 13
7 49 24 26 8 18 40 13
2 49 13
50 49
10 50 44 23 39 8 32 21 4 48 49
2 50 49
43 14
9 43 39 42 5 31 50 33 37 14
2 43 14
48 47
7 48 11 43 28 24 39 47
2 48 47
39 50
4 39 11 36 50
3 39 31 50
43 50
4 43 3 10 50
3 43 41 50
49 24
7 49 26 6 20 50 35 24
2 49 24
42 43
6 42 30 17 3 9 43
3 42 7 43
42 22
3 42 8 22
2 42 22
39 50
9 39 25 13 11 3 8 49 45 50
3 39 10 50
49 9
9 49 34 15 7 8 14 16 12 9
2 49 9
45 6
2 45 6
2 45 6
50 29
4 50 25 1 29
2 50 29
41 15
2 41 15
3 41 33 15
48 1
8 48 9 6 5 35 33 25 1
3 48 45 1
48 38
10 48 19 41 9 5 36 6 18 4 38
3 48 35 38
50 13
6 50 15 24 36 4 13
2 50 13
50 33
2 50 33
3 50 28 33
50 26
5 50 11 29 43 26
3 50 32 26
50 33
12 50 5 26 13 7 38 22 46 11 37 35 33
2 50 33
50 38
5 50 9 8 32 38
3 50 49 38
48 11
9 48 16 7 33 15 23 26 21 11
3 48 33 11
43 7
4 43 10 37 7
2 43 7
45 44
12 45 37 11 28 29 10 40 43 35 24 15 44
2 45 44
50 46
14 50 10 3 49 39 41 19 12 8 31 20 11 40 46
2 50 46
45 25
4 45 11 49 25
2 45 25
25 12
3 25 3 12
3 25 3 12
43 32
5 43 41 42 6 32
4 43 26 4 32
49 10
6 49 29 33 18 36 10
2 49 10
49 4
7 49 34 47 10 42 26 4
2 49 4
50 12
10 50 9 18 23 16 11 31 39 15 12
4 50 15 30 12
48 4
9 48 29 50 27 30 5 28 49 4
2 48 4
40 29
6 40 27 14 8 11 29
4 40 23 27 29
49 38
6 49 35 22 7 47 38
2 49 38
45 44
8 45 4 16 20 21 12 8 44
2 45 44
50 17
4 50 26 25 17
2 50 17
47 42
2 47 42
4 47 43 31 42
47 29
6 47 15 50 25 39 29
2 47 29
45 7
3 45 18 7
3 45 23 7
47 48
7 47 2 31 24 41 4 48
4 47 11 4 48
41 14
9 41 48 15 13 7 4 20 32 14
3 41 15 14
48 29
4 48 10 21 29
2 48 29
50 15
4 50 8 49 15
2 50 15
27 23
7 27 33 10 6 3 37 23
2 27 23
49 4
5 49 28 35 9 4
3 49 1 4
48 8
2 48 8
4 48 22 24 8
48 16
6 48 11 24 38 36 16
3 48 25 16
50 45
2 50 45
4 50 15 26 45
47 4
4 47 35 13 4
3 47 22 4
49 41
4 49 40 11 41
2 49 41
49 38
6 49 27 2 19 13 38
2 49 38
41 50
9 41 9 13 5 22 44 21 3 50
3 41 23 50
47 49
3 47 48 49
5 47 14 10 30 49
46 36
2 46 36
2 46 36
45 13
8 45 36 17 19 25 26 5 13
2 45 13
50 34
4 50 14 1 34
2 50 34
46 7
11 46 17 32 41 20 13 50 3 28 34 7
3 46 16 7
45 26
2 45 26
2 45 26
50 41
6 50 15 23 3 39 41
2 50 41
47 21
3 47 34 21
2 47 21
41 2
8 41 20 32 31 16 4 13 2
2 41 2
39 18
5 39 22 28 10 18
2 39 18
46 22
7 46 40 39 26 18 34 22
2 46 22
48 16
11 48 7 11 19 20 13 23 43 17 27 16
2 48 16
48 3
8 48 34 15 41 20 45 46 3
3 48 32 3
35 29
10 35 50 49 39 42 45 26 46 41 29
3 35 14 29
45 29
9 45 17 31 44 50 43 5 23 29
2 45 29
43 48
12 43 25 21 17 42 10 30 3 6 15 37 48
3 43 25 48
48 28
6 48 10 19 25 46 28
2 48 28
41 9
2 41 9
2 41 9
41 45
9 41 3 5 22 46 36 40 44 45
2 41 45
43 38
7 43 48 26 13 46 47 38
7 43 4 6 24 29 11 38
46 12
7 46 21 10 5 36 25 12
3 46 43 12
50 23
7 50 36 16 14 10 7 23
4 50 36 1 23
46 42
5 46 30 24 6 42
2 46 42
45 28
11 45 22 15 3 30 8 7 24 27 21 28
2 45 28
48 7
5 48 28 49 29 7
2 48 7
48 36
9 48 2 13 40 28 12 35 29 36
2 48 36
39 7
13 39 14 33 17 10 46 40 35 21 9 32 49 7
3 39 21 7
49 28
3 49 3 28
4 49 20 46 28
41 18
2 41 18
2 41 18
46 35
7 46 48 18 15 42 20 35
2 46 35
45 47
10 45 15 38 46 23 49 8 10 41 47
2 45 47
45 31
5 45 13 42 30 31
4 45 36 26 31
49 34
11 49 33 3 29 13 36 44 20 27 9 34
4 49 6 42 34
47 10
6 47 45 5 24 32 10
2 47 10
42 35
8 42 17 39 30 47 29 22 35
3 42 1 35
43 40
7 43 7 14 8 21 47 40
2 43 40
46 33
2 46 33
2 46 33
43 44
8 43 6 1 18 22 5 16 44
2 43 44
47 7
9 47 49 6 15 16 4 34 36 7
5 47 34 46 41 7
46 18
12 46 50 5 42 8 12 10 20 16 2 14 18
2 46 18
49 23
15 49 46 42 32 1 50 44 2 28 37 24 13 5 27 23
2 49 23
49 3
4 49 35 32 3
2 49 3
48 33
4 48 37 43 33
5 48 19 15 42 33
47 29
11 47 10 6 37 11 49 25 45 42 17 29
5 47 37 12 2 29
43 47
10 43 9 39 3 49 28 33 34 18 47
2 43 47
50 20
5 50 36 45 28 20
2 50 20
38 37
8 38 45 9 39 21 42 15 37
2 38 37
48 31
6 48 50 29 1 44 31
2 48 31
42 43
7 42 38 15 8 27 40 43
3 42 21 43
49 43
11 49 50 10 11 22 35 42 24 15 39 43
2 49 43
50 23
5 50 12 47 17 23
2 50 23
50 25
9 50 39 23 33 28 47 4 19 25
3 50 1 25
47 26
10 47 48 45 43 33 15 40 35 18 26
6 47 45 11 42 37 26
47 24
13 47 22 34 26 29 32 41 5 3 1 45 50 24
2 47 24
48 35
4 48 7 17 35
3 48 21 35
44 21
2 44 21
2 44 21
50 35
9 50 30 25 34 32 38 16 8 35
2 50 35
43 31
4 43 12 8 31
2 43 31
49 13
7 49 15 4 2 44 14 13
2 49 13
43 29
8 43 28 37 15 32 7 47 29
2 43 29
49 10
3 49 9 10
2 49 10
44 14
6 44 33 26 32 43 14
2 44 14
47 24
7 47 40 35 30 14 31 24
3 47 16 24
49 3
3 49 33 3
2 49 3
50 43
4 50 3 49 43
2 50 43
49 35
2 49 35
2 49 35
42 7
8 42 1 21 50 31 12 28 7
2 42 7
49 2
7 49 13 33 48 35 37 2
2 49 2
49 16
7 49 1 13 38 36 17 16
2 49 16
50 43
5 50 33 28 9 43
2 50 43
48 50
2 48 50
2 48 50
50 11
7 50 27 14 17 13 1 11
2 50 11
49 19
4 49 12 21 19
2 49 19
42 4
3 42 12 4
4 42 32 27 4
48 41
2 48 41
2 48 41
50 47
8 50 1 30 20 18 14 41 47
3 50 17 47
34 31
2 34 31
2 34 31
47 16
3 47 1 16
2 47 16
48 10
3 48 17 10
2 48 10
37 47
3 37 5 47
2 37 47
49 2
14 49 34 45 28 48 39 24 37 31 35 17 36 32 2
2 49 2
48 16
4 48 41 28 16
4 48 31 27 16
48 25
6 48 19 42 27 15 25
4 48 18 2 25
45 48
10 45 34 26 21 17 9 25 33 39 48
3 45 6 48
49 36
7 49 26 16 22 3 18 36
2 49 36
42 23
7 42 37 2 16 11 40 23
2 42 23
41 24
2 41 24
2 41 24
35 49
5 35 33 27 13 49
2 35 49
50 11
3 50 36 11
2 50 11
49 21
7 49 27 35 4 44 31 21
3 49 46 21
49 38
4 49 34 11 38
2 49 38
42 36
4 42 14 22 36
2 42 36
48 42
3 48 11 42
2 48 42
50 39
4 50 35 27 39
2 50 39
44 39
11 44 2 7 16 18 6 13 14 32 45 39
2 44 39
49 45
13 49 29 47 42 35 3 17 4 20 46 40 9 45
4 49 29 18 45
49 32
4 49 27 6 32
2 49 32
47 2
14 47 38 17 22 10 46 13 30 42 48 3 24 32 2
2 47 2
49 9
3 49 29 9
2 49 9
47 23
2 47 23
3 47 29 23
37 44
7 37 6 28 41 22 35 44
2 37 44
48 14
10 48 5 49 46 6 10 47 3 41 14
3 48 24 14
49 23
3 49 1 23
2 49 23
44 18
3 44 2 18
2 44 18
48 7
10 48 24 35 37 9 40 23 8 22 7
2 48 7
45 6
2 45 6
2 45 6
43 10
2 43 10
2 43 10
50 12
10 50 11 30 13 44 18 2 9 28 12
3 50 26 12
45 33
3 45 2 33
2 45 33
42 36
10 42 34 2 12 37 33 25 20 16 36
2 42 36
50 29
6 50 19 9 15 1 29
2 50 29
39 33
7 39 27 5 19 26 35 33
3 39 14 33
46 15
11 46 48 26 40 4 5 2 24 10 3 15
2 46 15
37 43
7 37 50 45 30 23 20 43
3 37 1 43
42 19
5 42 40 48 1 19
2 42 19
50 44
5 50 8 41 43 44
3 50 40 44
44 14
5 44 39 27 4 14
2 44 14
50 29
10 50 32 14 22 5 37 40 49 7 29
6 50 19 25 32 47 29
48 23
7 48 46 2 7 21 26 23
2 48 23
46 17
2 46 17
2 46 17
39 23
10 39 18 7 8 20 17 29 1 30 23
4 39 26 24 23
38 7
8 38 31 29 47 35 45 15 7
4 38 32 15 7
49 29
7 49 1 38 22 46 18 29
2 49 29
46 35
4 46 30 4 35
5 46 20 17 30 35
46 50
4 46 38 33 50
2 46 50
44 2
5 44 34 3 4 2
2 44 2
48 27
4 48 8 32 27
4 48 40 39 27
42 28
6 42 3 15 21 24 28
3 42 17 28
39 15
6 39 28 41 25 35 15
2 39 15
47 33
11 47 18 35 25 10 6 13 26 40 39 33
2 47 33
49 12
12 49 48 45 23 10 24 3 36 35 44 31 12
2 49 12
49 28
4 49 6 45 28
3 49 5 28
49 26
3 49 48 26
2 49 26
49 41
8 49 20 9 1 35 46 5 41
3 49 10 41
49 15
3 49 36 15
2 49 15
46 28
7 46 35 43 10 41 16 28
2 46 28
50 10
9 50 15 13 9 22 26 19 29 10
3 50 37 10
49 25
7 49 1 34 38 42 45 25
3 49 15 25
35 20
3 35 11 20
2 35 20
49 41
3 49 6 41
4 49 9 19 41
44 47
6 44 16 10 11 5 47
5 44 26 30 16 47
46 30
2 46 30
2 46 30
47 8
10 47 35 27 36 12 18 37 1 7 8
2 47 8
48 34
6 48 38 46 20 37 34
2 48 34
39 5
14 39 23 34 1 28 41 18 12 33 38 47 42 32 5
5 39 16 7 18 5
50 17
4 50 25 49 17
2 50 17
42 38
5 42 21 26 23 38
2 42 38
44 20
2 44 20
2 44 20
50 43
4 50 38 28 43
3 50 33 43
43 4
11 43 1 20 44 37 22 5 48 6 38 4
3 43 41 4
50 10
9 50 36 12 15 42 46 45 26 10
2 50 10
44 45
4 44 15 16 45
2 44 45
50 30
5 50 32 31 23 30
2 50 30
43 49
13 43 48 25 22 50 42 2 44 27 23 9 32 49
2 43 49
49 3
6 49 31 32 35 8 3
3 49 35 3
49 37
9 49 29 15 33 41 5 1 32 37
2 49 37
30 31
5 30 41 22 44 31
3 30 17 31
44 6
12 44 16 2 41 17 19 37 27 45 42 9 6
2 44 6
50 10
11 50 8 31 39 20 18 11 46 45 22 10
2 50 10
49 17
10 49 41 19 42 33 38 27 26 30 17
2 49 17
43 15
9 43 33 29 10 1 48 22 23 15
2 43 15
49 23
8 49 38 47 7 36 20 12 23
2 49 23
44 43
7 44 7 19 3 47 20 43
2 44 43
46 7
2 46 7
2 46 7
41 1
8 41 44 28 50 37 45 12 1
2 41 1
37 6
7 37 24 27 44 50 13 6
2 37 6
49 46
6 49 27 7 43 20 46
2 49 46
43 20
9 43 15 22 9 14 8 3 45 20
7 43 29 15 18 8 14 20
46 3
5 46 43 13 2 3
2 46 3
50 24
10 50 28 46 23 21 1 29 39 18 24
5 50 22 28 45 24
46 2
6 46 9 14 40 35 2
3 46 3 2
40 35
11 40 6 21 30 7 5 48 45 10 37 35
2 40 35
48 4
2 48 4
2 48 4
50 36
7 50 48 27 2 40 35 36
3 50 11 36
41 46
10 41 44 28 38 21 31 3 32 11 46
2 41 46
48 29
5 48 41 46 47 29
2 48 29
50 31
3 50 10 31
5 50 24 26 21 31
50 21
6 50 18 15 13 22 21
2 50 21
48 50
9 48 31 40 12 15 18 38 5 50
3 48 12 50
40 26
6 40 9 7 8 25 26
2 40 26
49 7
6 49 4 36 27 23 7
2 49 7
35 34
3 35 39 34
2 35 34
50 46
5 50 44 49 17 46
2 50 46
43 35
9 43 15 28 20 6 31 36 3 35
5 43 38 28 15 35
49 44
2 49 44
2 49 44
49 9
4 49 14 18 9
2 49 9
40 42
9 40 14 21 36 34 25 18 45 42
2 40 42
45 11
6 45 30 5 33 35 11
2 45 11
42 12
5 42 6 8 35 12
2 42 12
50 13
3 50 5 13
4 50 4 27 13
46 29
6 46 3 21 15 9 29
2 46 29
47 42
14 47 17 8 20 43 22 32 9 36 39 14 35 15 42
2 47 42
50 8
3 50 9 8
4 50 14 5 8
50 17
12 50 23 26 13 34 38 32 4 42 14 3 17
2 50 17
45 30
8 45 43 37 7 18 1 15 30
2 45 30
43 4
2 43 4
2 43 4
48 15
4 48 36 45 15
3 48 23 15
49 39
7 49 8 14 3 9 15 39
2 49 39
50 45
2 50 45
3 50 29 45
45 33
6 45 8 47 50 34 33
3 45 34 33
44 32
8 44 30 1 38 39 20 19 32
2 44 32
46 39
6 46 14 38 23 6 39
2 46 39
50 38
8 50 22 35 3 29 10 26 38
2 50 38
49 4
5 49 34 47 31 4
2 49 4
34 26
8 34 46 18 6 29 3 43 26
2 34 26
45 1
4 45 18 3 1
2 45 1
49 13
7 49 25 6 43 32 3 13
3 49 43 13
48 42
12 48 31 12 18 3 7 2 49 26 45 13 42
4 48 34 46 42
48 29
8 48 28 1 41 20 42 12 29
2 48 29
33 46
5 33 45 32 6 46
2 33 46
50 9
14 50 13 26 27 25 48 18 40 14 46 43 7 3 9
2 50 9
50 34
6 50 23 42 43 40 34
3 50 23 34
49 46
2 49 46
2 49 46
50 31
14 50 3 6 44 48 4 49 20 24 7 8 47 5 31
2 50 31
44 45
8 44 23 6 17 40 19 43 45
2 44 45
50 26
4 50 16 20 26
4 50 42 12 26
41 23
8 41 10 38 15 36 7 40 23
5 41 16 36 30 23
39 28
4 39 14 3 28
3 39 14 28
47 35
6 47 28 32 43 14 35
2 47 35
49 27
3 49 15 27
2 49 27
50 23
4 50 28 16 23
2 50 23
50 30
9 50 12 4 41 24 39 25 21 30
2 50 30
42 36
4 42 44 21 36
3 42 31 36
50 5
2 50 5
2 50 5
50 35
5 50 29 1 15 35
2 50 35
48 32
5 48 18 16 43 32
4 48 47 11 32
42 39
14 42 13 46 38 25 15 40 35 44 8 34 29 32 39
2 42 39
50 16
11 50 4 3 31 32 7 29 20 48 18 16
2 50 16
43 8
5 43 5 49 32 8
2 43 8
49 38
4 49 30 24 38
2 49 38
49 47
7 49 10 1 27 14 11 47
2 49 47
45 37
9 45 21 36 17 29 18 40 8 37
2 45 37
25 39
9 25 29 7 42 45 4 22 8 39
4 25 22 2 39
32 40
2 32 40
2 32 40
40 29
7 40 13 15 20 46 42 29
2 40 29
49 41
13 49 47 20 35 50 10 19 23 12 2 17 22 41
3 49 46 41
43 5
5 43 31 49 50 5
2 43 5
50 44
11 50 22 21 35 48 41 10 9 27 46 44
2 50 44
43 12
12 43 13 3 19 24 27 6 1 37 31 36 12
2 43 12
31 44
5 31 38 35 40 44
2 31 44
46 27
8 46 49 29 44 34 28 19 27
3 46 15 27
48 41
8 48 3 32 23 19 11 21 41
2 48 41
48 22
7 48 27 41 47 33 38 22
2 48 22
46 44
9 46 24 38 20 17 14 7 2 44
2 46 44
50 25
4 50 20 14 25
2 50 25
46 12
12 46 40 17 3 14 22 23 34 48 37 49 12
2 46 12
50 45
3 50 46 45
3 50 1 45
48 1
7 48 47 14 2 36 25 1
2 48 1
44 21
5 44 3 38 16 21
4 44 29 36 21
48 29
3 48 2 29
2 48 29
38 27
12 38 26 9 29 44 5 3 24 12 15 48 27
2 38 27
49 11
8 49 23 44 16 32 5 33 11
2 49 11
35 36
3 35 49 36
2 35 36
46 10
4 46 34 49 10
2 46 10
44 5
12 44 15 35 33 42 18 27 14 38 22 10 5
3 44 17 5
43 4
5 43 7 22 40 4
2 43 4
44 38
7 44 5 29 37 12 7 38
3 44 34 38
49 2
4 49 11 36 2
2 49 2
42 46
2 42 46
2 42 46
48 6
8 48 8 38 20 27 47 39 6
2 48 6
33 24
2 33 24
2 33 24
48 37
5 48 11 27 36 37
3 48 44 37
46 33
3 46 47 33
2 46 33
42 19
4 42 49 33 19
2 42 19
50 13
4 50 12 8 13
2 50 13
41 13
3 41 1 13
3 41 27 13
48 50
6 48 32 41 13 22 50
2 48 50
45 4
6 45 15 7 34 47 4
3 45 3 4
45 3
6 45 22 48 39 11 3
2 45 3
49 8
8 49 18 38 22 15 47 5 8
2 49 8
43 42
2 43 42
3 43 6 42
49 16
4 49 35 21 16
2 49 16
47 46
3 47 26 46
4 47 32 18 46
37 23
12 37 19 24 15 10 8 35 13 7 45 20 23
3 37 27 23
41 36
12 41 27 34 24 5 35 6 19 10 42 9 36
4 41 3 24 36
48 14
6 48 37 39 47 31 14
2 48 14
39 14
11 39 5 43 13 9 48 21 44 50 25 14
2 39 14
49 8
7 49 31 23 9 15 2 8
3 49 4 8
49 22
3 49 4 22
2 49 22
42 12
9 42 6 34 10 30 1 18 32 12
2 42 12
48 44
3 48 38 44
2 48 44
48 30
3 48 37 30
3 48 47 30
46 49
7 46 4 42 29 34 37 49
2 46 49
41 49
8 41 9 12 10 45 33 14 49
2 41 49
47 19
5 47 31 25 21 19
3 47 36 19
50 30
2 50 30
3 50 2 30
47 33
4 47 27 2 33
2 47 33
50 6
2 50 6
2 50 6
36 37
5 36 50 32 11 37
3 36 27 37
49 16
2 49 16
2 49 16
42 36
5 42 26 40 10 36
4 42 32 40 36
49 34
10 49 45 43 46 50 48 17 41 12 34
2 49 34
40 41
6 40 28 12 23 39 41
3 40 30 41
50 32
7 50 41 9 8 14 33 32
4 50 2 16 32
49 24
4 49 6 19 24
2 49 24
50 3
14 50 43 31 41 36 12 45 7 40 25 5 34 20 3
3 50 23 3
50 37
10 50 43 25 47 40 8 7 5 32 37
4 50 8 41 37
47 41
9 47 18 14 1 22 25 40 6 41
2 47 41
50 13
5 50 10 27 38 13
2 50 13
50 28
3 50 33 28
2 50 28
50 11
14 50 14 19 41 47 36 39 12 29 30 33 34 25 11
2 50 11
39 45
7 39 7 47 12 24 44 45
2 39 45
48 8
7 48 31 40 35 46 6 8
3 48 7 8
48 15
3 48 30 15
3 48 8 15
50 33
5 50 26 46 40 33
2 50 33
44 15
4 44 11 6 15
2 44 15
44 36
3 44 12 36
3 44 22 36
49 37
8 49 35 36 45 11 18 17 37
3 49 33 37
35 21
6 35 45 20 28 19 21
2 35 21
48 8
9 48 25 18 24 16 14 12 6 8
2 48 8
50 12
9 50 36 6 20 44 40 13 41 12
2 50 12
49 43
2 49 43
2 49 43
49 28
7 49 4 36 37 25 5 28
2 49 28
49 13
14 49 44 14 29 22 37 42 16 40 35 28 32 8 13
2 49 13
37 38
12 37 49 27 45 44 18 9 23 6 12 42 38
2 37 38
50 15
4 50 34 31 15
2 50 15
50 14
8 50 44 18 27 5 16 33 14
2 50 14
49 41
6 49 39 45 9 44 41
2 49 41
46 5
6 46 13 21 36 48 5
2 46 5
49 35
5 49 24 10 23 35
3 49 13 35
48 3
3 48 26 3
2 48 3
45 49
4 45 3 35 49
2 45 49
38 3
8 38 31 35 9 1 13 19 3
2 38 3
29 48
5 29 20 30 1 48
2 29 48
48 33
4 48 28 6 33
2 48 33
49 37
4 49 22 26 37
2 49 37
44 26
2 44 26
4 44 17 2 26
50 39
8 50 46 29 18 34 21 10 39
2 50 39
43 34
3 43 44 34
2 43 34
41 50
10 41 5 20 22 13 21 17 33 43 50
2 41 50
36 20
4 36 48 9 20
2 36 20
43 20
2 43 20
3 43 5 20
45 19
12 45 44 30 36 2 9 14 17 26 24 22 19
2 45 19
36 5
7 36 28 13 11 7 14 5
2 36 5
48 17
2 48 17
2 48 17
49 25
7 49 45 4 23 14 42 25
3 49 4 25
47 13
7 47 15 21 16 30 28 13
3 47 15 13
48 40
4 48 18 1 40
2 48 40
50 36
5 50 22 1 25 36
2 50 36
38 3
4 38 37 22 3
2 38 3
48 38
7 48 46 21 18 23 43 38
2 48 38
49 14
8 49 3 47 9 22 34 42 14
2 49 14
50 24
9 50 35 30 28 4 43 42 41 24
2 50 24
45 12
7 45 35 20 41 13 7 12
4 45 20 11 12
46 48
7 46 25 47 19 15 12 48
2 46 48
47 31
2 47 31
2 47 31
50 46
13 50 41 8 2 45 43 3 19 40 42 30 15 46
2 50 46
43 39
5 43 35 26 29 39
2 43 39
48 46
3 48 6 46
2 48 46
50 37
8 50 22 28 32 21 36 33 37
3 50 20 37
47 1
2 47 1
3 47 39 1
44 11
2 44 11
6 44 33 19 40 39 11
49 41
8 49 46 44 26 33 7 12 41
3 49 33 41
50 27
14 50 23 43 32 20 49 46 29 4 37 45 22 21 27
3 50 15 27
50 48
7 50 47 3 24 43 26 48
2 50 48
49 30
5 49 8 35 37 30
2 49 30
45 29
12 45 49 43 34 10 23 3 16 46 26 19 29
2 45 29
50 31
2 50 31
2 50 31
49 46
8 49 18 6 13 30 10 3 46
5 49 18 8 45 46
43 18
9 43 19 12 23 35 32 8 29 18
2 43 18
49 46
3 49 5 46
2 49 46
49 35
10 49 47 50 43 39 40 20 31 48 35
2 49 35
45 37
7 45 4 22 12 42 38 37
2 45 37
44 48
2 44 48
2 44 48
49 10
9 49 24 3 40 13 28 8 16 10
3 49 20 10
43 50
4 43 47 18 50
2 43 50
49 23
12 49 39 18 10 26 21 2 25 13 28 32 23
2 49 23
47 9
5 47 7 15 5 9
3 47 35 9
31 16
2 31 16
2 31 16
50 13
8 50 49 20 2 28 7 16 13
2 50 13
47 40
5 47 3 28 31 40
3 47 8 40
37 18
10 37 39 41 48 15 13 34 2 20 18
2 37 18
48 31
12 48 7 8 4 3 25 46 40 47 24 44 31
2 48 31
49 22
12 49 6 13 33 29 28 4 32 30 1 3 22
2 49 22
50 33
4 50 34 23 33
2 50 33
39 47
4 39 42 38 47
2 39 47
44 13
4 44 41 29 13
3 44 27 13
47 33
4 47 44 48 33
2 47 33
50 21
3 50 10 21
2 50 21
49 39
7 49 34 42 9 44 17 39
2 49 39
50 36
7 50 48 10 1 13 12 36
2 50 36
49 27
6 49 32 38 22 24 27
3 49 43 27
46 11
6 46 27 3 39 25 11
2 46 11
46 15
7 46 24 45 23 26 8 15
2 46 15
40 39
6 40 25 33 47 29 39
3 40 6 39
45 32
13 45 6 26 2 17 9 44 22 42 34 5 47 32
2 45 32
38 36
7 38 8 42 23 22 28 36
2 38 36
48 10
7 48 36 22 40 34 4 10
3 48 8 10
50 38
3 50 31 38
2 50 38
49 6
4 49 13 34 6
2 49 6
48 11
7 48 44 22 13 38 17 11
2 48 11
49 45
9 49 3 32 37 1 34 13 48 45
2 49 45
48 12
6 48 45 23 29 31 12
2 48 12
45 14
6 45 20 12 13 37 14
2 45 14
48 16
5 48 30 26 2 16
3 48 45 16
49 37
8 49 7 36 39 38 1 32 37
2 49 37
41 46
5 41 15 35 16 46
3 41 36 46
48 18
4 48 15 38 18
2 48 18
49 38
2 49 38
2 49 38
49 5
16 49 38 30 18 33 46 27 29 11 9 31 42 44 21 4 5
2 49 5
44 49
11 44 6 24 31 26 12 27 48 41 5 49
2 44 49
46 37
17 46 20 5 26 39 38 45 15 7 11 34 47 13 50 21 14 37
3 46 7 37
43 23
4 43 29 37 23
2 43 23
43 1
7 43 8 18 22 20 11 1
2 43 1
50 49
4 50 8 21 49
3 50 21 49
46 14
12 46 41 31 16 9 17 28 45 10 18 3 14
2 46 14
41 12
3 41 1 12
2 41 12
47 6
2 47 6
2 47 6
47 19
11 47 2 43 49 37 40 27 33 28 32 19
2 47 19
50 16
10 50 13 7 43 10 39 19 15 48 16
3 50 5 16
48 21
7 48 14 29 5 50 25 21
3 48 45 21
49 17
16 49 48 8 19 39 26 7 38 25 2 37 18 29 46 21 17
2 49 17
45 44
6 45 9 46 19 1 44
3 45 19 44
50 4
13 50 22 33 18 16 28 24 11 1 10 34 40 4
5 50 3 10 40 4
50 44
6 50 37 8 1 39 44
2 50 44
40 13
6 40 28 19 48 50 13
3 40 28 13
50 37
10 50 15 8 25 10 5 39 3 27 37
2 50 37
49 32
6 49 50 47 40 35 32
2 49 32
49 29
5 49 36 21 32 29
2 49 29
50 30
2 50 30
3 50 12 30
50 33
6 50 10 21 43 32 33
2 50 33
50 14
6 50 27 26 19 44 14
7 50 42 49 32 43 1 14
37 46
7 37 20 49 10 44 4 46
2 37 46
42 38
2 42 38
2 42 38
50 44
7 50 6 4 23 27 19 44
2 50 44
39 41
2 39 41
3 39 32 41
41 1
12 41 32 35 45 20 8 3 2 21 33 43 1
2 41 1
44 1
11 44 31 38 18 9 4 50 30 19 7 1
5 44 30 33 17 1
49 27
11 49 4 17 20 24 26 7 46 33 22 27
3 49 30 27
45 8
2 45 8
2 45 8
50 10
8 50 23 14 47 41 26 6 10
3 50 46 10
35 39
12 35 11 33 24 41 31 30 50 44 34 17 39
2 35 39
40 13
7 40 8 46 33 30 43 13
2 40 13
50 4
2 50 4
2 50 4
48 29
6 48 7 49 36 50 29
3 48 43 29
50 8
9 50 10 31 3 5 18 23 49 8
2 50 8
45 21
9 45 17 34 26 22 41 3 50 21
2 45 21
50 5
4 50 24 32 5
2 50 5
48 8
4 48 21 13 8
4 48 15 20 8
28 36
6 28 37 4 40 43 36
2 28 36
33 40
7 33 2 42 39 16 3 40
3 33 4 40
50 29
3 50 7 29
3 50 28 29
37 7
2 37 7
2 37 7
50 2
3 50 37 2
2 50 2
47 16
12 47 7 4 19 5 17 6 33 45 35 15 16
2 47 16
49 48
5 49 32 10 37 48
3 49 8 48
43 33
6 43 32 4 27 11 33
3 43 30 33
43 19
8 43 14 25 4 41 13 24 19
3 43 16 19
50 4
2 50 4
3 50 11 4
46 7
5 46 29 34 2 7
2 46 7
50 20
4 50 10 29 20
2 50 20
38 13
5 38 37 50 27 13
2 38 13
31 46
5 31 45 22 48 46
2 31 46
38 16
7 38 34 12 23 40 20 16
5 38 25 15 5 16
41 47
7 41 1 32 6 49 4 47
4 41 4 18 47
45 1
7 45 17 27 30 10 13 1
2 45 1
49 18
12 49 29 12 1 25 32 47 20 21 13 24 18
2 49 18
43 28
5 43 25 44 27 28
2 43 28
49 31
4 49 9 16 31
6 49 18 6 23 30 31
49 39
4 49 17 30 39
3 49 47 39
41 44
7 41 22 34 38 12 6 44
2 41 44
48 3
11 48 41 15 37 49 26 42 25 36 20 3
2 48 3
49 5
6 49 21 12 15 42 5
2 49 5
40 4
9 40 7 36 10 27 19 15 21 4
2 40 4
49 6
15 49 16 42 26 2 27 32 19 36 11 20 3 8 45 6
2 49 6
45 24
7 45 19 37 26 17 7 24
2 45 24
48 14
6 48 26 31 19 41 14
2 48 14
50 9
2 50 9
2 50 9
48 37
4 48 36 28 37
2 48 37
49 16
3 49 32 16
2 49 16
50 11
5 50 40 41 48 11
4 50 30 13 11
36 6
4 36 21 1 6
3 36 17 6
49 17
3 49 41 17
3 49 43 17
50 46
8 50 20 18 17 5 48 9 46
2 50 46
49 3
7 49 25 37 4 21 14 3
2 49 3
39 4
3 39 11 4
2 39 4
47 6
6 47 21 10 17 23 6
2 47 6
49 23
7 49 32 42 13 34 26 23
2 49 23
42 41
6 42 44 21 1 24 41
3 42 17 41
44 3
6 44 41 39 21 22 3
2 44 3
43 2
7 43 1 21 12 35 32 2
3 43 21 2
50 23
3 50 22 23
2 50 23
42 11
9 42 37 27 26 6 29 8 31 11
2 42 11
21 31
4 21 16 41 31
2 21 31
39 22
4 39 1 45 22
2 39 22
50 19
3 50 7 19
2 50 19
41 26
10 41 8 6 28 34 37 32 27 24 26
2 41 26
47 24
10 47 7 15 16 23 42 22 36 5 24
5 47 9 25 4 24
47 3
6 47 24 2 8 6 3
3 47 16 3
50 11
4 50 26 2 11
2 50 11
48 3
3 48 50 3
2 48 3
49 43
4 49 41 27 43
2 49 43
45 11
9 45 46 4 2 39 6 5 26 11
2 45 11
49 2
3 49 20 2
2 49 2
50 25
3 50 37 25
2 50 25
44 23
4 44 24 11 23
2 44 23
48 14
3 48 42 14
2 48 14
43 45
4 43 49 47 45
2 43 45
39 49
2 39 49
2 39 49
45 41
7 45 37 21 32 30 46 41
3 45 25 41
44 11
8 44 21 38 39 7 35 17 11
2 44 11
43 15
5 43 35 12 41 15
3 43 27 15
44 5
3 44 41 5
2 44 5
49 32
8 49 14 2 20 42 39 44 32
2 49 32
47 10
8 47 42 20 27 36 7 39 10
2 47 10
48 33
7 48 44 22 2 9 27 33
2 48 33
30 22
6 30 46 16 40 1 22
2 30 22
50 18
9 50 9 36 19 41 34 20 43 18
2 50 18
40 32
15 40 10 21 43 33 9 48 27 13 6 37 45 50 44 32
3 40 9 32
49 41
7 49 29 17 6 1 50 41
2 49 41
50 12
4 50 28 31 12
2 50 12
50 26
2 50 26
2 50 26
38 45
2 38 45
2 38 45
32 38
7 32 29 17 20 26 30 38
2 32 38
50 10
8 50 36 24 34 35 42 5 10
2 50 10
40 10
3 40 38 10
2 40 10
47 19
5 47 22 10 20 19
2 47 19
45 10
5 45 21 47 24 10
2 45 10
47 22
12 47 15 27 16 29 43 36 33 35 44 11 22
2 47 22
36 16
5 36 46 44 9 16
4 36 4 14 16
44 11
2 44 11
2 44 11
47 44
17 47 22 21 1 2 11 30 36 23 18 42 10 24 28 49 26 44
2 47 44
46 3
4 46 11 12 3
2 46 3
49 45
9 49 33 24 9 4 34 47 17 45
2 49 45
50 10
4 50 27 18 10
2 50 10
45 7
5 45 43 13 42 7
2 45 7
34 44
6 34 31 20 1 33 44
2 34 44
43 29
7 43 48 4 23 20 22 29
2 43 29
46 25
3 46 9 25
3 46 41 25
48 5
5 48 9 45 8 5
2 48 5
44 1
6 44 5 10 24 3 1
2 44 1
48 32
12 48 38 23 47 17 3 9 45 10 30 28 32
2 48 32
48 34
2 48 34
2 48 34
29 35
2 29 35
3 29 11 35
46 49
13 46 45 14 32 33 8 43 23 3 48 12 9 49
2 46 49
45 39
12 45 10 34 21 50 12 31 1 13 14 28 39
2 45 39
48 21
15 48 35 44 16 42 28 15 41 12 2 3 27 25 30 21
2 48 21
44 27
5 44 48 45 17 27
3 44 9 27
47 23
6 47 15 39 1 49 23
2 47 23
50 16
7 50 30 39 38 20 5 16
2 50 16
49 28
4 49 18 11 28
3 49 48 28
50 36
4 50 28 1 36
3 50 15 36
36 38
2 36 38
2 36 38
46 44
11 46 20 34 8 6 19 49 37 10 2 44
2 46 44
50 16
7 50 32 47 23 35 42 16
3 50 47 16
50 24
7 50 7 26 4 16 32 24
2 50 24
46 39
16 46 16 19 26 18 11 6 50 44 33 43 12 25 8 32 39
2 46 39
46 19
5 46 37 11 1 19
2 46 19
47 43
2 47 43
2 47 43
43 37
2 43 37
2 43 37
50 36
8 50 2 10 12 42 49 39 36
2 50 36
50 45
4 50 30 49 45
3 50 25 45
44 41
17 44 11 25 9 26 48 31 8 23 49 47 20 33 6 50 19 41
2 44 41
46 5
3 46 1 5
2 46 5
46 19
7 46 35 25 3 11 23 19
2 46 19
50 13
11 50 29 3 17 26 9 21 15 11 7 13
2 50 13
49 21
2 49 21
2 49 21
49 1
8 49 24 8 38 4 15 41 1
3 49 38 1
47 33
2 47 33
2 47 33
49 13
9 49 21 29 38 30 40 27 9 13
2 49 13
43 18
6 43 38 42 34 23 18
2 43 18
48 40
9 48 28 23 38 47 21 50 17 40
2 48 40
46 27
5 46 49 30 25 27
2 46 27
50 6
2 50 6
2 50 6
50 38
7 50 29 45 31 30 25 38
2 50 38
38 40
4 38 24 48 40
2 38 40
47 18
7 47 7 8 32 9 1 18
3 47 26 18
45 38
8 45 44 39 22 50 8 37 38
2 45 38
49 16
7 49 6 9 14 7 20 16
2 49 16
43 29
7 43 42 31 20 1 7 29
2 43 29
50 15
9 50 23 31 1 25 38 17 21 15
3 50 14 15
47 10
6 47 3 30 23 35 10
4 47 7 41 10
42 29
12 42 50 47 40 20 39 5 11 31 36 2 29
4 42 17 33 29
50 15
3 50 39 15
2 50 15
50 32
2 50 32
3 50 47 32
44 46
6 44 2 18 32 37 46
3 44 11 46
44 2
10 44 9 5 8 22 15 30 50 45 2
2 44 2
40 30
6 40 37 38 17 8 30
2 40 30
50 8
6 50 38 6 27 41 8
2 50 8
49 23
10 49 11 1 13 50 12 38 48 14 23
5 49 44 42 17 23
36 25
6 36 10 13 23 4 25
3 36 9 25
49 46
6 49 27 25 38 3 46
2 49 46
49 23
7 49 22 9 28 21 10 23
3 49 11 23
47 8
5 47 15 39 5 8
2 47 8
50 21
14 50 24 31 25 30 12 18 8 40 41 36 45 48 21
3 50 48 21
37 39
7 37 46 14 24 40 32 39
2 37 39
49 21
7 49 24 23 4 8 22 21
3 49 25 21
50 13
6 50 44 33 39 35 13
2 50 13
46 31
11 46 40 13 20 35 34 21 29 1 33 31
3 46 20 31
47 38
10 47 37 11 15 4 49 23 48 40 38
2 47 38
49 48
7 49 42 46 21 14 36 48
3 49 17 48
47 15
2 47 15
4 47 6 13 15
50 12
4 50 46 37 12
2 50 12
48 17
8 48 13 43 50 16 15 39 17
5 48 25 19 13 17
50 32
4 50 7 13 32
3 50 26 32
41 10
2 41 10
3 41 20 10
48 36
5 48 6 26 42 36
2 48 36
49 34
4 49 11 39 34
2 49 34
46 13
3 46 50 13
2 46 13
49 20
2 49 20
2 49 20
46 44
7 46 23 37 19 20 30 44
3 46 21 44
50 42
14 50 41 24 9 16 5 45 32 12 48 20 47 25 42
3 50 22 42
43 35
11 43 9 26 14 3 2 27 24 6 16 35
2 43 35
47 11
7 47 12 6 34 16 46 11
2 47 11
50 9
9 50 11 16 42 41 26 48 45 9
2 50 9
45 37
8 45 14 21 38 20 17 33 37
3 45 14 37
35 19
15 35 11 43 33 8 32 1 28 14 2 42 5 6 39 19
2 35 19
50 35
9 50 34 15 27 31 13 39 6 35
2 50 35
50 10
6 50 15 49 26 43 10
3 50 43 10
49 30
3 49 23 30
2 49 30
46 35
7 46 19 18 38 49 42 35
2 46 35
40 33
3 40 24 33
2 40 33
45 31
3 45 47 31
2 45 31
47 45
9 47 33 3 40 8 18 31 37 45
4 47 43 40 45
49 46
7 49 15 34 30 47 5 46
2 49 46
39 42
6 39 17 25 15 3 42
2 39 42
47 25
2 47 25
2 47 25
50 8
3 50 17 8
2 50 8
47 11
8 47 5 49 44 45 15 21 11
3 47 45 11
50 5
10 50 10 20 4 26 19 8 32 2 5
3 50 11 5
48 36
7 48 26 4 17 37 25 36
2 48 36
41 9
5 41 23 19 47 9
2 41 9
45 5
2 45 5
2 45 5
47 24
13 47 14 42 1 35 11 9 6 4 21 50 28 24
2 47 24
42 44
11 42 49 31 43 6 27 20 37 19 40 44
2 42 44
48 18
8 48 9 34 20 50 33 29 18
2 48 18
49 42
2 49 42
2 49 42
50 17
9 50 10 16 7 31 18 37 48 17
2 50 17
48 5
6 48 21 17 23 43 5
3 48 18 5
48 29
2 48 29
2 48 29
45 48
8 45 7 27 49 38 10 15 48
4 45 25 39 48
47 24
5 47 3 20 17 24
3 47 23 24
50 47
14 50 2 12 38 49 20 19 27 22 43 30 37 33 47
3 50 19 47
48 33
7 48 26 18 41 42 7 33
2 48 33
40 11
4 40 20 29 11
2 40 11
35 4
8 35 44 23 33 37 9 13 4
3 35 12 4
47 13
6 47 3 24 33 22 13
2 47 13
45 27
2 45 27
2 45 27
47 24
2 47 24
2 47 24
48 31
8 48 29 50 23 36 39 30 31
4 48 25 30 31
47 22
8 47 48 30 3 49 43 5 22
3 47 32 22
49 23
11 49 10 18 14 16 30 8 1 12 41 23
3 49 8 23
50 25
8 50 36 41 37 35 20 46 25
2 50 25
50 10
6 50 37 36 2 33 10
2 50 10
43 2
5 43 4 41 34 2
3 43 15 2
49 42
9 49 18 9 34 37 46 35 44 42
2 49 42
49 3
7 49 7 4 23 19 24 3
2 49 3
50 42
2 50 42
2 50 42
37 38
3 37 28 38
2 37 38
44 24
7 44 47 48 46 34 26 24
2 44 24
24 42
9 24 17 19 43 48 44 13 7 42
5 24 15 20 4 42
44 13
7 44 24 36 7 5 26 13
3 44 9 13
45 48
7 45 3 50 31 4 28 48
4 45 36 20 48
46 40
10 46 9 33 36 28 39 45 10 27 40
2 46 40
48 23
9 48 10 36 26 27 4 9 1 23
3 48 10 23
49 39
10 49 37 45 2 46 5 40 20 43 39
2 49 39
45 41
10 45 23 32 21 48 24 2 5 16 41
3 45 37 41
49 50
14 49 36 23 14 45 47 42 32 19 27 9 16 10 50
2 49 50
45 48
11 45 4 41 32 42 13 9 6 20 7 48
2 45 48
48 12
5 48 21 6 13 12
2 48 12
47 20
3 47 35 20
2 47 20
49 36
3 49 21 36
2 49 36
46 18
9 46 49 42 25 15 28 21 10 18
4 46 39 28 18
45 43
11 45 5 35 23 47 48 30 14 32 22 43
3 45 27 43
37 48
11 37 18 24 45 33 9 30 7 10 38 48
2 37 48
49 26
4 49 20 10 26
2 49 26
48 4
8 48 22 15 29 25 41 50 4
2 48 4
49 24
3 49 42 24
3 49 16 24
49 34
8 49 45 27 31 5 25 24 34
4 49 18 13 34
50 38
4 50 36 10 38
2 50 38
48 32
3 48 11 32
3 48 8 32
49 46
3 49 29 46
3 49 27 46
45 47
7 45 46 22 21 48 40 47
2 45 47
50 7
6 50 37 26 6 5 7
2 50 7
49 43
3 49 27 43
2 49 43
50 10
3 50 29 10
2 50 10
45 16
9 45 27 40 3 6 12 1 25 16
3 45 34 16
49 3
9 49 38 39 43 2 50 29 28 3
3 49 44 3
50 23
12 50 25 34 24 44 43 14 46 4 3 26 23
2 50 23
43 28
13 43 25 41 32 19 10 9 30 3 11 12 24 28
4 43 9 30 28
48 15
6 48 33 4 34 30 15
2 48 15
49 29
5 49 42 11 34 29
2 49 29
49 19
9 49 4 37 3 30 29 44 22 19
3 49 42 19
20 24
13 20 37 17 50 6 27 31 14 38 8 28 36 24
2 20 24
42 14
4 42 34 18 14
4 42 30 23 14
50 27
3 50 8 27
4 50 2 23 27
42 7
11 42 47 28 49 40 14 48 41 9 38 7
2 42 7
48 39
6 48 15 10 37 9 39
2 48 39
47 27
4 47 44 43 27
2 47 27
40 37
9 40 9 20 17 7 26 19 6 37
2 40 37
47 38
2 47 38
2 47 38
47 13
2 47 13
2 47 13
47 22
4 47 50 24 22
2 47 22
50 7
7 50 19 5 8 20 34 7
2 50 7
47 13
2 47 13
2 47 13
44 50
4 44 32 11 50
2 44 50
50 44
4 50 13 22 44
2 50 44
42 20
6 42 33 31 14 4 20
2 42 20
46 37
4 46 23 43 37
3 46 10 37
50 24
8 50 41 38 19 12 6 14 24
2 50 24
47 11
8 47 24 43 45 40 38 15 11
2 47 11
45 17
8 45 25 2 44 40 23 20 17
2 45 17
48 47
4 48 8 24 47
3 48 18 47
47 41
3 47 15 41
5 47 36 23 15 41
47 11
3 47 16 11
4 47 29 18 11
48 40
12 48 25 10 31 30 2 27 44 18 43 36 40
3 48 7 40
48 2
2 48 2
2 48 2
50 18
11 50 19 33 41 40 46 27 36 43 24 18
2 50 18
40 25
6 40 5 39 43 50 25
2 40 25
33 50
7 33 47 30 34 45 32 50
2 33 50
45 42
5 45 9 43 5 42
2 45 42
43 33
7 43 10 28 47 21 36 33
3 43 5 33
45 18
10 45 29 44 20 14 3 35 46 31 18
2 45 18
49 30
7 49 22 24 47 21 11 30
2 49 30
45 31
7 45 35 26 5 36 29 31
2 45 31
48 16
10 48 31 24 3 4 34 11 13 5 16
3 48 40 16
46 20
11 46 24 19 15 27 48 40 17 38 23 20
3 46 9 20
50 27
4 50 11 42 27
2 50 27
49 24
3 49 4 24
2 49 24
49 32
5 49 29 13 18 32
3 49 7 32
48 18
6 48 28 26 29 46 18
2 48 18
45 15
9 45 46 24 28 19 32 26 3 15
2 45 15
45 47
13 45 43 19 17 44 28 34 38 15 48 21 33 47
2 45 47
50 39
5 50 24 46 14 39
3 50 24 39
50 24
5 50 13 9 33 24
4 50 16 22 24
46 45
10 46 33 2 24 48 15 30 28 1 45
2 46 45
48 8
4 48 1 26 8
2 48 8
43 9
8 43 45 50 34 49 39 24 9
4 43 16 39 9
41 46
4 41 16 4 46
2 41 46
49 7
9 49 11 43 5 31 13 18 34 7
3 49 20 7
43 44
11 43 31 35 28 45 32 8 33 19 25 44
2 43 44
48 44
12 48 26 41 35 47 37 9 4 20 11 5 44
2 48 44
44 19
20 44 1 49 22 13 46 32 16 18 38 2 29 6 42 9 40 28 39 43 19
3 44 9 19
48 18
8 48 47 3 31 24 11 33 18
3 48 12 18
49 22
8 49 11 26 37 4 16 32 22
3 49 25 22
48 4
2 48 4
2 48 4
47 12
5 47 11 29 50 12
2 47 12
46 6
13 46 38 43 22 50 8 32 26 3 15 9 12 6
3 46 33 6
49 4
3 49 48 4
2 49 4
50 43
7 50 6 34 13 38 45 43
3 50 42 43
50 3
5 50 30 42 43 3
2 50 3
50 43
3 50 1 43
2 50 43
47 49
11 47 37 29 3 30 9 36 23 25 35 49
2 47 49
46 18
6 46 16 20 11 47 18
2 46 18
47 24
6 47 2 36 42 35 24
3 47 34 24
49 23
14 49 28 4 11 18 44 25 38 20 34 31 17 8 23
2 49 23
44 27
5 44 33 21 6 27
2 44 27
49 17
10 49 9 31 12 38 50 43 19 33 17
2 49 17
44 41
10 44 2 10 11 5 13 33 43 32 41
2 44 41
40 6
9 40 33 7 19 32 3 46 27 6
4 40 13 18 6
47 4
7 47 3 44 38 13 32 4
5 47 5 9 32 4
47 29
10 47 14 45 20 44 36 7 6 27 29
2 47 29
50 24
2 50 24
2 50 24
48 45
8 48 43 26 47 36 7 38 45
2 48 45
46 44
9 46 13 38 41 28 42 14 47 44
4 46 41 25 44
48 34
4 48 38 25 34
2 48 34
50 27
14 50 36 49 32 15 25 19 35 43 16 1 21 33 27
2 50 27
45 3
4 45 40 13 3
2 45 3
49 6
7 49 17 38 45 21 37 6
3 49 22 6
49 29
7 49 2 8 1 45 48 29
2 49 29
45 48
2 45 48
2 45 48
48 28
5 48 11 40 13 28
5 48 7 38 47 28
48 39
2 48 39
2 48 39
48 10
12 48 2 31 45 22 39 14 35 27 46 29 10
2 48 10
49 24
5 49 40 17 46 24
3 49 44 24
48 25
4 48 14 44 25
4 48 29 30 25
48 39
5 48 47 26 50 39
2 48 39
48 15
4 48 28 23 15
4 48 34 5 15
47 5
8 47 32 27 9 13 20 45 5
4 47 39 29 5
39 31
7 39 26 46 40 2 20 31
2 39 31
43 4
12 43 3 40 20 2 6 37 5 30 27 23 4
3 43 37 4
48 46
3 48 17 46
2 48 46
47 13
4 47 25 21 13
2 47 13
42 1
7 42 30 45 40 32 10 1
2 42 1
49 30
3 49 3 30
2 49 30
49 19
7 49 4 8 42 18 3 19
2 49 19
46 1
4 46 25 41 1
2 46 1
50 17
8 50 22 13 24 27 16 18 17
2 50 17
31 41
8 31 34 16 6 27 30 28 41
2 31 41
50 6
7 50 2 5 44 48 14 6
2 50 6
45 10
5 45 48 42 8 10
2 45 10
27 44
4 27 9 41 44
2 27 44
42 13
4 42 40 6 13
2 42 13
46 22
11 46 47 43 42 11 13 25 29 10 40 22
4 46 33 10 22
50 11
5 50 19 39 46 11
3 50 30 11
48 7
10 48 9 31 35 37 6 47 45 8 7
2 48 7
42 12
6 42 46 13 24 44 12
2 42 12
48 12
10 48 14 9 42 5 6 7 40 15 12
4 48 39 10 12
46 28
3 46 35 28
2 46 28
45 39
7 45 30 2 9 7 5 39
4 45 26 4 39
50 35
10 50 14 8 41 42 34 47 39 24 35
2 50 35
42 5
7 42 48 7 39 19 8 5
2 42 5
50 18
7 50 26 11 6 23 43 18
2 50 18
50 15
11 50 9 7 6 46 41 21 43 38 13 15
3 50 39 15
40 14
13 40 24 21 8 19 43 28 45 6 11 35 7 14
2 40 14
50 47
6 50 7 20 23 48 47
2 50 47
45 28
3 45 3 28
2 45 28
43 32
12 43 15 23 40 34 39 4 42 38 11 45 32
2 43 32
47 24
9 47 13 4 18 10 21 27 7 24
2 47 24
47 37
6 47 20 23 24 38 37
4 47 12 34 37
40 10
2 40 10
2 40 10
40 36
3 40 9 36
2 40 36
38 40
3 38 2 40
2 38 40
50 6
5 50 34 47 28 6
2 50 6
49 32
4 49 48 39 32
3 49 27 32
48 50
5 48 5 14 9 50
2 48 50
46 41
15 46 18 17 12 22 20 14 16 1 50 21 30 10 48 41
2 46 41
49 19
5 49 3 11 9 19
2 49 19
49 34
5 49 35 42 18 34
4 49 38 3 34
40 19
4 40 18 14 19
2 40 19
45 22
5 45 36 13 7 22
2 45 22
46 22
11 46 9 16 33 3 32 20 24 4 8 22
2 46 22
49 36
4 49 7 25 36
2 49 36
45 13
6 45 36 24 50 34 13
2 45 13
50 41
7 50 2 43 30 38 34 41
2 50 41
48 5
10 48 33 21 41 15 3 1 28 29 5
2 48 5
48 10
3 48 21 10
2 48 10
46 11
4 46 47 45 11
2 46 11
50 5
11 50 28 26 2 22 19 9 33 8 45 5
2 50 5
49 12
5 49 34 29 27 12
2 49 12
45 50
3 45 7 50
3 45 25 50
49 32
5 49 14 8 28 32
2 49 32
48 28
8 48 43 6 26 10 25 5 28
3 48 10 28
46 21
9 46 7 49 31 32 37 48 13 21
2 46 21
47 11
9 47 20 40 46 28 42 13 5 11
2 47 11
45 16
5 45 31 18 10 16
2 45 16
37 36
9 37 7 13 11 16 14 12 1 36
2 37 36
43 18
14 43 24 8 10 41 4 26 14 30 25 17 36 5 18
2 43 18
39 35
3 39 1 35
2 39 35
46 26
4 46 44 50 26
2 46 26
43 28
13 43 49 48 20 16 38 35 1 10 9 34 27 28
4 43 22 42 28
49 32
2 49 32
4 49 43 19 32
49 7
5 49 2 5 17 7
2 49 7
49 20
4 49 35 7 20
3 49 35 20
50 19
13 50 6 31 9 15 13 22 33 12 48 2 27 19
3 50 26 19
39 19
6 39 35 31 6 18 19
3 39 37 19
25 43
3 25 3 43
4 25 8 19 43
39 41
4 39 20 30 41
2 39 41
50 35
2 50 35
2 50 35
44 35
8 44 43 13 7 2 19 39 35
3 44 41 35
47 25
15 47 29 24 36 39 17 26 46 31 1 18 27 2 11 25
3 47 22 25
50 23
5 50 9 37 15 23
3 50 9 23
34 47
6 34 13 31 19 43 47
2 34 47
33 41
8 33 18 29 43 11 28 8 41
2 33 41
37 3
8 37 13 14 32 47 10 33 3
3 37 11 3
46 22
6 46 31 32 12 24 22
2 46 22
33 38
10 33 1 34 48 17 29 44 43 5 38
3 33 11 38
48 26
10 48 15 17 29 50 1 9 25 41 26
2 48 26
47 3
3 47 14 3
2 47 3
36 26
7 36 43 2 16 45 32 26
2 36 26
49 40
7 49 22 45 9 15 17 40
2 49 40
47 40
4 47 9 26 40
3 47 14 40
36 43
5 36 27 30 23 43
3 36 15 43
32 4
7 32 22 11 7 41 16 4
2 32 4
50 43
8 50 46 40 36 7 2 3 43
2 50 43
41 47
2 41 47
3 41 27 47
44 10
4 44 22 39 10
3 44 32 10
49 40
8 49 17 12 4 45 25 46 40
3 49 21 40
49 42
7 49 45 11 18 4 37 42
2 49 42
45 39
6 45 25 1 22 6 39
2 45 39
50 40
5 50 31 32 29 40
6 50 48 20 49 46 40
48 5
4 48 29 15 5
2 48 5
47 24
3 47 23 24
2 47 24
39 26
3 39 4 26
5 39 7 29 27 26
47 2
4 47 32 15 2
3 47 33 2
47 46
9 47 16 42 28 25 48 6 33 46
2 47 46
46 33
4 46 40 6 33
2 46 33
42 50
14 42 2 17 26 28 40 4 39 37 19 31 41 10 50
2 42 50
41 40
6 41 11 42 50 45 40
3 41 28 40
47 12
9 47 13 45 34 16 11 8 5 12
2 47 12
44 30
8 44 24 26 9 42 11 3 30
2 44 30
48 21
10 48 39 1 10 40 9 30 28 12 21
2 48 21
50 32
5 50 22 9 18 32
3 50 33 32
48 8
2 48 8
5 48 38 37 20 8
41 20
2 41 20
3 41 6 20
44 20
8 44 45 48 27 31 5 11 20
2 44 20
35 43
3 35 11 43
3 35 4 43
45 1
14 45 13 20 22 49 29 39 9 6 43 42 10 7 1
2 45 1
44 35
5 44 1 38 13 35
3 44 15 35
47 45
4 47 9 5 45
3 47 5 45
50 14
4 50 38 4 14
3 50 29 14
46 3
11 46 33 7 44 22 30 38 15 31 8 3
4 46 24 26 3
42 11
2 42 11
2 42 11
42 36
5 42 21 1 6 36
2 42 36
43 28
5 43 42 29 3 28
3 43 42 28
39 2
8 39 7 42 35 20 37 48 2
3 39 26 2
35 27
2 35 27
2 35 27
46 10
7 46 4 25 1 7 40 10
4 46 6 1 10
50 46
7 50 13 43 37 27 5 46
4 50 36 34 46
48 46
6 48 3 14 11 19 46
2 48 46
41 35
10 41 18 6 23 13 36 17 16 27 35
2 41 35
50 1
2 50 1
2 50 1
47 19
4 47 28 35 19
2 47 19
47 4
11 47 30 6 50 29 42 14 17 27 22 4
2 47 4
48 46
12 48 43 35 9 29 32 42 44 7 25 18 46
3 48 25 46
49 1
9 49 6 34 40 12 19 4 3 1
2 49 1
48 13
4 48 19 11 13
2 48 13
50 42
3 50 40 42
2 50 42
50 1
8 50 28 18 35 26 29 38 1
2 50 1
48 25
7 48 16 42 36 5 20 25
2 48 25
38 49
11 38 44 17 11 16 31 27 26 24 40 49
2 38 49
48 39
8 48 23 12 50 34 5 35 39
2 48 39
33 22
5 33 39 42 31 22
2 33 22
50 48
8 50 3 9 11 15 5 7 48
2 50 48
47 6
3 47 17 6
4 47 4 29 6
46 19
7 46 31 13 17 25 21 19
2 46 19
48 42
10 48 4 1 9 15 44 45 25 26 42
3 48 31 42
50 34
6 50 46 40 37 21 34
2 50 34
41 16
16 41 7 49 3 5 34 24 18 26 45 13 20 32 9 44 16
3 41 37 16
47 50
3 47 36 50
2 47 50
50 29
2 50 29
2 50 29
47 26
10 47 38 39 24 19 29 49 32 40 26
2 47 26
50 44
13 50 5 28 47 21 18 20 45 3 36 30 40 44
2 50 44
49 1
10 49 25 39 28 46 9 33 29 32 1
3 49 20 1
44 13
5 44 35 10 3 13
2 44 13
47 19
3 47 37 19
2 47 19
37 19
12 37 36 6 8 15 45 13 43 40 11 14 19
2 37 19
47 40
4 47 6 2 40
3 47 6 40
50 10
11 50 33 30 32 49 8 14 46 36 31 10
2 50 10
50 3
8 50 25 20 36 23 38 37 3
4 50 42 37 3
46 14
5 46 8 28 2 14
2 46 14
49 1
7 49 14 30 34 11 9 1
3 49 30 1
45 44
8 45 12 15 41 30 32 11 44
3 45 30 44
49 30
7 49 20 3 13 25 29 30
2 49 30
45 1
8 45 31 38 23 37 47 22 1
3 45 38 1
42 33
5 42 3 50 22 33
2 42 33
49 15
6 49 23 40 9 25 15
2 49 15
46 32
2 46 32
2 46 32
34 16
16 34 12 10 48 20 26 2 47 1 45 40 19 23 24 21 16
2 34 16
47 35
6 47 3 39 1 43 35
2 47 35
45 7
6 45 11 6 28 23 7
2 45 7
50 2
5 50 47 20 6 2
2 50 2
47 5
6 47 24 45 32 34 5
2 47 5
50 39
5 50 28 17 29 39
3 50 35 39
48 36
6 48 33 21 7 19 36
3 48 40 36
41 44
10 41 39 3 29 22 27 17 36 24 44
3 41 19 44
48 5
5 48 26 6 16 5
2 48 5
48 37
7 48 5 30 44 41 35 37
2 48 37
48 47
5 48 6 29 1 47
2 48 47
27 15
9 27 22 30 26 49 23 13 25 15
2 27 15
42 12
7 42 44 26 36 33 24 12
5 42 6 41 26 12
44 11
4 44 4 37 11
3 44 39 11
50 37
9 50 24 18 36 12 19 5 29 37
2 50 37
50 4
4 50 44 1 4
2 50 4
50 32
5 50 22 14 40 32
2 50 32
41 29
8 41 14 6 33 16 39 24 29
3 41 12 29
49 18
9 49 25 37 38 46 42 1 7 18
4 49 11 3 18
48 2
10 48 23 10 16 26 15 34 35 49 2
3 48 18 2
45 7
2 45 7
2 45 7
44 48
2 44 48
2 44 48
46 20
3 46 47 20
2 46 20
48 5
4 48 45 25 5
2 48 5
34 5
4 34 4 8 5
2 34 5
47 10
9 47 45 24 50 18 21 6 30 10
3 47 14 10
50 44
6 50 34 32 12 20 44
2 50 44
47 25
4 47 14 30 25
3 47 28 25
48 12
10 48 20 3 41 49 4 25 24 35 12
2 48 12
50 14
9 50 43 35 46 13 47 40 48 14
2 50 14
45 29
11 45 23 8 38 35 37 25 16 1 48 29
3 45 32 29
48 38
4 48 30 45 38
2 48 38
46 36
8 46 38 39 7 29 41 42 36
2 46 36
49 26
11 49 50 45 34 43 12 46 3 14 11 26
2 49 26
50 45
6 50 38 24 42 19 45
2 50 45
49 47
7 49 4 32 50 30 5 47
3 49 31 47
50 16
10 50 27 30 1 5 25 46 32 2 16
5 50 2 18 5 16
46 33
3 46 40 33
4 46 28 24 33
48 2
2 48 2
2 48 2
50 22
13 50 21 8 44 25 32 1 30 48 26 11 9 22
2 50 22
50 44
13 50 25 1 12 26 33 19 3 15 43 8 9 44
2 50 44
46 30
7 46 41 26 47 19 45 30
4 46 13 22 30
23 31
7 23 46 27 5 11 45 31
2 23 31
46 1
2 46 1
2 46 1
38 20
15 38 50 33 4 37 5 19 36 41 40 2 34 26 30 20
2 38 20
40 33
8 40 9 43 37 10 4 27 33
2 40 33
45 47
3 45 40 47
2 45 47
47 32
7 47 34 10 35 17 19 32
2 47 32
50 25
3 50 3 25
3 50 27 25
49 2
4 49 37 25 2
3 49 43 2
48 29
6 48 16 33 42 20 29
3 48 27 29
41 8
8 41 14 3 7 29 27 13 8
2 41 8
40 11
10 40 43 34 9 23 49 4 30 14 11
3 40 2 11
48 28
2 48 28
2 48 28
50 44
3 50 40 44
4 50 13 4 44
50 17
7 50 41 18 24 47 2 17
2 50 17
48 13
8 48 12 38 31 42 45 30 13
3 48 12 13
36 38
8 36 41 19 9 47 6 31 38
2 36 38
50 29
8 50 1 44 45 5 21 37 29
4 50 5 1 29
46 33
13 46 37 34 40 45 18 14 12 31 49 47 4 33
4 46 21 43 33
43 32
3 43 1 32
2 43 32
40 7
2 40 7
2 40 7
47 48
9 47 43 21 35 26 14 41 3 48
2 47 48
41 3
2 41 3
2 41 3
48 18
8 48 33 49 36 9 50 28 18
4 48 38 41 18
48 49
11 48 41 5 23 1 19 40 22 35 47 49
3 48 21 49
36 35
3 36 47 35
3 36 7 35
48 19
6 48 38 3 14 10 19
4 48 33 40 19
18 8
3 18 36 8
2 18 8
49 43
2 49 43
2 49 43
50 9
8 50 16 4 1 33 14 5 9
2 50 9
48 41
3 48 27 41
2 48 41
49 6
13 49 31 5 48 9 15 10 12 1 27 42 35 6
2 49 6
45 22
10 45 6 21 3 15 40 11 38 13 22
2 45 22
48 45
17 48 26 13 19 27 5 36 2 21 37 47 30 46 14 39 3 45
2 48 45
50 41
12 50 28 34 26 13 42 1 15 20 12 3 41
2 50 41
47 27
5 47 28 14 42 27
3 47 39 27
47 15
5 47 35 33 22 15
2 47 15
47 49
10 47 23 41 39 3 30 8 50 4 49
2 47 49
46 3
9 46 8 12 40 34 39 50 23 3
3 46 8 3
44 40
4 44 23 32 40
2 44 40
45 35
7 45 27 33 25 16 46 35
2 45 35
32 10
3 32 31 10
2 32 10
47 31
9 47 26 16 7 34 14 24 13 31
3 47 20 31
42 1
14 42 32 49 13 15 33 14 4 16 3 10 31 29 1
3 42 13 1
34 23
4 34 15 45 23
2 34 23
47 26
3 47 2 26
2 47 26
45 4
3 45 15 4
3 45 37 4
49 34
3 49 3 34
2 49 34
44 47
4 44 29 48 47
2 44 47
46 23
2 46 23
2 46 23
50 4
7 50 27 26 33 25 10 4
2 50 4
39 44
7 39 11 34 48 17 42 44
3 39 20 44
48 29
2 48 29
2 48 29
48 49
13 48 17 8 1 47 4 22 32 41 21 50 25 49
2 48 49
49 12
6 49 38 30 3 46 12
2 49 12
45 16
14 45 41 17 46 34 24 3 49 5 44 10 23 27 16
2 45 16
48 19
5 48 46 8 35 19
2 48 19
50 11
6 50 17 18 24 34 11
2 50 11
50 11
4 50 26 49 11
2 50 11
38 36
8 38 23 12 11 10 24 18 36
2 38 36
50 13
4 50 22 21 13
2 50 13
44 15
9 44 33 27 7 46 24 8 26 15
2 44 15
43 20
7 43 13 17 10 8 18 20
3 43 7 20
47 40
7 47 30 21 18 14 26 40
2 47 40
49 36
11 49 28 39 8 48 10 21 12 25 31 36
2 49 36
50 9
10 50 42 29 12 46 15 49 28 47 9
2 50 9
45 7
9 45 31 41 46 37 19 29 20 7
2 45 7
47 4
4 47 34 50 4
2 47 4
50 1
3 50 43 1
2 50 1
50 10
7 50 46 44 33 13 7 10
4 50 11 42 10
47 10
9 47 29 43 45 4 8 36 44 10
2 47 10
48 4
9 48 49 34 35 22 26 24 14 4
3 48 24 4
40 41
4 40 24 50 41
2 40 41
49 11
5 49 37 31 39 11
3 49 13 11
41 16
2 41 16
2 41 16
41 24
5 41 45 31 16 24
3 41 32 24
50 47
2 50 47
2 50 47
48 11
5 48 7 43 5 11
2 48 11
39 24
2 39 24
2 39 24
50 14
3 50 19 14
2 50 14
49 37
15 49 48 40 4 29 5 42 8 26 2 18 20 6 50 37
2 49 37
49 2
5 49 11 20 39 2
2 49 2
42 5
12 42 13 21 19 36 28 41 22 46 11 29 5
3 42 38 5
48 15
8 48 46 12 47 3 40 28 15
2 48 15
44 10
9 44 21 30 37 11 4 2 32 10
2 44 10
45 10
11 45 37 31 23 36 14 11 4 38 39 10
2 45 10
46 25
2 46 25
2 46 25
42 31
12 42 9 34 1 30 36 17 40 2 4 14 31
2 42 31
49 44
11 49 9 10 22 27 8 43 25 37 32 44
4 49 46 17 44
50 15
6 50 4 31 10 42 15
2 50 15
47 13
8 47 18 38 19 40 25 3 13
2 47 13
49 4
2 49 4
3 49 35 4
49 8
3 49 14 8
2 49 8
44 6
6 44 11 32 42 47 6
2 44 6
48 37
4 48 2 18 37
2 48 37
42 34
7 42 25 43 3 13 24 34
2 42 34
45 10
4 45 14 46 10
3 45 8 10
46 6
5 46 5 1 24 6
2 46 6
48 33
5 48 22 45 4 33
2 48 33
49 35
2 49 35
2 49 35
42 2
11 42 12 32 36 11 13 35 19 16 3 2
3 42 3 2
50 29
11 50 32 46 34 41 2 19 43 12 39 29
4 50 3 28 29
44 5
2 44 5
2 44 5
48 35
2 48 35
2 48 35
44 41
4 44 38 21 41
2 44 41
39 44
3 39 50 44
3 39 29 44
43 27
5 43 29 36 24 27
2 43 27
48 13
3 48 49 13
5 48 39 1 8 13
35 25
7 35 12 4 28 30 5 25
4 35 28 14 25
50 21
6 50 39 33 44 32 21
2 50 21
49 50
4 49 48 10 50
3 49 15 50
48 35
8 48 34 12 37 42 45 39 35
3 48 30 35
47 4
6 47 3 46 2 28 4
2 47 4
48 19
10 48 12 13 23 6 41 35 40 47 19
2 48 19
48 10
4 48 9 44 10
2 48 10
47 18
9 47 29 38 36 1 8 44 22 18
2 47 18
46 6
5 46 16 18 11 6
2 46 6
41 14
3 41 2 14
3 41 37 14
39 31
5 39 19 11 45 31
2 39 31
46 49
6 46 35 27 28 44 49
2 46 49
47 41
6 47 4 31 25 42 41
2 47 41
49 5
9 49 11 29 7 17 23 18 31 5
2 49 5
47 26
5 47 25 41 23 26
2 47 26
47 22
6 47 2 18 31 49 22
2 47 22
44 23
6 44 48 40 4 32 23
3 44 2 23
50 20
3 50 26 20
3 50 48 20
49 9
7 49 22 4 43 37 15 9
3 49 5 9
46 17
2 46 17
2 46 17
50 17
3 50 19 17
2 50 17
49 46
11 49 26 21 9 48 22 17 24 23 1 46
2 49 46
46 15
11 46 8 6 38 39 4 43 26 36 40 15
3 46 40 15
49 14
4 49 50 18 14
2 49 14
50 37
5 50 31 16 25 37
2 50 37
50 10
10 50 32 3 16 1 18 22 21 11 10
2 50 10
49 29
6 49 6 46 22 36 29
4 49 5 42 29
49 33
8 49 26 35 46 8 7 29 33
3 49 12 33
37 6
2 37 6
2 37 6
48 49
9 48 50 7 33 1 29 46 30 49
4 48 17 9 49
46 18
2 46 18
3 46 43 18
47 44
4 47 13 20 44
2 47 44
50 24
8 50 4 39 16 40 41 18 24
3 50 49 24
50 13
5 50 41 43 12 13
2 50 13
45 36
13 45 5 35 42 18 13 44 28 29 12 16 50 36
2 45 36
40 43
5 40 49 41 14 43
2 40 43
39 15
9 39 47 13 18 8 19 28 45 15
4 39 9 7 15
50 17
3 50 48 17
2 50 17
42 10
4 42 19 8 10
2 42 10
48 41
2 48 41
2 48 41
46 29
10 46 27 2 49 13 23 34 25 15 29
2 46 29
49 10
3 49 15 10
2 49 10
50 20
6 50 38 22 45 34 20
2 50 20
38 11
8 38 15 29 41 1 37 36 11
2 38 11
46 49
10 46 34 43 15 29 7 40 50 18 49
3 46 13 49
40 50
6 40 18 36 13 24 50
2 40 50
48 47
7 48 14 1 33 28 32 47
2 48 47
39 6
2 39 6
2 39 6
40 47
3 40 31 47
2 40 47
39 43
2 39 43
2 39 43
49 8
13 49 31 19 32 36 20 11 39 21 7 5 42 8
3 49 11 8
48 38
9 48 23 29 3 34 42 15 4 38
2 48 38
42 8
5 42 41 31 37 8
2 42 8
26 33
8 26 24 47 8 18 21 10 33
3 26 11 33
44 45
6 44 42 2 22 24 45
2 44 45
48 39
2 48 39
2 48 39
43 25
9 43 36 17 32 11 6 26 14 25
2 43 25
44 17
13 44 24 22 36 7 15 39 26 11 27 48 5 17
2 44 17
50 16
7 50 35 27 22 1 11 16
2 50 16
48 4
5 48 44 45 11 4
2 48 4
48 25
4 48 46 11 25
2 48 25
42 44
7 42 40 49 39 26 27 44
3 42 29 44
48 36
11 48 22 7 37 6 45 28 35 42 9 36
2 48 36
49 16
11 49 33 50 22 28 11 8 27 21 45 16
3 49 44 16
50 46
9 50 27 48 25 21 5 10 13 46
2 50 46
41 42
7 41 39 7 14 43 36 42
3 41 7 42
50 28
7 50 15 5 44 33 49 28
2 50 28
50 3
8 50 17 28 40 2 32 11 3
3 50 46 3
38 7
9 38 13 24 39 29 37 20 36 7
2 38 7
40 24
8 40 48 35 4 33 34 19 24
2 40 24
47 35
9 47 39 5 48 6 3 34 50 35
3 47 34 35
43 24
2 43 24
2 43 24
50 18
10 50 17 46 48 25 33 3 35 21 18
2 50 18
37 2
9 37 42 44 34 24 7 32 14 2
2 37 2
47 25
5 47 50 23 31 25
2 47 25
36 29
4 36 19 40 29
2 36 29
50 13
8 50 4 16 28 9 37 18 13
2 50 13
49 43
8 49 36 50 21 2 18 24 43
2 49 43
46 49
17 46 36 23 37 4 3 24 25 45 16 27 18 19 2 48 12 49
2 46 49
47 20
5 47 10 11 3 20
3 47 42 20
43 20
3 43 44 20
2 43 20
49 6
12 49 22 17 45 15 43 21 34 50 11 12 6
2 49 6
48 3
3 48 18 3
2 48 3
50 5
7 50 23 7 31 22 16 5
2 50 5
37 50
3 37 30 50
2 37 50
46 11
4 46 43 36 11
2 46 11
39 6
2 39 6
2 39 6
43 39
3 43 36 39
2 43 39
47 34
9 47 27 10 19 8 21 11 50 34
2 47 34
48 35
10 48 6 40 27 50 9 23 19 45 35
4 48 5 11 35
49 25
10 49 39 41 33 34 14 18 32 15 25
3 49 36 25
41 18
13 41 17 43 16 47 21 23 25 2 40 20 19 18
2 41 18
45 40
7 45 6 42 1 22 5 40
2 45 40
50 2
8 50 8 18 42 31 34 30 2
3 50 42 2
48 7
4 48 1 42 7
2 48 7
47 23
4 47 21 28 23
2 47 23
48 5
8 48 34 26 47 4 12 2 5
2 48 5
44 18
6 44 26 20 15 34 18
4 44 12 16 18
49 45
12 49 8 14 42 2 26 17 19 28 30 50 45
2 49 45
43 49
6 43 50 45 48 2 49
3 43 25 49
50 46
9 50 7 6 16 31 26 3 43 46
2 50 46
50 26
6 50 16 24 43 48 26
3 50 27 26
35 16
10 35 45 3 18 49 14 7 13 1 16
3 35 7 16
46 44
2 46 44
2 46 44
48 7
3 48 37 7
2 48 7
48 36
7 48 8 45 14 12 18 36
2 48 36
47 1
6 47 6 32 11 22 1
2 47 1
49 27
6 49 18 33 44 26 27
4 49 23 9 27
49 29
3 49 24 29
2 49 29
48 4
3 48 3 4
4 48 28 17 4
42 23
3 42 35 23
2 42 23
50 28
5 50 22 26 13 28
3 50 16 28
50 10
3 50 47 10
3 50 36 10
43 47
4 43 27 34 47
2 43 47
43 13
13 43 41 8 18 50 27 23 32 12 24 36 28 13
3 43 17 13
48 36
2 48 36
2 48 36
50 42
2 50 42
2 50 42
50 42
9 50 10 30 16 5 38 24 33 42
2 50 42
50 40
5 50 8 5 27 40
2 50 40
43 1
15 43 20 44 41 45 19 8 40 46 48 42 5 9 50 1
2 43 1
49 39
6 49 40 31 38 17 39
4 49 38 11 39
48 20
3 48 43 20
3 48 44 20
48 31
6 48 23 11 18 10 31
2 48 31
38 18
4 38 1 23 18
3 38 28 18
40 9
7 40 31 22 2 44 35 9
5 40 2 14 29 9
50 21
5 50 27 22 13 21
4 50 5 42 21
49 43
5 49 12 24 3 43
2 49 43
50 14
13 50 28 33 3 34 39 7 18 4 17 38 19 14
5 50 26 15 34 14
50 17
5 50 10 2 37 17
2 50 17
48 21
2 48 21
3 48 39 21
49 48
3 49 30 48
2 49 48
40 24
7 40 35 22 28 44 27 24
2 40 24
46 34
10 46 48 35 50 31 49 11 22 37 34
3 46 6 34
50 35
4 50 7 42 35
2 50 35
41 3
9 41 18 9 37 29 17 45 34 3
2 41 3
41 28
5 41 26 47 48 28
2 41 28
47 2
2 47 2
2 47 2
34 44
5 34 43 12 41 44
2 34 44
41 48
4 41 13 1 48
2 41 48
47 32
5 47 14 28 2 32
3 47 40 32
39 6
3 39 44 6
2 39 6
49 35
4 49 3 34 35
2 49 35
48 49
2 48 49
2 48 49
44 10
5 44 4 38 50 10
3 44 5 10
49 21
2 49 21
2 49 21
43 20
11 43 8 49 24 33 28 40 21 44 16 20
3 43 10 20
42 44
2 42 44
2 42 44
47 14
6 47 36 11 2 43 14
2 47 14
48 26
13 48 14 24 21 3 18 8 2 1 40 12 41 26
3 48 25 26
48 46
3 48 24 46
2 48 46
50 9
13 50 36 40 2 7 47 45 24 25 8 30 15 9
5 50 19 7 33 9
49 27
8 49 22 5 19 41 17 35 27
4 49 11 2 27
42 38
13 42 8 29 20 47 11 40 4 23 34 33 19 38
3 42 22 38
50 13
10 50 32 14 29 8 24 31 15 4 13
2 50 13
44 45
3 44 10 45
2 44 45
50 40
11 50 30 9 34 26 48 38 15 42 45 40
3 50 18 40
46 21
8 46 13 27 11 39 36 48 21
4 46 20 11 21
47 29
4 47 25 31 29
4 47 2 42 29
47 7
6 47 48 13 1 21 7
2 47 7
50 44
9 50 33 48 26 22 6 43 42 44
2 50 44
49 24
5 49 44 42 43 24
3 49 42 24
49 37
12 49 4 11 38 26 36 20 34 19 44 22 37
2 49 37
44 17
2 44 17
3 44 5 17
50 15
5 50 32 5 25 15
3 50 42 15
45 5
13 45 30 38 41 19 48 13 23 7 14 21 11 5
2 45 5
50 29
10 50 18 14 1 43 28 9 2 6 29
2 50 29
46 1
8 46 48 36 28 40 19 13 1
2 46 1
50 45
8 50 31 4 48 28 2 26 45
4 50 17 4 45
50 42
9 50 41 23 47 8 46 4 3 42
2 50 42
50 21
7 50 7 10 28 33 47 21
3 50 41 21
46 30
5 46 4 29 48 30
2 46 30
47 5
9 47 4 39 34 9 37 24 45 5
3 47 3 5
47 2
12 47 41 11 26 8 38 29 14 21 28 46 2
5 47 17 16 11 2
50 26
9 50 22 2 38 30 13 1 29 26
2 50 26
50 40
6 50 47 28 8 6 40
2 50 40
42 29
12 42 13 40 21 15 19 35 18 39 49 34 29
2 42 29
26 36
9 26 15 29 34 10 49 20 2 36
2 26 36
44 4
10 44 9 18 10 6 29 1 22 41 4
2 44 4
47 18
2 47 18
2 47 18
49 25
9 49 19 43 7 22 41 8 20 25
2 49 25
48 26
4 48 41 30 26
3 48 34 26
48 15
2 48 15
2 48 15
44 21
5 44 46 34 25 21
2 44 21
47 10
5 47 24 20 36 10
3 47 36 10
47 46
14 47 30 34 26 6 20 3 2 14 42 32 8 44 46
2 47 46
39 49
7 39 17 12 1 11 18 49
2 39 49
47 31
6 47 30 14 35 15 31
4 47 15 45 31
50 45
11 50 29 13 48 44 21 31 18 12 4 45
2 50 45
46 24
6 46 7 21 26 45 24
3 46 26 24
45 10
4 45 46 35 10
2 45 10
46 1
11 46 27 38 18 14 22 42 7 49 41 1
3 46 15 1
47 6
10 47 28 10 22 31 32 37 35 3 6
3 47 25 6
46 41
13 46 21 40 5 10 16 31 30 15 4 22 1 41
2 46 41
40 2
9 40 3 10 1 24 11 27 20 2
2 40 2
50 25
4 50 22 19 25
5 50 14 28 1 25
48 7
9 48 10 18 28 31 30 12 11 7
2 48 7
49 15
8 49 10 7 31 19 38 34 15
2 49 15
50 14
5 50 23 6 35 14
2 50 14
44 15
7 44 23 37 13 40 43 15
2 44 15
47 27
4 47 44 33 27
2 47 27
15 18
3 15 46 18
2 15 18
43 42
10 43 28 23 24 41 22 8 30 32 42
3 43 27 42
49 3
6 49 48 13 32 34 3
4 49 8 26 3
44 49
6 44 38 39 24 45 49
2 44 49
49 46
8 49 4 45 26 27 47 8 46
2 49 46
46 21
2 46 21
3 46 6 21
46 42
8 46 12 4 9 3 41 27 42
2 46 42
47 30
11 47 44 49 41 19 46 16 23 14 15 30
2 47 30
50 7
5 50 23 45 36 7
2 50 7
43 47
8 43 32 8 16 46 50 44 47
3 43 39 47
45 29
8 45 4 19 30 22 47 36 29
3 45 37 29
48 34
7 48 46 25 39 31 5 34
2 48 34
37 42
3 37 1 42
2 37 42
46 37
7 46 41 29 36 30 49 37
2 46 37
48 9
3 48 7 9
2 48 9
41 29
7 41 1 22 7 5 15 29
2 41 29
44 47
9 44 1 21 17 11 36 14 6 47
4 44 21 41 47
49 31
5 49 39 14 6 31
2 49 31
45 31
7 45 39 6 48 25 46 31
2 45 31
45 35
5 45 47 36 34 35
3 45 33 35
48 36
14 48 10 42 28 44 39 12 9 26 6 22 27 21 36
3 48 6 36
47 24
15 47 50 40 26 8 3 32 12 42 21 1 31 14 10 24
2 47 24
50 14
10 50 20 6 17 48 9 26 30 21 14
3 50 7 14
38 10
4 38 5 11 10
2 38 10
44 42
5 44 15 31 27 42
2 44 42
50 39
8 50 28 49 40 4 34 14 39
2 50 39
47 1
6 47 30 25 50 33 1
5 47 44 29 18 1
50 3
3 50 28 3
2 50 3
42 30
10 42 12 46 36 23 27 2 1 14 30
2 42 30
49 39
8 49 25 17 41 31 29 4 39
2 49 39
41 23
10 41 31 49 14 44 5 28 29 13 23
4 41 22 4 23
49 9
6 49 23 30 25 44 9
2 49 9
36 15
2 36 15
2 36 15
49 43
4 49 42 9 43
2 49 43
49 1
4 49 6 40 1
3 49 33 1
49 48
7 49 19 46 24 38 39 48
3 49 16 48
49 26
8 49 25 40 29 35 8 28 26
2 49 26
49 27
6 49 22 46 14 7 27
2 49 27
36 19
7 36 45 4 18 47 29 19
2 36 19
45 35
2 45 35
2 45 35
43 37
10 43 48 8 3 30 2 36 25 13 37
2 43 37
47 13
6 47 44 38 27 36 13
3 47 39 13
47 45
9 47 3 30 24 34 13 49 40 45
2 47 45
39 2
7 39 28 29 49 42 50 2
2 39 2
49 32
6 49 46 18 39 31 32
3 49 7 32
48 37
4 48 36 40 37
3 48 18 37
49 10
2 49 10
2 49 10
42 7
10 42 37 44 35 41 33 48 47 38 7
2 42 7
48 15
8 48 16 35 4 14 32 21 15
2 48 15
50 46
8 50 6 9 23 2 16 17 46
2 50 46
44 18
5 44 28 42 1 18
2 44 18
44 29
16 44 42 6 26 1 15 14 24 49 18 47 4 34 45 41 29
3 44 42 29
42 46
7 42 12 9 10 34 48 46
2 42 46
44 36
6 44 28 42 45 40 36
2 44 36
49 34
9 49 1 42 23 46 5 2 36 34
5 49 8 46 43 34
48 26
7 48 4 50 15 46 39 26
3 48 20 26
46 27
3 46 11 27
2 46 27
50 31
5 50 26 1 44 31
2 50 31
44 29
15 44 26 4 13 28 32 6 37 31 50 7 34 27 41 29
2 44 29
50 11
3 50 34 11
2 50 11
45 42
14 45 19 1 16 17 7 31 40 50 20 26 30 37 42
4 45 44 27 42
42 24
4 42 27 22 24
2 42 24
42 11
6 42 18 17 38 46 11
2 42 11
48 24
8 48 7 36 20 18 21 8 24
2 48 24
49 14
5 49 18 5 40 14
3 49 4 14
50 37
3 50 25 37
2 50 37
46 40
3 46 1 40
2 46 40
47 28
2 47 28
2 47 28
40 11
11 40 12 47 48 1 23 34 13 6 4 11
3 40 15 11
46 49
11 46 2 7 6 33 21 5 43 16 39 49
4 46 33 43 49
48 34
6 48 22 28 29 43 34
2 48 34
50 45
2 50 45
2 50 45
47 32
5 47 29 5 19 32
2 47 32
34 48
8 34 5 4 17 13 28 46 48
4 34 5 18 48
50 41
11 50 26 47 42 7 37 40 17 46 44 41
2 50 41
36 40
3 36 31 40
2 36 40
45 9
3 45 39 9
2 45 9
50 34
4 50 10 28 34
2 50 34
45 41
6 45 26 17 25 46 41
3 45 24 41
46 30
2 46 30
2 46 30
38 42
5 38 48 3 14 42
3 38 14 42
48 41
17 48 9 30 19 29 26 50 35 44 3 17 21 1 22 4 36 41
2 48 41
49 22
2 49 22
2 49 22
47 30
2 47 30
2 47 30
47 36
6 47 35 27 34 5 36
2 47 36
47 49
10 47 13 3 8 35 27 50 45 11 49
2 47 49
50 1
12 50 7 17 32 33 37 16 43 29 26 49 1
3 50 19 1
45 39
4 45 31 23 39
2 45 39
49 46
3 49 36 46
2 49 46
47 16
6 47 14 10 19 17 16
3 47 8 16
31 25
4 31 18 8 25
2 31 25
49 3
8 49 47 1 25 41 45 22 3
2 49 3
47 19
2 47 19
2 47 19
49 27
10 49 13 37 36 10 22 24 25 50 27
3 49 42 27
49 7
4 49 22 27 7
2 49 7
48 14
6 48 15 16 47 37 14
2 48 14
41 28
2 41 28
2 41 28
43 34
5 43 22 25 3 34
2 43 34
50 46
7 50 43 28 27 49 30 46
2 50 46
45 43
9 45 38 28 10 19 9 30 40 43
3 45 11 43
49 42
7 49 29 12 44 11 1 42
3 49 11 42
48 28
8 48 22 32 1 44 27 20 28
2 48 28
49 23
11 49 33 17 34 15 47 37 7 32 12 23
2 49 23
49 10
11 49 6 40 25 43 33 45 2 12 23 10
2 49 10
43 5
6 43 8 30 41 31 5
3 43 29 5
49 1
11 49 26 10 6 12 2 50 21 16 31 1
3 49 21 1
50 36
3 50 29 36
3 50 43 36
46 13
4 46 45 4 13
2 46 13
47 34
5 47 10 43 44 34
3 47 16 34
50 15
7 50 1 42 49 19 39 15
3 50 31 15
43 17
5 43 46 30 11 17
2 43 17
50 3
7 50 40 5 7 17 39 3
2 50 3
37 29
8 37 24 23 8 49 14 41 29
5 37 27 15 20 29
47 50
7 47 41 23 44 38 39 50
3 47 25 50
41 27
5 41 29 10 22 27
2 41 27
49 41
3 49 31 41
3 49 45 41
42 36
8 42 40 35 10 18 20 30 36
3 42 23 36
47 3
8 47 4 21 40 15 49 46 3
2 47 3
47 43
6 47 17 45 22 2 43
2 47 43
47 41
7 47 32 46 33 24 20 41
2 47 41
40 16
4 40 8 23 16
2 40 16
36 15
8 36 22 34 25 4 37 2 15
2 36 15
47 43
5 47 17 19 44 43
2 47 43
50 5
5 50 35 44 30 5
2 50 5
50 10
3 50 30 10
3 50 31 10
44 41
8 44 16 14 10 4 47 31 41
2 44 41
44 33
5 44 39 40 21 33
2 44 33
50 4
12 50 46 7 10 21 17 48 8 18 23 49 4
3 50 34 4
50 25
2 50 25
2 50 25
28 50
7 28 36 31 22 20 18 50
2 28 50
49 7
9 49 25 11 39 13 17 47 27 7
2 49 7
45 43
4 45 23 28 43
2 45 43
42 38
14 42 46 12 15 29 6 17 22 36 14 39 35 33 38
2 42 38
47 10
3 47 28 10
2 47 10
37 32
8 37 17 1 14 24 21 22 32
2 37 32
50 31
14 50 15 38 35 7 49 45 27 1 4 10 30 22 31
2 50 31
48 40
2 48 40
2 48 40
50 23
7 50 13 4 47 8 24 23
2 50 23
46 8
4 46 28 16 8
2 46 8
41 38
7 41 24 30 31 22 11 38
2 41 38
47 10
5 47 17 35 36 10
3 47 28 10
50 36
6 50 22 26 24 7 36
2 50 36
41 19
4 41 22 45 19
3 41 40 19
49 6
12 49 21 13 16 45 27 15 32 18 8 35 6
3 49 13 6
50 21
4 50 41 9 21
2 50 21
46 37
13 46 42 45 33 14 4 38 26 44 9 34 23 37
2 46 37
37 19
4 37 25 7 19
2 37 19
48 42
11 48 3 10 19 13 41 45 43 44 40 42
3 48 44 42
45 42
2 45 42
2 45 42
42 19
11 42 50 34 30 37 45 17 20 12 3 19
5 42 21 29 3 19
46 14
6 46 48 17 49 16 14
2 46 14
49 13
9 49 29 4 10 32 11 44 34 13
2 49 13
41 12
13 41 42 14 25 18 30 40 7 13 44 48 20 12
3 41 2 12
35 23
2 35 23
2 35 23
48 14
7 48 2 13 46 42 31 14
2 48 14
50 22
4 50 38 18 22
4 50 43 23 22
48 32
9 48 14 30 7 20 36 38 42 32
2 48 32
44 11
6 44 5 4 16 23 11
2 44 11
35 29
5 35 48 8 5 29
6 35 11 8 26 30 29
39 34
10 39 32 41 46 42 7 37 21 48 34
2 39 34
49 29
8 49 14 1 27 33 11 2 29
3 49 13 29
36 44
11 36 8 9 49 26 46 38 2 48 3 44
2 36 44
37 41
7 37 28 46 15 4 13 41
4 37 22 5 41
47 26
2 47 26
2 47 26
49 1
11 49 21 48 7 32 23 46 47 16 8 1
3 49 35 1
50 7
5 50 27 8 29 7
3 50 4 7
41 44
7 41 27 46 23 21 19 44
2 41 44
49 48
18 49 16 41 15 35 47 27 10 12 9 17 2 43 22 42 11 25 48
4 49 36 13 48
49 5
7 49 24 46 29 28 14 5
2 49 5
49 16
6 49 8 32 23 30 16
2 49 16
34 8
4 34 29 2 8
2 34 8
44 30
5 44 47 34 38 30
2 44 30
40 20
2 40 20
2 40 20
41 48
5 41 8 18 21 48
2 41 48
41 15
7 41 40 49 7 46 24 15
2 41 15
39 25
9 39 7 43 8 9 22 2 4 25
5 39 5 33 9 25
45 36
4 45 23 8 36
2 45 36
45 32
10 45 27 34 23 49 7 13 8 46 32
2 45 32
50 8
2 50 8
4 50 9 39 8
29 39
12 29 40 2 10 3 13 31 24 50 23 1 39
2 29 39
47 50
9 47 34 30 49 32 38 36 43 50
2 47 50
47 3
9 47 31 12 30 23 2 45 8 3
2 47 3
41 38
9 41 33 35 22 47 23 30 42 38
2 41 38
50 49
7 50 42 20 37 2 34 49
2 50 49
47 31
12 47 28 44 41 3 46 48 50 43 36 40 31
2 47 31
50 6
10 50 21 18 29 49 43 15 38 47 6
2 50 6
47 46
11 47 40 30 21 25 23 33 43 10 19 46
2 47 46
46 26
8 46 27 32 22 34 7 50 26
2 46 26
49 44
6 49 7 43 42 4 44
2 49 44
31 45
7 31 14 8 15 38 13 45
5 31 2 28 6 45
49 27
2 49 27
3 49 3 27
46 8
3 46 9 8
2 46 8
42 30
12 42 35 26 8 21 19 37 31 22 18 14 30
2 42 30
50 9
6 50 18 22 32 7 9
2 50 9
43 39
6 43 33 16 15 17 39
2 43 39
47 28
12 47 40 29 25 19 10 4 43 3 11 27 28
2 47 28
50 18
6 50 32 19 15 45 18
2 50 18
47 40
13 47 37 20 9 11 13 3 24 17 10 15 18 40
2 47 40
50 10
14 50 36 39 28 19 23 6 46 43 35 16 38 2 10
2 50 10
47 28
6 47 37 36 4 11 28
5 47 22 20 7 28
28 33
3 28 20 33
3 28 20 33
50 7
14 50 30 49 17 11 41 15 29 31 38 2 26 10 7
2 50 7
45 22
3 45 19 22
2 45 22
48 36
4 48 10 45 36
2 48 36
46 29
2 46 29
2 46 29
48 47
12 48 38 35 16 1 31 40 17 3 30 43 47
2 48 47
41 40
4 41 42 47 40
4 41 37 27 40
50 38
2 50 38
2 50 38
49 41
2 49 41
3 49 16 41
45 35
4 45 32 27 35
2 45 35
50 47
8 50 22 2 28 45 39 13 47
2 50 47
47 3
17 47 30 41 5 22 21 19 9 33 12 20 8 48 45 23 6 3
2 47 3
46 19
7 46 45 47 30 5 3 19
2 46 19
49 44
9 49 29 13 6 34 50 16 20 44
2 49 44
50 48
7 50 15 21 12 10 25 48
3 50 40 48
48 50
6 48 18 42 15 31 50
2 48 50
47 14
2 47 14
4 47 22 23 14
45 37
3 45 27 37
4 45 27 6 37
45 10
6 45 40 29 44 24 10
2 45 10
46 15
9 46 41 34 16 12 11 48 2 15
2 46 15
50 39
5 50 43 15 49 39
2 50 39
37 35
5 37 14 20 34 35
5 37 12 15 17 35
45 44
8 45 10 34 5 49 4 21 44
4 45 26 24 44
42 20
10 42 44 40 24 48 18 31 35 23 20
4 42 38 19 20
40 45
5 40 27 8 2 45
4 40 35 11 45
46 27
8 46 15 45 23 12 38 13 27
2 46 27
48 19
7 48 37 36 17 7 21 19
2 48 19
50 28
7 50 36 9 22 43 13 28
2 50 28
45 7
7 45 30 48 28 12 41 7
2 45 7
50 15
7 50 21 3 38 7 36 15
2 50 15
50 1
3 50 45 1
4 50 27 41 1
43 27
7 43 34 18 1 17 46 27
3 43 7 27
49 7
13 49 31 10 34 20 47 50 5 38 6 13 3 7
2 49 7
48 22
7 48 33 21 20 27 28 22
2 48 22
34 45
2 34 45
4 34 1 6 45
32 49
5 32 20 41 43 49
2 32 49
49 29
4 49 28 23 29
4 49 33 48 29
38 2
7 38 14 25 4 17 48 2
2 38 2
47 10
2 47 10
2 47 10
47 19
12 47 48 49 18 43 25 38 10 46 50 35 19
2 47 19
43 3
8 43 10 21 41 5 31 40 3
3 43 10 3
46 25
4 46 44 3 25
2 46 25
46 26
2 46 26
2 46 26
47 37
6 47 8 33 44 40 37
2 47 37
48 47
5 48 6 43 45 47
2 48 47
50 44
8 50 24 38 15 10 23 33 44
2 50 44
46 44
12 46 16 30 38 15 32 4 40 9 23 41 44
2 46 44
46 27
9 46 30 13 16 45 11 25 32 27
2 46 27
40 44
5 40 29 45 28 44
3 40 25 44
49 45
10 49 20 40 10 26 18 24 48 39 45
2 49 45
47 37
4 47 8 17 37
4 47 23 32 37
48 8
11 48 31 32 15 39 37 20 33 17 38 8
2 48 8
37 16
6 37 48 18 22 35 16
2 37 16
49 20
11 49 3 10 8 15 35 47 4 34 36 20
2 49 20
50 11
8 50 23 36 12 10 47 1 11
4 50 36 32 11
45 21
13 45 44 4 43 7 10 35 22 14 16 47 19 21
2 45 21
48 40
10 48 46 5 28 47 3 4 19 34 40
3 48 33 40
38 45
3 38 20 45
2 38 45
48 41
8 48 42 47 19 38 20 1 41
2 48 41
48 1
5 48 23 37 11 1
2 48 1
47 46
7 47 32 30 38 31 50 46
3 47 35 46
44 16
6 44 41 26 9 2 16
2 44 16
50 37
7 50 24 4 17 34 19 37
4 50 34 31 37
50 17
14 50 3 14 43 7 20 35 12 36 8 10 44 39 17
3 50 44 17
50 10
5 50 20 45 5 10
2 50 10
47 38
3 47 46 38
2 47 38
49 31
5 49 6 19 16 31
3 49 16 31
42 32
11 42 48 33 13 39 2 30 49 18 21 32
2 42 32
40 43
4 40 34 25 43
2 40 43
50 1
4 50 22 40 1
3 50 22 1
46 10
10 46 23 30 38 16 34 13 19 50 10
3 46 22 10
50 21
5 50 36 25 9 21
2 50 21
46 25
3 46 16 25
2 46 25
49 30
8 49 6 32 1 16 13 48 30
2 49 30
49 48
5 49 39 6 50 48
2 49 48
49 44
14 49 18 37 41 15 50 6 8 38 1 43 30 21 44
3 49 18 44
46 29
12 46 17 33 47 19 38 49 21 36 35 1 29
4 46 17 21 29
43 46
7 43 14 39 49 23 4 46
2 43 46
42 39
4 42 36 27 39
2 42 39
50 11
10 50 40 18 38 13 27 39 22 6 11
2 50 11
33 41
12 33 1 14 28 21 45 49 30 36 17 15 41
3 33 17 41
48 42
8 48 45 19 25 15 35 36 42
2 48 42
49 33
2 49 33
2 49 33
48 26
3 48 25 26
3 48 25 26
45 48
10 45 3 23 20 2 27 28 42 6 48
3 45 8 48
49 22
11 49 2 6 42 8 10 9 25 18 38 22
2 49 22
49 27
11 49 38 44 20 22 24 25 48 37 12 27
4 49 29 30 27
50 29
7 50 40 20 2 43 8 29
5 50 33 42 2 29
48 20
6 48 7 44 29 41 20
3 48 29 20
48 16
13 48 3 42 37 18 11 31 27 12 32 5 49 16
2 48 16
47 29
4 47 8 32 29
2 47 29
50 27
9 50 20 31 13 6 35 9 37 27
2 50 27
50 3
9 50 4 47 22 37 45 19 46 3
2 50 3
50 10
8 50 11 2 37 38 35 26 10
2 50 10
44 10
11 44 50 18 43 31 21 38 47 8 32 10
2 44 10
36 26
7 36 40 37 17 46 29 26
2 36 26
49 19
2 49 19
2 49 19
49 13
5 49 44 31 38 13
2 49 13
50 43
5 50 15 23 36 43
3 50 30 43
48 38
14 48 1 14 40 27 20 31 43 3 47 26 18 12 38
2 48 38
46 1
7 46 36 8 4 43 9 1
2 46 1
31 39
8 31 22 41 11 46 13 28 39
3 31 26 39
46 1
2 46 1
3 46 26 1
48 14
2 48 14
3 48 11 14
49 9
2 49 9
3 49 44 9
49 11
4 49 45 15 11
4 49 14 22 11
49 37
7 49 16 36 28 44 31 37
5 49 16 26 24 37
49 17
6 49 19 23 12 46 17
2 49 17
50 49
2 50 49
2 50 49
49 14
12 49 48 23 22 30 28 44 4 45 6 27 14
2 49 14
45 12
5 45 8 41 2 12
2 45 12
46 23
9 46 2 37 17 43 8 1 11 23
2 46 23
49 12
3 49 37 12
2 49 12
28 31
2 28 31
2 28 31
50 4
11 50 16 47 12 41 8 9 15 37 40 4
2 50 4
48 2
2 48 2
3 48 33 2
48 23
2 48 23
2 48 23
47 17
8 47 27 28 20 21 43 22 17
3 47 11 17
43 20
4 43 16 19 20
2 43 20
49 13
13 49 3 42 14 17 12 38 43 48 44 25 30 13
3 49 41 13
49 23
8 49 30 21 44 43 24 45 23
2 49 23
36 4
8 36 47 26 33 2 40 7 4
3 36 2 4
40 23
7 40 21 38 4 18 20 23
2 40 23
41 10
10 41 34 21 13 3 11 32 24 12 10
2 41 10
47 44
6 47 11 28 10 21 44
3 47 3 44
49 5
6 49 1 8 28 17 5
5 49 7 41 24 5
47 45
3 47 33 45
2 47 45
46 18
7 46 42 47 30 35 26 18
3 46 19 18
48 46
12 48 24 34 49 4 18 30 27 11 15 45 46
2 48 46
44 16
8 44 22 37 5 32 30 43 16
4 44 42 8 16
42 20
6 42 40 2 27 39 20
4 42 30 10 20
38 50
6 38 11 20 34 28 50
4 38 15 8 50
35 4
9 35 34 43 27 38 40 17 16 4
2 35 4
48 46
8 48 35 21 22 36 38 27 46
3 48 22 46
42 27
6 42 14 3 17 1 27
2 42 27
47 12
3 47 31 12
2 47 12
46 3
2 46 3
3 46 12 3
50 37
7 50 36 1 21 43 3 37
3 50 40 37
50 47
5 50 37 46 24 47
2 50 47
50 41
13 50 16 49 37 33 1 46 31 5 24 38 27 41
2 50 41
35 42
11 35 20 30 16 31 10 34 32 44 23 42
3 35 14 42
49 27
8 49 26 5 9 46 15 4 27
2 49 27
50 17
2 50 17
2 50 17
46 1
4 46 40 5 1
3 46 32 1
45 13
6 45 5 32 22 41 13
2 45 13
