88 9
9 88 20 89 42 62 14 76 63 9
17 88 55 91 15 18 98 5 64 41 87 60 66 12 68 11 54 9
14 88 39 52 25 66 96 91 72 46 98 31 76 94 9
12 88 87 68 71 72 98 47 66 25 92 76 9
5 88 100 47 17 9
3 88 79 9
6 88 99 43 13 48 9
7 88 16 87 69 47 93 9
13 88 10 36 98 30 57 63 27 82 53 87 77 9
4 88 87 61 9
12 88 53 42 19 11 48 76 87 40 89 37 9
21 88 68 21 87 30 84 70 80 12 3 63 33 82 23 43 97 100 81 79 40 9
17 88 34 4 91 81 51 79 69 50 75 11 58 30 49 57 13 9
9 88 12 4 27 67 76 46 56 9
17 88 76 38 52 93 19 67 40 82 4 90 24 69 59 22 13 9
12 88 95 82 89 83 2 8 44 79 38 90 9
16 88 59 8 83 30 34 38 4 62 35 55 97 100 91 85 9
8 88 4 93 84 31 71 91 9
13 88 100 96 36 2 87 41 77 38 8 57 49 9
15 88 70 50 90 29 56 53 98 34 20 38 57 54 44 9
11 88 12 99 32 5 76 86 7 95 15 9
10 88 99 41 84 91 36 64 100 68 9
3 88 31 9
12 88 6 67 18 72 49 4 15 2 64 98 9
7 88 58 43 70 65 23 9
15 88 50 41 99 27 62 6 26 49 90 10 15 96 95 9
14 88 47 94 71 70 43 39 41 50 36 38 24 65 9
6 88 15 99 97 70 9
12 88 57 4 18 71 36 39 28 75 62 47 9
11 88 67 94 25 90 40 15 30 91 85 9
11 88 33 52 91 17 51 18 61 25 64 9
11 88 94 82 5 14 24 40 25 33 50 9
8 88 36 5 90 91 56 92 9
5 88 90 74 22 9
17 88 7 37 19 31 84 16 75 14 62 28 2 49 15 27 35 9
8 88 7 2 31 74 22 44 9
6 88 81 4 26 16 9
13 88 73 52 60 5 47 94 3 37 21 55 74 9
3 88 26 9
10 88 38 69 26 7 58 50 68 10 9
9 88 44 54 66 82 81 98 42 9
9 88 3 45 91 98 54 34 64 9
11 88 33 78 95 34 10 56 81 22 28 9
9 88 13 31 67 59 36 21 28 9
10 88 64 44 46 28 26 81 53 60 9
12 88 16 62 59 71 93 43 53 51 81 95 9
13 88 31 53 26 62 63 45 83 23 90 59 21 9
9 88 44 10 6 39 58 8 4 9
4 88 58 46 9
6 88 92 39 17 65 9
15 88 74 43 100 37 45 44 97 22 59 33 76 52 66 9
5 88 28 66 97 9
21 88 57 33 44 53 36 96 56 70 59 27 97 84 26 12 41 58 16 35 71 9
13 88 33 39 17 61 58 5 44 59 85 99 27 9
14 88 32 96 42 84 8 73 62 63 60 36 39 28 9
10 88 89 35 55 7 73 97 5 16 9
17 88 99 35 61 20 10 58 79 34 60 16 74 11 56 25 44 9
7 88 70 8 45 80 57 9
4 88 64 75 9
17 88 38 3 54 69 25 15 27 96 80 43 71 57 10 83 59 9
5 88 14 50 49 9
11 88 20 90 30 58 85 50 45 22 86 9
14 88 39 6 98 53 37 79 85 20 45 95 62 49 9
9 88 4 63 33 100 2 76 10 9
20 88 71 97 14 90 15 47 29 46 23 33 25 89 63 6 83 72 66 13 9
21 88 73 61 76 90 6 78 47 18 68 49 67 23 32 50 84 62 31 77 98 9
11 88 27 11 49 86 77 63 35 26 78 9
14 88 33 43 32 10 71 62 27 78 26 79 68 47 9
8 88 62 5 29 67 71 35 9
12 88 93 69 58 89 29 80 7 40 35 73 9
4 88 14 50 9
9 88 68 14 41 54 4 6 97 9
8 88 6 35 11 72 86 63 9
8 88 84 61 79 71 10 4 9
10 88 7 59 54 96 84 37 63 36 9
5 88 8 96 4 9
7 88 2 67 96 38 18 9
5 88 48 59 43 9
9 88 7 1 81 45 23 61 24 9
11 88 5 79 3 92 28 22 7 32 53 9
8 88 8 78 29 87 44 96 9
12 88 56 80 4 27 10 47 28 17 30 77 9
10 88 55 25 98 33 31 71 39 5 9
9 88 15 72 13 33 18 8 2 9
9 88 95 33 71 85 35 54 31 9
7 88 99 85 71 28 63 9
13 88 33 87 72 54 96 45 10 49 83 5 30 9
10 88 72 5 89 23 19 20 48 6 9
8 88 72 10 16 26 77 67 9
6 88 96 89 66 46 9
13 88 22 59 75 3 55 89 1 91 7 37 98 9
10 88 81 94 17 67 77 75 22 53 9
17 88 89 97 55 25 17 7 20 16 79 48 78 6 35 27 46 9
6 88 95 60 43 53 9
12 88 92 4 23 99 33 15 68 95 6 79 9
8 88 66 95 15 8 52 68 9
8 88 82 42 38 49 27 56 9
12 88 44 79 38 91 15 80 95 66 3 28 9
19 88 41 7 16 25 5 42 12 36 46 67 17 90 27 23 57 85 51 9
9 88 18 30 67 65 77 43 53 9
4 88 78 13 9
2 88 9
100 16
19 100 15 60 59 63 42 94 52 74 30 79 86 93 58 28 83 90 35 16
8 100 76 21 85 19 61 95 16
11 100 19 85 20 74 46 15 69 92 52 16
17 100 31 7 44 4 2 51 70 49 88 91 83 39 60 27 40 16
11 100 56 41 53 31 98 24 26 76 28 16
13 100 95 53 23 38 63 82 33 19 60 96 28 16
8 100 73 39 30 69 64 28 16
10 100 82 46 73 33 80 32 7 81 16
17 100 13 89 81 29 34 87 76 3 28 2 17 33 70 86 98 16
7 100 93 86 30 99 82 16
8 100 21 12 57 26 47 32 16
15 100 93 63 44 26 81 69 22 17 42 98 67 11 45 16
6 100 21 63 75 56 16
8 100 75 46 55 92 83 24 16
12 100 93 81 42 29 36 20 64 75 87 4 16
10 100 40 88 94 36 68 72 87 24 16
9 100 41 71 10 35 49 37 83 16
10 100 66 26 76 23 42 68 10 91 16
8 100 86 36 33 13 66 3 16
12 100 76 73 54 87 14 23 60 94 88 35 16
4 100 75 14 16
5 100 99 26 11 16
10 100 74 27 1 4 76 50 87 65 16
12 100 23 71 1 98 24 2 65 64 43 34 16
4 100 32 33 16
7 100 62 69 26 97 42 16
9 100 99 53 63 95 64 50 83 16
10 100 77 15 93 13 69 38 40 94 16
8 100 72 4 95 53 31 58 16
11 100 14 71 53 47 63 94 33 70 32 16
4 100 83 20 16
12 100 43 56 39 92 34 70 49 10 62 32 16
18 100 90 50 48 83 43 23 57 20 42 10 61 63 18 85 37 2 16
9 100 79 66 94 51 41 31 72 16
6 100 3 45 91 94 16
13 100 72 3 14 15 18 48 21 29 57 83 88 16
10 100 35 64 14 83 15 50 42 53 16
17 100 36 74 11 92 5 21 71 61 46 24 68 3 10 42 57 16
12 100 20 35 55 93 59 89 29 98 74 69 16
4 100 35 99 16
21 100 50 10 4 55 71 28 29 33 82 15 99 1 27 5 39 38 40 58 73 16
12 100 59 63 25 76 30 15 35 27 24 96 16
13 100 33 25 88 56 15 30 37 98 80 73 38 16
9 100 81 46 4 58 72 75 25 16
9 100 25 18 3 64 85 74 58 16
13 100 81 93 25 67 95 68 3 85 52 49 47 16
9 100 18 70 2 6 54 85 71 16
8 100 12 50 66 83 88 3 16
16 100 20 63 9 31 36 12 86 58 96 49 40 4 89 94 16
7 100 88 8 39 44 71 16
18 100 75 4 65 14 43 85 37 46 18 53 48 34 66 15 28 57 16
9 100 29 87 54 62 34 65 5 16
14 100 3 27 93 84 9 35 51 85 99 34 76 15 16
11 100 23 67 82 61 60 31 46 62 34 16
9 100 60 47 2 44 18 39 10 16
15 100 21 73 8 74 46 5 65 19 71 1 82 56 96 16
8 100 36 67 96 30 91 14 16
5 100 84 2 93 16
9 100 78 87 14 58 48 2 66 16
3 100 5 16
24 100 54 73 85 51 45 49 79 81 78 76 38 63 65 98 15 33 37 86 91 82 97 71 16
6 100 68 99 78 44 16
8 100 70 29 67 38 48 49 16
12 100 67 93 9 44 64 5 22 24 75 26 16
6 100 68 43 41 94 16
7 100 43 46 39 72 44 16
11 100 74 32 15 72 60 13 73 26 89 16
12 100 94 26 25 60 70 40 18 19 34 48 16
3 100 53 16
13 100 75 97 65 73 98 44 34 24 89 22 70 16
9 100 74 14 22 59 75 87 21 16
10 100 97 89 51 44 24 61 35 14 16
10 100 34 47 33 18 42 28 44 40 16
11 100 29 80 17 3 13 54 42 98 49 16
17 100 9 6 69 40 82 19 67 70 46 78 43 75 84 3 86 16
10 100 47 49 81 58 21 24 89 59 16
13 100 29 59 15 60 77 71 46 84 98 87 91 16
11 100 80 23 12 92 45 5 46 84 99 16
8 100 4 31 84 75 9 22 16
10 100 70 94 91 20 47 64 24 19 16
8 100 35 75 78 91 94 90 16
12 100 24 81 35 45 31 8 72 88 84 67 16
9 100 68 5 8 90 33 19 94 16
11 100 45 9 73 12 72 54 25 67 52 16
10 100 37 58 5 27 25 98 57 95 16
5 100 12 8 11 16
6 100 18 66 25 71 16
12 100 5 1 66 85 39 70 81 43 86 7 16
13 100 41 35 10 57 40 42 73 91 3 21 54 16
11 100 77 32 27 31 82 52 85 61 79 16
5 100 98 70 94 16
4 100 75 10 16
5 100 69 81 12 16
7 100 61 32 24 77 51 16
8 100 72 61 70 77 95 57 16
15 100 56 3 37 21 45 99 34 77 59 84 43 97 88 16
10 100 80 56 94 58 84 22 6 77 16
7 100 45 87 69 93 77 16
9 100 42 20 46 68 67 45 3 16
4 100 20 31 16
7 100 84 60 49 29 14 16
6 100 14 3 28 71 16
97 69
6 97 44 7 51 85 69
12 97 39 90 72 5 91 17 50 80 31 68 69
15 97 21 66 68 99 54 88 83 84 40 47 53 55 13 69
16 97 1 83 6 22 8 31 54 19 46 43 12 2 67 72 69
8 97 55 80 83 86 37 57 69
11 97 18 86 15 66 27 93 26 68 13 69
12 97 83 76 57 58 37 41 84 51 95 87 69
17 97 74 87 76 53 15 12 54 89 92 18 50 68 31 67 82 69
8 97 22 83 74 79 40 48 69
7 97 92 2 83 53 65 69
5 97 39 37 64 69
8 97 35 42 12 13 17 21 69
21 97 44 18 6 22 87 13 11 90 26 5 65 24 73 37 45 94 23 76 3 69
9 97 5 41 10 26 58 71 19 69
2 97 69
10 97 99 34 85 14 70 28 33 47 69
11 97 55 71 9 14 29 36 89 85 43 69
7 97 85 45 92 13 43 69
11 97 65 91 16 56 75 84 26 87 36 69
11 97 70 13 79 29 99 18 38 62 56 69
10 97 49 99 44 13 78 17 67 68 69
12 97 55 28 22 68 34 44 92 46 3 60 69
15 97 66 60 96 43 48 37 89 53 94 11 3 44 31 69
11 97 98 12 3 99 48 60 100 62 38 69
9 97 95 19 60 30 68 73 88 69
16 97 67 91 88 90 64 60 40 63 87 22 86 19 18 23 69
14 97 15 19 90 51 63 6 23 84 18 5 92 98 69
7 97 39 27 65 4 19 69
11 97 19 91 14 68 87 65 74 82 48 69
13 97 65 72 58 100 86 7 34 87 90 4 74 69
6 97 88 34 96 25 69
13 97 67 81 96 26 37 65 30 51 64 22 70 69
15 97 70 68 10 49 84 80 96 81 82 11 64 44 73 69
21 97 90 28 72 41 76 100 4 70 31 15 65 64 59 2 11 8 36 10 92 69
8 97 1 68 47 28 4 48 69
5 97 35 52 48 69
5 97 18 11 41 69
7 97 27 4 42 65 35 69
8 97 48 11 50 87 46 65 69
18 97 39 92 81 34 90 19 88 5 31 50 17 53 18 77 7 41 69
9 97 29 38 22 60 98 99 77 69
13 97 68 11 96 66 94 82 30 54 37 100 48 69
14 97 8 16 49 27 21 4 22 19 32 39 81 57 69
15 97 70 17 27 14 4 7 60 83 5 76 56 31 85 69
3 97 6 69
17 97 60 48 37 57 30 54 12 47 43 86 94 80 16 31 8 69
19 97 6 36 1 70 59 72 41 31 65 82 53 46 42 58 49 18 43 69
11 97 48 66 65 23 3 51 56 64 15 69
6 97 8 98 88 49 69
9 97 61 55 6 68 85 46 84 69
3 97 24 69
10 97 25 59 89 55 93 73 57 5 69
15 97 54 60 91 100 11 52 44 82 48 64 87 56 58 69
6 97 46 71 51 27 69
6 97 51 100 18 75 69
14 97 13 30 88 87 48 81 65 77 44 71 75 79 69
2 97 69
6 97 35 53 40 98 69
12 97 14 13 55 43 45 30 96 31 71 40 69
11 97 58 7 41 87 82 14 42 35 31 69
10 97 44 100 83 46 32 43 28 31 69
16 97 10 76 6 61 44 16 2 33 7 81 55 59 18 77 69
8 97 26 92 15 13 2 25 69
12 97 48 85 58 35 20 67 62 82 88 40 69
2 97 69
19 97 19 54 23 94 30 99 38 35 57 95 9 2 37 82 10 46 31 69
17 97 40 3 31 77 44 9 84 23 83 73 70 24 59 81 54 69
16 97 6 12 17 94 24 84 36 85 48 1 82 99 53 51 69
14 97 81 48 33 21 66 36 85 92 44 28 2 86 69
20 97 60 39 90 14 82 73 34 4 96 50 89 3 53 36 66 80 7 41 69
6 97 92 32 82 7 69
18 97 9 54 85 13 7 4 93 18 73 53 66 77 88 8 90 36 69
17 97 63 26 12 24 48 67 84 55 78 82 31 90 30 43 75 69
5 97 25 26 56 69
8 97 68 86 58 7 100 78 69
7 97 30 89 53 27 18 69
5 97 8 64 83 69
4 97 80 31 69
8 97 40 99 71 77 94 53 69
29 97 9 76 30 12 48 15 65 26 18 27 60 50 29 36 23 88 2 78 14 68 53 91 57 32 96 87 94 69
7 97 2 91 59 98 36 69
13 97 40 20 17 54 48 86 47 56 95 61 73 69
8 97 73 55 87 28 47 9 69
13 97 11 60 26 43 44 98 46 6 40 79 47 69
9 97 14 78 95 94 96 21 27 69
6 97 61 77 88 37 69
17 97 67 83 31 57 76 91 19 98 22 50 59 39 7 2 81 69
11 97 42 84 54 15 29 60 20 98 41 69
9 97 45 82 58 47 71 83 42 69
9 97 38 56 45 21 3 18 14 69
14 97 38 73 32 83 29 42 43 39 76 1 18 13 69
17 97 83 91 10 16 22 84 50 35 74 92 20 38 62 73 72 69
8 97 94 31 56 20 79 100 69
10 97 96 10 19 93 94 73 43 81 69
15 97 65 58 93 3 55 44 51 27 67 62 87 88 2 69
13 97 60 76 28 58 21 43 72 91 83 8 62 69
12 97 85 44 1 65 50 5 11 98 49 96 69
12 97 7 35 32 22 71 5 73 41 70 43 69
9 97 47 44 66 18 91 94 50 69
10 97 72 20 9 98 92 13 2 47 69
8 97 91 87 27 57 85 89 69
2 97 69
100 69
2 100 69
14 100 68 54 3 47 75 49 87 89 24 9 22 71 69
19 100 1 29 23 24 67 73 89 34 70 74 98 90 19 94 93 31 25 69
11 100 60 18 71 48 45 82 68 96 53 69
11 100 28 48 61 67 4 49 76 73 36 69
10 100 62 52 84 24 49 46 53 72 69
12 100 58 30 90 12 60 73 79 70 11 47 69
6 100 84 37 49 4 69
11 100 75 26 93 70 66 29 58 41 53 69
15 100 5 52 7 20 74 44 77 80 31 15 79 76 2 69
21 100 72 64 14 65 34 1 25 71 22 35 50 90 23 57 77 92 85 94 78 69
13 100 29 42 92 10 56 85 81 54 93 49 1 69
12 100 36 75 82 71 19 64 42 51 20 85 69
13 100 83 20 89 52 66 37 97 40 17 46 53 69
13 100 52 14 60 56 94 82 48 20 15 70 73 69
13 100 33 18 36 4 97 70 50 56 29 20 80 69
9 100 50 82 15 61 5 35 70 69
6 100 48 94 10 95 69
13 100 60 54 86 90 61 34 44 46 20 58 41 69
15 100 91 21 92 97 44 66 33 16 9 93 57 75 68 69
14 100 21 64 76 30 28 43 14 80 22 83 15 56 69
7 100 91 96 17 5 68 69
12 100 46 11 95 88 70 93 57 31 40 28 69
18 100 36 18 13 38 8 1 7 6 43 31 11 59 64 76 90 99 69
8 100 63 24 93 22 70 57 69
17 100 46 3 18 1 24 4 41 25 99 77 51 39 53 62 71 69
3 100 30 69
5 100 31 81 91 69
2 100 69
6 100 90 6 35 57 69
11 100 70 68 47 81 66 95 16 99 67 69
7 100 40 51 4 48 95 69
5 100 63 58 84 69
13 100 35 91 51 18 94 31 43 22 16 38 60 69
10 100 30 31 3 99 26 82 48 7 69
14 100 76 20 21 99 78 36 45 48 33 73 17 77 69
11 100 91 89 64 21 50 95 12 31 66 69
13 100 94 7 72 36 76 64 99 43 27 79 96 69
2 100 69
6 100 40 64 8 51 69
10 100 9 91 59 36 31 4 54 99 69
11 100 67 12 46 4 41 65 53 97 16 69
11 100 60 27 72 22 26 41 77 49 62 69
11 100 18 9 78 97 39 76 57 42 80 69
14 100 76 71 22 82 28 13 39 10 50 15 65 67 69
12 100 30 18 15 46 73 21 33 40 5 42 69
4 100 26 36 69
10 100 95 30 42 94 96 19 35 25 69
22 100 16 19 58 86 17 97 34 30 27 88 2 57 77 39 62 20 25 15 38 79 69
9 100 96 91 27 4 86 77 8 69
6 100 35 14 6 9 69
7 100 91 63 87 6 60 69
9 100 13 84 78 80 95 81 26 69
10 100 56 5 80 25 84 29 9 89 69
6 100 55 95 9 93 69
5 100 13 9 40 69
11 100 57 76 81 37 32 87 77 71 96 69
6 100 77 11 74 33 69
4 100 96 38 69
8 100 57 2 18 64 11 47 69
14 100 12 37 31 66 29 49 47 58 11 71 65 1 69
8 100 55 31 33 79 75 29 69
9 100 70 32 83 93 98 64 21 69
4 100 85 63 69
12 100 97 44 84 60 56 95 27 75 9 11 69
10 100 51 60 41 57 2 74 20 98 69
8 100 42 13 29 48 88 25 69
12 100 82 40 50 65 86 60 20 11 55 42 69
8 100 93 48 59 17 85 92 69
9 100 67 97 59 55 98 73 15 69
14 100 44 94 18 13 78 85 54 57 10 8 97 34 69
6 100 98 15 46 40 69
13 100 71 41 48 93 56 85 97 60 6 50 58 69
14 100 50 73 66 98 39 24 22 82 97 81 8 96 69
7 100 13 58 32 73 10 69
17 100 34 41 24 45 33 10 85 16 38 13 51 58 88 57 92 69
2 100 69
7 100 73 75 27 81 84 69
13 100 40 21 83 94 88 98 75 95 6 41 27 69
5 100 34 42 3 69
5 100 81 31 3 69
7 100 47 73 51 18 64 69
3 100 45 69
11 100 43 19 98 78 96 67 53 82 33 69
14 100 48 71 23 10 79 98 3 78 85 88 82 37 69
10 100 95 16 45 93 59 68 20 37 69
14 100 76 49 24 91 65 36 45 92 19 35 80 47 69
8 100 88 40 17 9 24 23 69
15 100 45 57 7 77 64 67 8 49 51 28 20 4 80 69
7 100 38 2 66 54 1 69
8 100 90 85 65 93 42 13 69
19 100 11 80 40 7 68 57 92 37 63 8 19 61 60 18 66 47 5 69
5 100 85 76 15 69
12 100 67 95 80 48 56 22 59 87 65 40 69
7 100 87 99 66 7 11 69
9 100 15 6 77 26 63 89 2 69
10 100 57 45 96 64 15 55 65 6 69
11 100 92 94 38 55 87 15 1 65 14 69
8 100 6 80 83 51 41 84 69
20 100 86 94 65 42 83 80 38 11 58 50 33 64 13 76 47 92 6 74 69
5 100 15 66 65 69
4 100 9 76 69
96 7
11 96 18 3 87 29 55 43 91 21 2 7
14 96 84 69 46 4 1 58 14 79 62 97 55 54 7
11 96 75 59 70 80 9 13 91 67 47 7
16 96 79 83 4 55 16 12 53 72 70 23 9 62 88 3 7
8 96 58 88 26 89 56 64 7
14 96 19 75 9 2 1 40 11 4 88 24 26 3 7
7 96 73 61 93 4 25 7
11 96 20 35 90 87 11 14 49 29 3 7
9 96 4 53 45 79 20 49 2 7
6 96 2 51 79 18 7
6 96 93 51 14 47 7
11 96 89 90 34 83 37 88 86 6 29 7
9 96 4 100 20 94 66 93 76 7
12 96 8 46 35 64 48 27 6 82 13 74 7
7 96 46 33 50 94 6 7
7 96 50 75 98 26 24 7
7 96 74 66 81 38 6 7
8 96 98 49 95 52 72 41 7
17 96 30 68 17 24 61 52 74 36 63 86 78 95 56 33 46 7
20 96 79 17 73 38 83 24 8 27 89 53 100 85 63 39 86 97 52 61 7
12 96 10 14 61 33 68 63 80 11 37 65 7
11 96 11 9 21 29 40 77 91 80 58 7
6 96 77 20 59 8 7
13 96 60 32 45 40 30 43 55 58 27 35 37 7
8 96 48 29 91 85 37 93 7
7 96 65 68 5 35 86 7
4 96 35 30 7
16 96 61 74 4 13 50 18 79 63 1 44 43 48 35 93 7
15 96 46 21 88 33 82 23 37 83 98 77 53 74 81 7
14 96 87 72 37 82 6 21 59 41 50 98 36 86 7
16 96 12 97 94 17 79 6 21 36 48 74 58 9 63 80 7
12 96 9 84 13 81 6 88 82 12 21 83 7
10 96 60 29 66 14 30 6 24 13 7
12 96 36 99 60 27 81 10 8 55 74 40 7
7 96 69 3 46 41 32 7
5 96 76 57 87 7
11 96 68 76 12 83 97 79 10 24 70 7
14 96 74 24 97 36 28 68 4 3 79 91 44 25 7
20 96 18 71 82 93 67 53 21 73 32 19 74 77 65 59 64 5 75 1 7
8 96 76 48 33 8 49 32 7
9 96 66 80 72 97 22 61 20 7
16 96 46 17 26 23 95 75 58 40 16 85 57 1 24 98 7
10 96 24 17 99 14 37 38 46 29 7
8 96 97 93 67 45 34 75 7
5 96 32 93 42 7
14 96 36 95 84 8 69 2 14 93 65 16 13 53 7
9 96 54 18 99 10 2 97 53 7
7 96 38 90 9 47 17 7
5 96 80 66 13 7
7 96 72 80 66 22 92 7
6 96 16 43 20 45 7
14 96 98 41 36 24 87 35 45 14 12 61 46 18 7
17 96 35 53 15 98 59 32 27 86 41 73 33 87 24 90 80 7
8 96 55 90 1 21 4 45 7
12 96 66 50 88 15 17 34 12 28 90 79 7
17 96 97 10 19 62 21 27 31 52 6 56 16 61 82 44 88 7
21 96 41 73 90 48 85 98 94 92 58 50 4 46 14 31 45 80 89 10 61 7
13 96 79 100 14 57 31 78 26 89 67 91 23 7
11 96 67 95 53 52 39 50 57 89 62 7
10 96 78 81 39 1 36 88 29 91 7
19 96 76 20 29 99 6 19 60 74 18 22 67 72 31 57 63 85 94 7
18 96 16 81 11 75 48 98 59 3 88 72 99 20 9 85 14 68 7
16 96 34 67 59 71 9 60 95 76 2 41 77 13 50 27 7
14 96 35 29 63 9 14 86 6 13 36 18 41 19 7
11 96 75 41 52 43 14 93 63 25 81 7
11 96 16 97 83 42 94 15 89 2 45 7
16 96 66 32 26 75 97 45 41 43 81 9 29 33 68 28 7
19 96 24 80 40 50 85 97 17 89 56 32 52 86 18 55 33 25 51 7
5 96 92 77 27 7
21 96 80 54 1 20 89 83 99 65 94 90 31 74 17 75 18 35 42 21 29 7
16 96 10 27 89 21 8 34 16 93 56 82 32 69 38 14 7
17 96 20 64 91 38 36 77 33 43 69 4 6 55 35 17 10 7
7 96 64 39 99 60 52 7
14 96 94 82 74 62 71 56 64 78 10 26 65 8 7
8 96 89 62 10 9 4 42 7
12 96 15 28 16 98 13 25 73 29 53 36 7
13 96 72 39 82 34 87 77 94 53 90 67 98 7
13 96 92 74 71 11 75 25 59 94 79 65 3 7
12 96 48 35 44 5 85 13 34 9 65 47 7
14 96 84 75 87 83 74 17 16 9 36 42 25 47 7
3 96 32 7
8 96 12 89 11 66 39 35 7
13 96 78 76 98 59 79 64 72 41 25 27 15 7
6 96 67 60 87 29 7
7 96 45 71 50 54 52 7
9 96 81 68 50 60 85 70 32 7
11 96 80 86 63 20 15 68 75 82 65 7
14 96 26 58 57 22 18 92 76 37 55 50 24 44 7
6 96 84 93 68 97 7
16 96 83 94 43 28 6 34 17 89 63 9 58 35 50 16 7
6 96 14 15 89 94 7
4 96 79 63 7
7 96 69 34 53 21 43 7
16 96 75 16 14 44 40 86 100 79 38 37 27 68 5 8 7
6 96 40 67 82 20 7
12 96 67 91 49 39 28 56 78 71 57 2 7
5 96 36 9 38 7
15 96 86 44 64 28 67 48 91 95 23 52 25 22 29 7
9 96 95 41 26 43 51 100 13 7
10 96 83 14 32 34 62 61 67 23 7
7 96 26 77 90 73 53 7
2 96 7
98 44
9 98 11 92 15 18 75 36 95 44
14 98 48 13 71 4 18 11 37 33 93 25 96 56 44
8 98 31 70 6 8 12 90 44
5 98 43 46 18 44
9 98 28 6 50 76 45 26 69 44
10 98 9 46 76 27 30 97 92 13 44
13 98 67 14 36 26 43 20 94 10 87 16 100 44
12 98 96 76 39 87 51 12 38 43 100 4 44
12 98 1 8 51 74 81 17 87 64 4 11 44
9 98 91 82 41 2 100 40 55 44
5 98 4 30 82 44
10 98 97 54 70 67 23 17 68 93 44
7 98 10 30 46 26 60 44
3 98 18 44
2 98 44
11 98 43 73 47 97 79 60 36 1 87 44
9 98 50 47 9 36 89 49 91 44
10 98 89 42 1 10 47 13 59 48 44
14 98 43 46 49 92 21 86 78 16 12 42 23 91 44
17 98 64 34 74 10 27 4 13 89 93 59 72 46 21 48 60 44
14 98 27 11 10 28 57 13 72 19 37 18 56 15 44
14 98 10 79 53 21 31 49 8 93 96 74 13 24 44
19 98 40 13 15 28 59 70 37 12 22 52 86 97 74 45 20 57 99 44
5 98 35 45 2 44
2 98 44
5 98 50 54 55 44
7 98 53 16 64 69 54 44
11 98 47 2 29 94 27 3 7 36 32 44
9 98 78 38 69 46 37 74 93 44
10 98 36 43 30 29 91 63 81 85 44
6 98 31 14 85 8 44
7 98 91 53 15 13 85 44
13 98 20 4 15 64 31 83 71 70 51 99 94 44
9 98 43 49 56 21 30 22 91 44
19 98 32 24 45 31 90 81 43 29 80 59 77 12 37 97 87 7 64 44
8 98 3 57 61 95 40 74 44
6 98 34 85 13 81 44
7 98 77 60 21 63 72 44
4 98 14 88 44
7 98 19 77 18 58 74 44
11 98 59 40 91 5 3 80 30 29 17 44
3 98 70 44
3 98 25 44
11 98 67 56 75 21 77 12 96 86 3 44
12 98 22 6 21 13 28 73 70 4 86 1 44
11 98 52 43 77 3 85 90 34 11 82 44
11 98 80 100 79 30 15 5 29 16 63 44
8 98 85 2 13 43 82 3 44
7 98 43 17 69 99 24 44
8 98 57 96 77 22 42 17 44
22 98 24 32 30 58 18 69 68 14 56 12 94 46 84 49 3 97 61 40 92 8 44
13 98 35 10 53 23 5 97 47 61 24 46 66 44
14 98 18 66 42 97 22 45 57 53 17 36 50 24 44
10 98 87 14 96 17 42 95 61 77 44
12 98 63 58 24 92 31 64 41 15 83 20 44
3 98 45 44
6 98 81 20 37 5 44
5 98 74 51 37 44
5 98 27 80 81 44
2 98 44
7 98 79 54 22 40 81 44
10 98 5 40 60 90 86 23 68 26 44
8 98 94 29 16 57 32 9 44
7 98 18 30 97 80 65 44
10 98 28 47 70 51 94 71 72 10 44
8 98 22 59 28 71 42 96 44
13 98 72 7 15 54 38 6 28 59 24 29 94 44
4 98 48 38 44
9 98 39 33 21 20 11 72 60 44
9 98 84 31 96 50 94 25 66 44
4 98 73 6 44
7 98 89 63 30 25 99 44
11 98 94 69 97 72 2 67 42 8 25 44
16 98 52 71 8 29 41 88 1 4 72 81 69 6 43 39 44
14 98 96 2 47 62 94 40 81 29 73 67 97 92 44
11 98 32 58 69 13 54 7 100 14 96 44
15 98 69 29 43 53 31 62 13 18 75 93 47 100 7 44
18 98 16 79 57 41 64 80 54 39 19 23 85 13 38 59 43 73 44
15 98 97 55 13 57 32 26 72 88 25 3 77 54 23 44
12 98 18 87 52 97 13 30 82 54 91 14 44
14 98 23 25 28 78 73 63 11 41 40 59 87 97 44
12 98 16 72 43 82 14 73 93 97 81 95 44
8 98 48 42 19 9 52 85 44
9 98 99 54 100 78 14 6 22 44
20 98 18 29 89 61 37 76 96 8 69 78 38 72 15 66 91 22 51 90 44
6 98 96 89 67 6 44
14 98 71 86 1 75 94 87 53 84 65 34 16 8 44
13 98 76 85 24 52 70 45 43 16 69 89 63 44
18 98 43 89 18 77 7 13 30 94 50 28 57 75 96 10 48 14 44
12 98 55 29 73 59 28 100 70 69 25 93 44
14 98 42 77 23 73 46 21 22 89 67 88 45 85 44
11 98 1 72 59 19 35 73 77 15 4 44
15 98 92 64 3 94 30 59 56 8 86 28 100 97 90 44
11 98 24 95 56 43 10 22 60 99 82 44
8 98 86 29 34 71 80 65 44
4 98 72 10 44
13 98 47 10 75 41 34 51 99 26 77 58 24 44
12 98 17 8 30 29 42 79 62 27 64 40 44
13 98 41 79 15 97 24 90 48 28 60 87 70 44
15 98 66 37 87 80 34 50 33 10 29 74 49 18 20 44
13 98 46 60 36 32 28 9 58 11 67 96 53 44
2 98 44
99 66
10 99 22 13 32 70 73 35 76 87 66
10 99 32 54 22 94 26 51 100 45 66
5 99 39 70 63 66
5 99 22 9 94 66
2 99 66
7 99 23 59 83 98 30 66
6 99 34 86 60 2 66
8 99 100 22 14 42 28 62 66
13 99 70 36 82 38 22 63 81 19 14 61 28 66
12 99 61 28 26 40 58 51 36 87 97 65 66
14 99 41 45 6 40 44 34 87 67 97 82 65 57 66
4 99 43 91 66
11 99 18 38 100 35 49 83 93 44 61 66
16 99 35 43 63 26 85 48 76 70 18 74 7 91 9 2 66
16 99 35 63 77 41 95 38 32 54 31 81 46 42 27 9 66
10 99 84 22 85 18 56 82 60 3 66
10 99 97 51 16 18 95 59 50 23 66
2 99 66
5 99 59 80 65 66
7 99 17 73 29 98 7 66
5 99 24 45 96 66
8 99 28 54 69 10 13 86 66
9 99 69 87 15 77 29 47 97 66
7 99 55 3 59 44 76 66
10 99 15 74 95 98 24 77 94 55 66
5 99 91 81 97 66
7 99 88 58 16 38 34 66
11 99 36 25 42 4 89 24 10 64 13 66
2 99 66
4 99 20 60 66
4 99 93 25 66
5 99 19 49 46 66
8 99 11 2 30 96 10 72 66
12 99 72 16 6 9 14 43 96 69 5 21 66
14 99 6 25 16 70 28 57 91 82 51 65 34 89 66
15 99 43 89 48 97 32 95 57 38 29 77 10 5 36 66
9 99 46 3 36 41 95 26 97 66
12 99 31 49 5 15 92 88 30 3 77 48 66
7 99 80 11 20 53 10 66
7 99 90 17 31 58 26 66
6 99 86 9 34 51 66
16 99 80 10 11 9 23 3 51 35 53 49 7 46 20 5 66
3 99 82 66
4 99 45 89 66
14 99 49 12 56 89 48 71 52 23 3 20 62 100 66
10 99 92 97 82 32 43 85 62 100 66
6 99 57 87 41 7 66
10 99 1 11 89 28 64 36 72 35 66
7 99 91 29 68 62 37 66
13 99 88 61 26 100 85 27 95 68 14 46 60 66
8 99 61 32 16 25 56 98 66
20 99 68 25 52 19 55 81 78 94 24 62 45 61 69 73 32 100 10 76 66
6 99 19 31 92 40 66
9 99 10 94 34 14 96 98 85 66
17 99 24 65 90 41 37 48 36 80 19 9 39 92 70 17 14 66
8 99 40 50 48 32 19 26 66
5 99 85 55 4 66
12 99 91 50 36 33 94 9 62 51 97 34 66
4 99 5 47 66
11 99 53 61 55 52 6 76 30 57 8 66
13 99 4 98 30 3 44 55 58 54 77 50 51 66
12 99 20 72 34 22 68 49 32 37 45 51 66
7 99 82 57 48 42 56 66
13 99 88 81 32 72 23 75 56 54 65 62 73 66
23 99 62 11 8 7 75 16 25 20 61 58 53 33 76 77 26 41 42 24 1 59 50 66
5 99 86 62 95 66
11 99 95 52 5 80 59 78 96 65 82 66
8 99 58 72 48 41 80 49 66
2 99 66
6 99 65 38 24 20 66
6 99 95 23 60 85 66
14 99 70 77 9 73 51 82 7 84 78 21 40 80 66
21 99 80 65 73 59 76 24 75 34 58 8 44 49 97 56 15 20 67 52 79 66
11 99 68 55 44 25 77 41 18 84 54 66
7 99 97 80 33 15 4 66
3 99 40 66
4 99 54 27 66
16 99 79 97 87 92 76 69 80 98 24 7 55 3 73 51 66
4 99 18 56 66
9 99 64 86 24 7 74 56 53 66
24 99 35 86 58 24 44 19 83 65 20 89 90 36 67 3 14 91 31 34 49 64 2 74 66
4 99 87 94 66
15 99 49 24 70 59 15 76 1 29 41 63 88 6 73 66
8 99 48 73 1 68 65 84 66
4 99 36 87 66
19 99 57 83 49 80 42 47 26 18 89 68 31 25 72 24 92 37 44 66
12 99 90 78 77 42 57 62 2 19 52 68 66
6 99 45 91 81 92 66
16 99 82 30 69 6 96 51 91 57 76 62 94 14 47 25 66
19 99 38 29 27 87 55 42 94 8 61 37 71 1 7 3 18 59 69 66
8 99 7 37 61 97 82 33 66
4 99 58 97 66
8 99 6 21 12 7 75 19 66
4 99 28 5 66
13 99 57 8 38 59 89 56 58 52 32 100 71 66
5 99 60 37 98 66
12 99 96 8 57 32 60 65 81 12 59 29 66
2 99 66
4 99 96 89 66
11 99 69 38 33 6 89 14 4 59 64 66
11 99 73 46 4 61 12 16 30 96 47 66
2 99 66
98 73
6 98 55 42 50 58 73
10 98 54 97 62 70 95 46 63 6 73
11 98 95 84 92 5 38 43 18 78 70 73
12 98 23 72 29 82 76 99 34 70 67 32 73
10 98 94 58 75 29 8 76 30 57 73
18 98 47 67 36 66 8 19 69 100 41 57 78 75 12 64 72 42 73
12 98 3 80 79 50 100 71 24 5 66 54 73
3 98 77 73
8 98 16 32 31 6 70 23 73
9 98 48 24 21 55 62 74 67 73
17 98 34 60 12 80 48 77 39 10 24 96 95 84 75 14 5 73
5 98 74 38 31 73
5 98 83 25 22 73
5 98 7 56 71 73
7 98 86 34 26 24 4 73
11 98 66 29 55 40 50 90 23 80 85 73
5 98 33 77 11 73
14 98 90 18 85 45 72 32 42 93 34 69 61 30 73
15 98 14 54 12 47 59 49 56 21 81 1 92 48 89 73
13 98 95 88 18 85 31 81 30 25 11 96 44 73
4 98 44 18 73
14 98 27 50 72 78 21 44 68 39 69 16 75 41 73
6 98 71 87 13 57 73
7 98 87 4 72 29 68 73
11 98 67 18 61 7 21 78 89 84 57 73
11 98 1 41 58 75 29 34 15 57 8 73
12 98 18 34 85 84 65 72 33 74 3 63 73
18 98 35 89 84 34 3 24 65 93 4 71 83 58 14 17 51 2 73
14 98 44 25 29 47 94 69 15 57 26 35 45 81 73
14 98 89 79 53 18 59 25 56 20 42 90 19 3 73
15 98 89 72 95 52 25 23 13 70 49 51 4 59 6 73
4 98 26 69 73
9 98 34 23 20 13 22 47 100 73
3 98 15 73
20 98 12 85 24 59 92 31 56 10 47 58 29 46 26 75 76 33 71 74 73
18 98 80 42 68 91 69 59 49 70 29 71 63 88 99 81 19 18 73
8 98 45 95 58 88 16 41 73
5 98 27 34 69 73
4 98 51 74 73
11 98 34 8 47 19 48 56 21 81 94 73
10 98 21 38 22 17 46 19 53 97 73
5 98 51 66 89 73
5 98 18 66 67 73
12 98 84 44 28 100 36 55 53 4 40 61 73
9 98 61 71 42 97 45 37 86 73
8 98 55 45 64 71 97 23 73
4 98 30 20 73
12 98 24 22 2 50 33 55 67 59 51 29 73
8 98 48 29 95 46 66 97 73
8 98 82 86 2 60 62 6 73
8 98 40 92 78 35 86 82 73
12 98 57 74 77 12 94 21 39 63 96 15 73
10 98 95 5 17 80 9 8 15 78 73
3 98 80 73
16 98 26 13 49 34 38 15 36 28 5 42 54 82 58 65 73
20 98 64 1 85 50 94 69 5 18 20 80 27 12 49 58 37 44 42 33 73
10 98 85 37 36 16 33 28 93 17 73
11 98 80 49 9 93 83 47 30 15 71 73
16 98 19 74 22 10 44 49 30 90 96 24 41 76 26 86 73
12 98 62 86 99 47 14 33 100 80 44 79 73
11 98 43 37 69 92 53 66 64 11 80 73
9 98 90 43 24 31 54 64 87 73
17 98 85 62 95 46 76 67 50 3 8 88 79 26 91 24 11 73
3 98 89 73
15 98 30 99 50 83 91 38 69 100 31 57 94 86 52 73
6 98 11 28 9 75 73
4 98 99 54 73
19 98 1 82 53 9 61 24 94 19 92 52 62 100 21 69 49 7 78 73
5 98 45 26 78 73
16 98 42 25 23 17 16 19 28 7 100 51 57 2 63 53 73
9 98 70 42 63 2 49 41 57 73
17 98 51 45 15 76 66 22 49 29 99 9 12 37 3 40 6 73
10 98 1 10 77 31 59 75 61 90 73
13 98 19 8 16 92 42 28 86 1 87 11 59 73
13 98 22 96 7 58 27 56 59 32 94 83 11 73
8 98 45 49 99 36 53 13 73
2 98 73
16 98 81 99 27 22 25 67 57 28 50 33 70 86 87 13 73
8 98 87 52 83 12 94 85 73
12 98 53 91 49 39 45 96 43 87 5 48 73
12 98 34 25 37 20 23 32 10 93 60 51 73
7 98 20 74 78 45 84 73
7 98 78 23 47 56 83 73
10 98 71 19 58 27 39 38 2 64 73
13 98 63 84 56 89 54 3 19 27 18 95 35 73
15 98 35 96 27 3 58 33 47 94 29 63 52 31 53 73
14 98 1 42 66 59 83 65 96 79 50 93 100 4 73
11 98 44 74 42 48 50 91 28 86 70 73
7 98 74 28 31 21 25 73
14 98 56 100 36 94 49 19 93 99 65 84 11 64 73
14 98 1 26 83 99 31 15 59 66 54 24 13 38 73
7 98 36 38 80 16 78 73
6 98 31 76 62 15 73
7 98 9 24 77 13 25 73
12 98 95 87 23 35 58 32 84 76 80 97 73
21 98 95 38 12 23 58 64 30 43 65 42 87 29 24 93 79 54 20 56 75 73
6 98 7 59 64 96 73
9 98 15 86 33 85 95 76 47 73
11 98 13 68 28 95 50 91 36 41 66 73
14 98 26 45 32 46 97 13 95 30 80 76 86 42 73
15 98 44 33 2 34 94 18 74 25 72 97 71 40 50 73
3 98 69 73
92 93
5 92 88 75 4 93
19 92 79 6 61 71 86 16 37 44 64 18 70 75 87 51 80 84 14 93
11 92 2 95 87 37 64 9 67 58 82 93
4 92 67 45 93
8 92 42 19 51 64 40 50 93
14 92 12 85 75 36 18 50 84 89 24 6 20 66 93
7 92 63 21 97 99 11 93
7 92 90 9 41 52 27 93
5 92 16 40 77 93
20 92 60 69 68 97 32 45 12 35 100 23 71 55 90 7 74 50 95 8 93
10 92 76 52 23 73 17 68 35 51 93
9 92 21 65 50 29 59 46 16 93
7 92 8 32 51 49 18 93
8 92 63 100 44 66 47 96 93
7 92 46 96 56 81 30 93
15 92 95 46 94 7 29 75 48 22 21 45 23 3 38 93
2 92 93
11 92 7 20 42 24 79 69 17 80 23 93
9 92 90 74 6 63 36 65 7 93
7 92 2 31 35 74 45 93
18 92 29 60 46 55 84 21 34 37 13 9 69 63 43 50 30 77 93
16 92 89 42 65 35 2 17 9 28 18 10 41 31 43 21 93
3 92 70 93
16 92 19 32 28 57 70 65 64 13 5 15 44 91 51 34 93
19 92 28 1 44 12 73 49 72 37 84 78 32 96 58 16 64 33 2 93
11 92 3 64 18 16 21 94 85 73 53 93
16 92 82 45 4 42 56 55 20 83 22 74 29 81 73 61 93
13 92 84 85 75 11 54 72 94 95 78 83 50 93
9 92 68 9 19 78 13 61 20 93
8 92 47 67 31 12 85 11 93
17 92 40 55 62 9 1 37 4 59 39 64 85 23 53 41 91 93
8 92 1 25 86 29 70 28 93
15 92 22 31 68 34 99 51 71 40 97 63 96 70 46 93
14 92 38 15 86 69 63 74 23 56 87 85 27 59 93
6 92 74 28 87 16 93
19 92 42 49 10 82 31 90 53 95 63 48 85 41 45 50 60 89 5 93
10 92 96 7 83 53 16 64 95 66 93
13 92 73 39 13 91 57 1 71 89 29 30 20 93
6 92 28 98 81 77 93
2 92 93
2 92 93
2 92 93
7 92 55 74 19 56 2 93
11 92 20 64 99 77 23 67 14 81 1 93
13 92 19 99 9 94 77 45 56 88 82 16 14 93
6 92 23 1 72 87 93
20 92 52 34 44 19 17 13 90 18 32 83 22 99 10 50 4 1 62 96 93
12 92 72 85 63 13 60 55 70 89 76 86 93
17 92 80 74 52 79 67 1 86 65 39 54 31 68 24 83 6 93
8 92 48 53 35 41 19 64 93
6 92 71 15 72 68 93
26 92 18 70 59 34 80 4 45 79 84 2 56 30 28 68 78 3 54 71 87 51 91 36 60 57 93
10 92 57 38 43 89 87 52 71 78 93
21 92 100 35 96 2 74 24 97 94 38 65 69 3 19 68 43 25 62 22 56 93
12 92 78 76 67 65 52 7 68 82 6 26 93
7 92 26 37 58 34 9 93
26 92 88 33 98 100 60 9 59 11 91 76 21 83 51 52 81 2 77 37 20 45 74 65 58 53 93
21 92 7 74 31 77 68 19 52 99 42 45 23 57 10 70 83 91 17 100 97 93
10 92 56 71 24 35 95 82 20 21 93
8 92 3 12 83 89 14 26 93
13 92 62 14 26 50 1 22 89 64 51 8 37 93
8 92 31 57 9 37 10 3 93
3 92 38 93
6 92 28 30 70 63 93
7 92 62 39 38 59 63 93
20 92 37 73 55 88 83 38 2 70 85 43 13 35 54 21 63 36 91 71 93
6 92 39 88 45 13 93
4 92 16 66 93
5 92 87 98 25 93
7 92 53 82 77 76 78 93
6 92 22 62 60 43 93
7 92 44 22 54 48 24 93
8 92 45 3 15 32 50 34 93
17 92 74 44 45 73 27 17 38 25 30 18 24 31 16 97 49 93
3 92 97 93
14 92 41 86 44 1 75 57 6 85 19 5 91 37 93
3 92 80 93
3 92 96 93
8 92 33 42 50 24 53 59 93
22 92 81 65 10 1 36 69 23 45 26 31 38 99 60 32 2 24 80 76 14 7 93
11 92 22 74 15 63 69 6 1 36 32 93
11 92 29 38 60 66 53 2 12 26 61 93
2 92 93
14 92 41 15 2 100 20 16 11 63 86 52 40 39 93
16 92 5 97 24 38 2 98 63 36 51 67 20 48 4 68 93
13 92 42 84 98 38 7 72 83 29 14 26 78 93
5 92 43 79 14 93
3 92 36 93
7 92 70 99 44 68 23 93
21 92 26 3 16 33 46 36 98 65 23 54 58 99 72 85 12 39 82 61 2 93
4 92 17 62 93
11 92 79 90 64 74 88 19 54 84 27 93
11 92 74 49 88 4 95 42 20 39 58 93
11 92 54 99 74 67 3 60 13 96 40 93
3 92 97 93
7 92 50 60 6 53 94 93
2 92 93
12 92 85 39 63 26 56 29 53 72 55 96 93
16 92 94 61 8 5 85 52 36 25 87 17 66 9 42 45 93
3 92 14 93
4 92 72 14 93
3 92 54 93
99 56
11 99 19 81 65 70 12 72 96 77 64 56
8 99 19 96 69 35 52 32 56
3 99 63 56
15 99 84 60 74 29 77 100 68 47 78 92 58 39 10 56
16 99 73 62 48 92 68 51 37 91 22 29 15 21 94 58 56
6 99 74 37 27 29 56
14 99 77 6 2 70 47 58 1 91 29 40 88 21 56
12 99 5 40 87 82 57 41 80 69 73 27 56
12 99 40 60 85 65 36 50 45 10 26 68 56
10 99 91 17 45 6 61 64 78 89 56
11 99 6 18 42 84 44 85 15 46 35 56
5 99 95 58 8 56
8 99 49 44 97 15 1 21 56
11 99 18 74 87 83 65 31 57 50 14 56
20 99 84 54 29 60 50 22 10 83 18 53 47 30 1 34 31 87 67 79 56
6 99 74 67 36 14 56
11 99 76 49 88 97 52 96 63 57 95 56
7 99 95 20 96 30 72 56
6 99 81 62 86 49 56
10 99 20 54 26 77 12 90 3 48 56
6 99 61 19 36 85 56
6 99 74 88 100 30 56
17 99 87 3 50 37 97 4 90 51 21 60 76 43 49 52 2 56
16 99 89 79 27 28 86 59 72 88 44 52 64 11 77 55 56
16 99 81 41 88 12 4 51 64 79 34 36 61 93 26 5 56
9 99 10 61 86 89 46 42 60 56
10 99 51 35 24 8 72 50 63 96 56
13 99 34 50 87 46 81 71 58 13 62 19 86 56
7 99 11 85 52 38 83 56
14 99 8 32 17 45 11 29 40 68 87 98 69 4 56
5 99 40 34 72 56
11 99 61 96 89 76 32 23 43 64 27 56
13 99 92 61 25 6 73 76 68 8 51 34 44 56
2 99 56
10 99 9 81 52 18 30 98 43 94 56
17 99 40 76 70 50 11 98 97 49 63 78 2 48 47 52 37 56
18 99 5 76 44 90 72 29 85 31 1 60 65 57 87 30 70 17 56
8 99 94 88 24 5 44 41 56
3 99 68 56
15 99 47 68 51 94 22 92 95 64 78 63 32 80 96 56
21 99 51 97 54 27 68 87 5 65 92 2 72 95 9 90 15 100 71 19 10 56
11 99 34 32 58 55 50 70 24 37 44 56
5 99 89 40 91 56
12 99 51 74 90 39 58 88 82 59 100 20 56
8 99 93 4 41 7 35 70 56
2 99 56
9 99 21 84 47 10 62 53 5 56
6 99 10 60 5 33 56
14 99 75 5 53 47 83 81 50 54 3 78 63 55 56
8 99 19 14 45 50 24 57 56
17 99 39 72 44 26 77 79 85 66 64 63 86 69 24 93 21 56
15 99 72 82 46 30 2 25 59 1 91 22 31 50 34 56
13 99 57 73 84 17 66 20 76 89 24 44 14 56
8 99 31 60 33 49 51 64 56
13 99 98 78 43 25 14 84 7 45 9 39 31 56
19 99 13 88 24 33 53 20 83 85 82 63 51 7 28 5 41 71 42 56
10 99 50 67 7 31 65 25 98 88 56
9 99 87 6 18 10 76 68 52 56
14 99 58 72 51 78 100 73 14 96 89 18 76 98 56
13 99 95 43 12 82 16 29 20 64 75 70 9 56
11 99 69 91 92 66 36 84 19 62 16 56
14 99 8 26 32 40 23 98 53 97 83 9 77 4 56
6 99 24 16 9 10 56
11 99 19 37 16 96 13 95 75 22 54 56
12 99 95 87 84 29 82 44 75 83 37 39 56
17 99 36 30 73 92 84 4 31 35 50 25 19 48 90 87 20 56
5 99 63 40 96 56
3 99 63 56
8 99 69 57 18 36 90 81 56
9 99 7 67 74 88 29 49 95 56
17 99 52 41 36 59 64 58 15 75 7 57 19 24 72 66 95 56
8 99 88 75 11 94 19 62 56
7 99 80 72 54 84 81 56
13 99 15 6 44 19 73 71 68 59 49 28 67 56
12 99 3 26 51 63 50 98 6 21 1 5 56
15 99 34 93 25 92 65 75 47 81 28 21 13 23 43 56
6 99 89 77 7 52 56
16 99 75 69 71 49 53 10 46 43 30 23 37 70 45 28 56
5 99 79 61 10 56
17 99 9 54 87 19 45 37 81 86 58 34 90 76 75 46 27 56
17 99 53 85 60 26 45 86 31 67 98 37 3 58 76 35 36 56
13 99 26 53 45 19 9 67 50 18 24 51 30 56
15 99 88 95 82 40 4 76 77 7 73 75 54 36 39 56
3 99 88 56
8 99 29 45 66 100 75 68 56
18 99 24 93 36 43 49 37 53 14 26 79 61 32 100 45 9 10 56
31 99 39 65 18 45 74 46 69 27 75 93 31 59 36 97 14 10 54 57 78 16 42 100 25 91 11 9 72 61 7 56
13 99 75 47 93 72 2 10 62 23 46 57 40 56
8 99 72 5 10 35 40 94 56
7 99 20 87 10 5 34 56
4 99 94 95 56
11 99 47 1 64 60 22 82 93 43 87 56
9 99 85 19 12 86 73 41 61 56
4 99 84 37 56
21 99 75 18 6 85 24 90 41 34 60 68 31 61 48 13 7 89 76 83 25 56
7 99 70 60 59 20 93 56
10 99 39 60 44 89 18 35 6 25 56
12 99 74 87 42 60 11 28 10 16 2 6 56
21 99 4 11 77 81 57 2 59 12 53 41 3 14 66 15 37 92 73 31 61 56
14 99 43 50 37 66 31 52 14 90 3 67 84 64 56
6 99 11 14 29 65 56
4 99 69 7 56
99 61
14 99 54 24 45 18 59 39 76 29 2 95 51 74 61
21 99 51 82 18 93 15 100 59 58 34 3 40 5 69 60 2 50 1 25 77 61
13 99 17 39 51 66 91 23 71 5 85 60 34 61
5 99 97 13 77 61
9 99 48 77 42 23 13 11 88 61
12 99 70 37 88 31 21 52 49 84 85 91 61
6 99 1 10 53 39 61
6 99 28 85 82 76 61
3 99 85 61
17 99 91 2 29 58 75 59 41 71 86 72 88 8 37 27 19 61
9 99 100 71 26 10 92 17 55 61
9 99 26 29 35 88 44 56 57 61
6 99 86 29 38 40 61
10 99 14 100 15 66 38 40 33 88 61
14 99 48 57 49 15 41 75 10 97 46 79 32 31 61
16 99 10 52 13 89 75 15 40 26 28 34 82 71 53 16 61
14 99 86 39 15 26 67 17 14 76 60 28 33 100 61
13 99 55 85 63 86 36 51 3 32 20 42 71 61
9 99 70 29 42 59 9 3 69 61
8 99 70 26 75 41 67 7 61
2 99 61
5 99 60 73 100 61
10 99 14 48 50 93 53 81 15 63 61
21 99 73 60 35 53 16 67 81 45 27 91 23 20 3 44 46 89 5 71 21 61
11 99 16 46 73 60 11 85 18 13 54 61
4 99 12 3 61
4 99 42 62 61
8 99 20 97 58 73 12 35 61
4 99 48 77 61
7 99 33 75 20 85 2 61
16 99 64 20 100 90 3 85 25 21 71 2 42 30 80 4 61
14 99 5 18 40 62 21 77 6 50 23 32 80 20 61
11 99 41 83 82 98 31 73 51 18 77 61
17 99 78 65 64 24 88 67 92 21 69 72 18 3 74 50 23 61
10 99 45 67 30 5 17 83 89 65 61
19 99 49 62 28 58 12 5 29 42 89 30 51 59 82 80 20 4 86 61
7 99 15 79 85 94 16 61
10 99 70 57 40 43 13 46 9 86 61
13 99 65 71 34 30 31 56 77 98 58 36 92 61
4 99 62 38 61
8 99 83 82 57 51 69 28 61
6 99 73 60 69 51 61
11 99 98 1 79 62 69 21 14 2 85 61
8 99 41 50 72 60 19 56 61
12 99 2 24 66 10 19 98 83 52 74 8 61
18 99 76 79 40 25 50 11 55 1 97 71 38 58 95 17 51 10 61
16 99 76 8 100 51 62 97 71 35 95 70 91 85 48 45 61
15 99 42 9 32 52 25 4 48 72 17 13 28 70 65 61
6 99 9 33 90 66 61
8 99 37 40 56 2 97 79 61
9 99 96 49 36 9 23 17 73 61
3 99 16 61
2 99 61
9 99 41 71 79 78 95 33 89 61
21 99 92 68 16 66 46 94 15 34 41 77 12 36 11 7 70 97 19 9 76 61
7 99 1 6 62 46 13 61
14 99 78 5 67 29 53 86 89 23 24 30 57 47 61
13 99 53 15 28 4 57 97 50 2 35 8 63 61
9 99 62 37 50 72 64 15 27 61
5 99 78 37 44 61
6 99 41 40 91 11 61
6 99 44 18 60 80 61
16 99 65 1 34 44 27 12 75 48 2 83 36 30 66 32 61
8 99 70 29 10 50 6 65 61
3 99 36 61
8 99 76 83 9 55 22 20 61
13 99 12 20 9 85 17 15 63 86 52 2 91 61
12 99 20 76 53 7 34 38 81 45 48 22 61
8 99 20 98 53 82 13 92 61
13 99 13 10 15 48 92 35 25 94 7 53 47 61
6 99 19 43 16 97 61
12 99 86 44 22 77 66 59 40 51 82 28 61
4 99 57 59 61
5 99 65 67 2 61
11 99 57 10 48 85 44 91 41 60 89 61
8 99 91 66 4 18 78 60 61
12 99 66 81 40 89 16 35 82 17 8 75 61
14 99 25 80 79 23 49 16 4 13 57 55 72 11 61
8 99 77 13 80 35 52 23 61
6 99 70 16 17 31 61
9 99 29 78 1 48 32 4 36 61
10 99 10 84 2 83 35 95 23 44 61
17 99 44 30 83 90 67 38 78 35 41 82 64 8 4 73 13 61
8 99 38 90 52 60 53 76 61
20 99 98 18 22 29 96 93 39 10 91 73 87 38 34 57 30 50 67 95 61
13 99 98 78 16 66 50 30 86 75 14 39 72 61
5 99 58 95 97 61
9 99 43 50 42 1 93 58 97 61
11 99 98 95 38 73 56 22 78 69 45 61
16 99 55 21 82 87 90 8 10 44 62 35 32 39 54 38 61
5 99 93 43 23 61
12 99 54 34 44 95 10 48 53 91 59 17 61
12 99 10 56 27 44 69 71 72 39 75 29 61
12 99 69 34 30 70 86 20 1 51 12 41 61
6 99 75 90 36 81 61
8 99 98 69 53 67 77 1 61
5 99 30 8 91 61
5 99 100 31 35 61
8 99 31 69 21 39 55 12 61
13 99 77 65 52 19 96 73 47 80 64 92 31 61
8 99 30 69 83 97 58 31 61
3 99 4 61
100 54
6 100 70 79 7 9 54
12 100 77 20 94 99 45 89 44 52 83 33 54
9 100 61 46 24 21 8 71 14 54
7 100 55 29 93 20 72 54
15 100 42 69 94 97 34 85 7 44 28 56 77 89 26 54
18 100 29 50 23 32 12 40 96 9 85 84 62 17 66 67 82 15 54
12 100 4 57 48 93 69 50 66 7 85 94 54
9 100 47 5 57 24 92 62 2 54
8 100 84 11 77 5 43 65 54
4 100 31 21 54
13 100 40 2 56 34 62 89 32 96 85 94 14 54
15 100 43 32 52 94 57 88 96 2 31 11 62 1 28 54
13 100 95 34 25 17 84 88 99 96 56 98 62 54
7 100 89 69 60 83 28 54
4 100 99 9 54
18 100 1 86 47 90 60 28 76 19 98 53 25 75 24 91 5 70 54
9 100 73 24 6 79 86 98 3 54
3 100 7 54
4 100 18 77 54
9 100 86 17 35 52 96 74 58 54
19 100 5 94 35 69 71 19 13 43 84 95 66 34 76 51 74 91 8 54
4 100 19 37 54
18 100 57 35 33 29 97 39 23 21 20 75 28 2 95 59 77 30 54
13 100 36 57 33 11 80 3 45 63 28 65 69 54
6 100 68 38 21 94 54
12 100 29 48 6 56 94 74 55 68 20 21 54
16 100 99 65 73 42 76 21 68 63 36 80 85 40 13 38 54
13 100 92 16 74 83 28 60 31 78 5 75 99 54
9 100 91 64 60 31 7 70 63 54
10 100 7 69 44 60 56 36 75 90 54
10 100 5 66 34 58 13 60 19 21 54
13 100 31 65 53 51 41 22 61 28 33 57 86 54
5 100 66 86 90 54
5 100 24 89 73 54
12 100 7 42 88 72 86 69 59 63 39 16 54
15 100 89 86 93 59 8 9 29 33 63 87 73 35 69 54
3 100 50 54
5 100 4 42 95 54
4 100 14 1 54
11 100 3 67 60 75 79 57 38 52 1 54
18 100 35 14 90 53 97 11 20 36 21 93 17 34 60 66 73 1 54
15 100 20 94 79 65 18 98 24 96 42 75 2 8 62 54
10 100 48 23 14 84 94 27 8 77 54
8 100 62 95 34 26 23 80 54
9 100 92 26 71 20 59 30 5 54
12 100 30 63 78 47 48 11 32 92 34 58 54
6 100 67 21 20 55 54
10 100 76 14 47 4 37 77 61 20 54
5 100 14 90 34 54
6 100 24 79 63 50 54
17 100 82 18 57 30 79 88 6 84 77 51 76 83 40 21 95 54
7 100 79 24 29 26 91 54
3 100 47 54
13 100 83 46 10 74 26 20 25 11 22 47 15 54
9 100 62 34 83 64 24 88 76 54
10 100 50 64 87 56 26 52 20 82 54
12 100 99 32 93 43 87 92 55 72 19 20 54
10 100 18 75 42 27 78 99 58 20 54
10 100 76 12 27 32 84 62 18 81 54
5 100 8 25 56 54
10 100 42 73 94 8 3 44 97 85 54
8 100 46 25 41 31 79 9 54
10 100 26 43 3 96 52 61 69 73 54
5 100 75 44 19 54
17 100 19 91 61 99 31 4 21 59 27 5 77 39 26 75 51 54
12 100 31 47 78 37 21 26 39 80 92 11 54
5 100 59 30 6 54
4 100 63 94 54
20 100 33 65 37 88 11 99 13 22 3 46 9 49 68 89 44 78 16 21 54
11 100 55 65 98 61 24 12 78 3 9 54
5 100 60 73 71 54
11 100 62 17 65 10 43 36 60 77 67 54
5 100 97 5 57 54
17 100 93 51 4 45 96 52 66 33 35 81 53 61 42 40 23 54
28 100 81 2 18 90 36 48 63 73 31 96 58 51 97 5 21 37 23 50 20 52 53 68 57 24 27 95 54
13 100 19 99 64 69 68 27 33 88 32 46 67 54
22 100 76 49 83 25 47 50 72 31 17 58 7 60 74 57 1 40 8 88 53 79 54
13 100 94 56 73 38 17 99 42 87 72 27 18 54
9 100 44 22 34 59 10 63 35 54
3 100 19 54
6 100 69 12 74 13 54
10 100 65 20 50 98 63 30 68 31 54
12 100 81 48 4 25 99 7 30 33 56 74 54
10 100 31 82 88 13 17 69 57 79 54
10 100 72 19 13 26 21 9 5 30 54
8 100 26 59 22 9 51 81 54
18 100 38 9 74 40 89 31 69 81 4 34 83 27 46 48 29 86 54
14 100 89 22 41 42 86 6 59 60 3 2 81 12 54
14 100 68 38 6 23 64 94 20 93 46 39 22 47 54
3 100 45 54
18 100 65 64 50 70 76 96 53 72 67 12 27 38 37 82 20 6 54
17 100 98 20 50 96 36 70 22 57 52 67 19 8 63 64 3 54
8 100 16 30 56 8 19 26 54
19 100 30 49 33 19 85 86 34 22 63 90 57 1 51 29 20 46 44 54
18 100 70 40 31 72 69 89 12 25 35 56 46 10 85 73 1 83 54
6 100 9 38 42 65 54
15 100 20 19 4 63 40 26 78 39 30 33 87 90 85 54
10 100 81 15 83 91 82 6 85 35 54
12 100 9 30 63 69 25 10 93 27 42 23 54
20 100 87 18 29 13 82 53 51 17 57 84 10 31 25 11 26 37 50 27 54
13 100 93 51 27 1 83 95 79 11 84 57 60 54
2 100 54
95 15
26 95 72 94 51 33 83 76 62 25 79 46 39 16 53 2 59 86 9 90 40 64 57 89 38 81 15
15 95 58 69 93 21 98 7 49 52 76 78 11 20 31 15
7 95 91 98 70 26 100 15
15 95 70 81 97 57 68 31 72 98 10 66 13 7 84 15
3 95 72 15
10 95 17 27 57 32 10 44 74 23 15
6 95 62 44 56 54 15
16 95 76 100 20 55 44 85 59 12 77 25 1 61 91 60 15
12 95 73 71 98 72 37 31 88 76 23 9 15
9 95 55 91 79 10 83 72 88 15
16 95 42 18 65 21 80 51 3 19 81 55 88 50 33 10 15
3 95 97 15
12 95 6 89 28 35 79 13 81 98 65 25 15
9 95 72 68 75 12 40 90 44 15
9 95 97 17 11 93 46 42 56 15
7 95 1 26 61 23 97 15
8 95 26 93 16 98 79 49 15
9 95 65 33 27 80 84 45 93 15
6 95 36 38 64 44 15
11 95 28 68 84 83 44 80 63 40 23 15
14 95 100 70 3 98 76 42 63 74 99 96 58 40 15
13 95 38 12 45 40 58 74 42 29 98 59 67 15
9 95 92 25 85 44 74 94 51 15
13 95 75 97 45 7 44 76 20 68 11 2 40 15
5 95 84 56 40 15
4 95 56 83 15
2 95 15
17 95 23 83 96 55 25 21 43 51 11 37 73 33 16 56 90 15
10 95 78 98 79 81 5 38 36 69 15
6 95 98 89 40 2 15
10 95 74 72 47 81 79 70 5 24 15
9 95 80 23 77 41 53 69 14 15
14 95 93 80 27 11 69 97 36 67 25 6 77 23 15
10 95 90 59 78 2 33 92 94 17 15
8 95 76 27 83 90 79 69 15
14 95 70 48 96 41 50 100 77 71 11 76 82 57 15
18 95 66 91 74 71 12 97 100 28 34 88 46 43 75 94 62 45 15
11 95 3 66 42 12 26 99 53 65 34 15
11 95 70 33 89 76 12 57 67 49 7 15
14 95 94 55 44 29 36 81 2 92 18 16 3 9 15
8 95 48 92 94 2 3 65 15
13 95 50 82 36 44 13 33 31 19 23 45 40 15
5 95 44 40 75 15
11 95 18 43 86 82 84 50 2 81 52 15
10 95 72 56 31 64 86 14 26 85 15
6 95 25 10 96 88 15
8 95 100 54 25 41 83 49 15
4 95 17 79 15
8 95 83 37 31 3 69 13 15
14 95 78 77 29 91 90 11 64 30 56 74 59 82 15
4 95 40 58 15
10 95 97 30 46 60 85 38 96 67 15
8 95 71 65 51 89 91 27 15
10 95 47 4 73 32 52 59 40 51 15
12 95 85 44 51 53 66 65 22 72 96 20 15
4 95 92 8 15
7 95 62 67 9 29 48 15
14 95 81 72 91 49 22 71 54 44 63 64 23 41 15
7 95 99 75 17 72 98 15
11 95 44 58 54 56 89 92 39 14 69 15
7 95 80 94 26 14 83 15
19 95 20 5 26 67 10 62 81 27 14 77 45 91 61 66 46 72 38 15
6 95 44 12 37 46 15
7 95 63 68 98 89 48 15
6 95 55 30 91 90 15
9 95 79 49 42 69 72 56 6 15
14 95 27 79 75 4 81 50 99 59 36 52 94 21 15
6 95 27 65 75 2 15
4 95 58 38 15
4 95 9 78 15
6 95 91 8 47 72 15
9 95 27 1 22 69 34 20 62 15
9 95 92 56 97 18 86 65 44 15
6 95 76 63 37 39 15
12 95 62 72 45 16 66 67 94 3 33 86 15
10 95 1 98 93 54 46 63 50 67 15
14 95 44 76 100 53 54 20 33 58 90 77 72 24 15
16 95 69 72 26 21 60 76 52 45 29 46 59 3 43 9 15
2 95 15
10 95 3 46 4 7 28 68 43 74 15
11 95 20 90 56 4 86 60 67 76 22 15
11 95 29 46 33 66 5 53 74 83 22 15
11 95 26 19 2 4 68 87 16 85 93 15
7 95 86 73 16 57 85 15
8 95 87 13 57 47 34 93 15
9 95 39 41 50 31 79 12 76 15
14 95 47 60 84 23 62 68 43 73 50 20 94 6 15
17 95 41 18 53 94 23 98 20 59 78 71 39 11 85 43 81 15
9 95 87 94 24 12 90 92 10 15
4 95 91 73 15
10 95 16 54 87 77 27 88 8 23 15
13 95 25 58 93 32 82 63 38 39 65 85 9 15
16 95 84 80 60 93 43 20 58 1 64 41 59 57 53 22 15
7 95 82 32 87 65 36 15
5 95 30 14 66 15
8 95 26 20 87 32 66 41 15
17 95 48 80 18 67 30 74 46 16 45 55 82 4 62 22 44 15
14 95 24 14 38 100 89 77 74 6 34 83 57 35 15
9 95 55 12 58 89 100 82 11 15
13 95 49 74 39 37 11 66 20 29 28 51 6 15
11 95 85 21 60 38 14 66 29 80 48 15
2 95 15
97 66
16 97 3 29 75 47 95 91 50 32 44 36 39 52 53 41 66
22 97 24 92 55 71 75 65 2 13 18 53 94 9 46 32 68 39 57 10 61 60 66
7 97 52 41 49 63 68 66
5 97 72 30 37 66
11 97 32 11 89 84 69 23 15 29 74 66
17 97 40 53 51 15 57 71 91 79 96 93 81 13 47 63 100 66
6 97 63 45 49 70 66
10 97 15 18 13 52 10 30 96 31 66
9 97 59 65 1 32 40 28 10 66
6 97 32 11 45 20 66
13 97 49 15 33 99 7 22 24 45 29 86 98 66
16 97 76 26 74 92 11 27 86 34 44 42 16 25 9 50 66
3 97 71 66
5 97 16 56 28 66
9 97 58 45 60 79 54 42 26 66
14 97 20 79 72 54 45 15 14 51 44 63 17 82 66
8 97 81 74 5 80 58 52 66
5 97 67 78 52 66
17 97 54 36 24 20 13 94 80 48 63 85 100 58 75 37 72 66
13 97 83 33 74 81 7 12 55 22 92 32 86 66
9 97 22 67 31 55 89 28 26 66
8 97 30 24 46 22 33 81 66
13 97 81 46 93 80 11 41 96 72 54 56 71 66
13 97 83 88 6 7 81 22 79 46 39 58 32 66
8 97 50 2 98 38 51 60 66
11 97 35 67 30 48 26 21 90 70 15 66
8 97 61 10 8 93 43 95 66
7 97 26 94 57 2 35 66
12 97 96 3 87 57 36 93 95 29 94 83 66
6 97 26 47 48 38 66
18 97 1 85 12 78 63 18 31 73 88 60 91 5 92 59 38 64 66
22 97 67 7 40 68 23 33 31 10 54 56 91 21 24 59 47 8 13 9 87 89 66
14 97 87 79 91 98 74 84 99 76 21 48 5 78 66
3 97 93 66
3 97 79 66
8 97 43 58 31 85 44 81 66
10 97 49 46 18 99 45 72 52 87 66
11 97 87 72 57 90 62 42 19 54 88 66
14 97 27 1 77 14 63 7 71 59 90 4 70 15 66
11 97 51 2 95 65 8 49 62 98 76 66
11 97 21 12 79 72 17 57 84 48 46 66
9 97 16 46 80 17 55 69 37 66
11 97 45 62 25 39 53 76 41 95 69 66
14 97 50 89 29 45 21 3 11 91 17 85 31 20 66
8 97 20 32 22 9 71 47 66
7 97 95 73 4 82 75 66
5 97 47 23 33 66
4 97 1 89 66
8 97 16 31 80 36 25 3 66
12 97 53 3 52 72 12 77 1 80 20 27 66
16 97 69 58 71 49 2 54 13 55 19 59 22 1 45 68 66
11 97 34 47 41 45 32 36 38 95 91 66
10 97 45 98 74 87 91 32 11 17 66
11 97 61 36 91 43 68 96 79 25 45 66
10 97 69 54 88 17 76 89 50 33 66
4 97 65 64 66
7 97 74 70 46 58 94 66
13 97 6 21 99 14 86 89 60 44 31 90 57 66
12 97 78 24 22 50 86 92 18 71 37 73 66
12 97 92 6 26 28 18 15 47 62 99 11 66
8 97 11 96 1 92 59 77 66
13 97 80 37 84 98 6 65 70 86 44 23 88 66
9 97 56 71 68 84 57 46 19 66
8 97 18 76 55 49 14 78 66
7 97 20 26 60 70 41 66
11 97 91 34 85 55 87 60 29 39 20 66
7 97 42 76 34 35 61 66
15 97 46 40 24 55 13 16 61 74 6 60 9 69 28 66
9 97 31 59 52 88 25 37 47 66
19 97 68 18 37 91 87 19 51 5 47 12 11 74 45 80 40 22 54 66
13 97 16 46 84 74 67 64 69 26 5 39 22 66
14 97 86 60 30 23 26 16 62 78 64 69 72 63 66
11 97 64 46 72 77 82 26 69 51 96 66
5 97 8 16 53 66
15 97 45 74 39 25 71 95 30 3 70 69 48 32 17 66
17 97 75 86 64 1 46 29 62 94 25 38 67 69 6 30 60 66
9 97 50 84 78 75 91 49 30 66
9 97 75 48 29 7 28 18 58 66
6 97 7 95 62 75 66
8 97 32 57 84 87 3 7 66
5 97 1 29 34 66
9 97 17 36 63 48 15 51 9 66
14 97 35 76 40 10 89 24 100 34 22 67 18 48 66
10 97 44 32 30 73 3 83 71 56 66
6 97 3 79 30 32 66
9 97 7 18 14 83 24 51 49 66
9 97 6 90 38 26 69 40 84 66
5 97 75 52 48 66
8 97 88 8 51 25 58 62 66
15 97 29 55 92 10 75 39 77 12 40 78 14 99 25 66
2 97 66
10 97 98 30 31 50 96 38 45 40 66
17 97 33 53 44 77 41 37 91 24 73 35 75 4 55 25 88 66
21 97 31 91 7 20 89 25 57 53 30 68 23 14 95 33 98 47 16 77 37 66
9 97 7 100 44 77 55 69 11 66
5 97 96 60 4 66
4 97 99 80 66
13 97 22 89 36 72 50 24 26 16 30 40 90 66
15 97 26 94 46 53 71 40 22 86 51 59 90 88 45 66
5 97 70 93 9 66
6 97 17 53 100 26 66
2 97 66
98 35
22 98 43 30 92 28 8 32 22 42 4 48 24 21 52 87 38 27 14 79 83 63 35
6 98 49 83 90 79 35
8 98 50 68 97 67 89 56 35
13 98 92 1 59 72 44 7 20 55 11 61 31 35
14 98 4 92 44 68 24 1 7 83 94 49 97 34 35
15 98 61 20 45 81 78 65 67 14 100 6 69 44 24 35
10 98 83 21 87 95 62 88 97 66 35
9 98 6 94 56 48 59 44 28 35
12 98 97 20 54 8 18 14 22 2 42 81 35
17 98 58 88 97 14 55 9 39 5 93 19 99 49 71 34 2 35
15 98 89 5 99 46 65 53 83 41 16 100 70 22 49 35
21 98 67 7 75 32 13 89 10 9 1 37 53 12 49 54 90 69 94 92 6 35
9 98 32 7 94 62 49 43 65 35
17 98 77 2 95 55 39 80 75 18 73 48 67 99 97 61 68 35
8 98 27 63 22 9 67 42 35
12 98 7 67 56 93 10 6 49 84 44 3 35
15 98 60 83 95 43 8 57 54 21 36 7 10 17 49 35
20 98 74 46 34 84 17 31 15 66 52 68 100 13 47 92 8 87 19 27 35
11 98 75 82 8 36 87 76 6 99 17 35
4 98 60 40 35
15 98 23 14 2 55 68 99 37 84 27 20 66 72 13 35
7 98 33 87 99 27 8 35
11 98 42 46 56 75 74 89 72 22 21 35
7 98 3 84 2 45 89 35
14 98 58 67 34 41 7 87 57 49 8 20 47 79 35
13 98 88 66 24 33 16 10 18 5 38 89 67 35
11 98 91 29 65 18 54 53 5 50 48 35
18 98 33 59 79 34 28 83 91 81 58 54 27 96 66 45 12 19 35
7 98 80 11 4 2 67 35
14 98 25 53 39 95 1 44 87 49 4 14 5 77 35
4 98 28 52 35
7 98 24 77 42 99 70 35
9 98 77 82 68 33 78 42 40 35
13 98 26 86 18 3 70 56 77 63 99 5 94 35
6 98 15 61 53 27 35
10 98 42 12 37 31 25 69 95 33 35
8 98 69 18 25 96 91 26 35
8 98 53 60 38 96 94 61 35
15 98 77 8 22 83 67 54 18 71 37 58 76 34 15 35
12 98 5 67 10 89 30 34 31 54 81 60 35
13 98 68 54 80 25 88 31 89 74 48 95 41 35
4 98 23 47 35
19 98 4 44 73 80 81 94 14 36 66 46 88 9 74 69 28 15 91 35
16 98 93 31 11 49 39 17 92 82 44 66 22 94 32 67 35
3 98 58 35
7 98 79 80 11 15 9 35
12 98 39 28 95 97 47 92 65 26 9 5 35
15 98 73 65 14 9 79 57 17 85 33 67 74 30 70 35
12 98 60 71 36 33 67 45 80 93 27 18 35
8 98 97 61 75 21 91 22 35
5 98 99 11 57 35
11 98 78 93 39 70 95 54 62 100 99 35
9 98 14 27 16 36 19 83 10 35
15 98 74 62 5 12 95 21 10 27 4 38 37 82 13 35
4 98 62 69 35
2 98 35
3 98 43 35
9 98 11 94 50 55 58 21 1 35
10 98 4 79 30 24 63 40 99 59 35
3 98 8 35
5 98 91 62 74 35
16 98 91 4 52 21 8 18 58 97 43 61 17 13 46 55 35
11 98 18 9 44 90 3 12 13 33 6 35
5 98 88 58 91 35
5 98 87 1 17 35
15 98 88 61 80 74 29 97 41 96 14 9 71 78 8 35
4 98 81 12 35
5 98 30 78 13 35
7 98 8 31 100 54 21 35
5 98 22 51 54 35
9 98 54 92 94 36 88 80 91 35
12 98 7 20 93 68 82 16 81 75 92 66 35
21 98 65 81 83 18 85 55 84 2 73 94 3 17 74 60 63 14 80 91 31 35
9 98 52 49 7 14 29 76 95 35
13 98 20 19 76 12 89 51 8 28 97 1 61 35
11 98 42 54 97 96 26 74 41 45 48 35
9 98 88 48 74 89 52 43 6 35
17 98 16 88 66 41 23 70 61 13 89 100 56 44 55 17 38 35
11 98 71 47 10 52 65 1 83 25 97 35
21 98 17 20 87 40 60 14 50 53 30 85 70 61 73 44 48 79 15 25 23 35
13 98 95 70 12 31 94 57 8 93 41 9 67 35
8 98 41 78 28 100 67 99 35
16 98 14 37 53 28 50 1 70 87 32 23 24 13 75 36 35
11 98 94 24 57 73 42 31 26 14 51 35
19 98 9 100 85 59 50 93 26 73 12 44 74 36 72 11 63 84 71 35
18 98 2 5 9 15 23 78 44 17 65 46 77 71 62 50 88 16 35
15 98 20 10 81 60 73 37 43 11 38 62 70 4 17 35
10 98 76 77 75 67 44 89 85 24 35
5 98 4 31 39 35
12 98 17 45 97 19 53 89 38 31 23 44 35
5 98 68 95 26 35
6 98 19 55 9 38 35
5 98 9 38 14 35
12 98 38 25 18 46 41 13 1 83 31 96 35
12 98 60 1 28 2 41 74 55 64 62 44 35
6 98 29 6 67 99 35
7 98 49 40 36 92 86 35
13 98 16 85 40 32 84 86 49 53 20 8 1 35
8 98 33 95 72 44 18 68 35
21 98 16 73 29 60 56 49 53 38 78 37 27 30 63 41 59 25 55 76 66 35
11 98 40 99 27 7 95 12 82 49 6 35
3 98 32 35
97 73
13 97 8 60 66 11 16 90 44 78 56 37 76 73
5 97 30 5 31 73
19 97 19 78 41 2 99 44 17 85 32 10 56 71 36 91 43 40 89 73
8 97 34 81 19 59 20 43 73
13 97 27 37 31 29 53 78 56 72 85 25 43 73
8 97 29 68 37 98 94 91 73
2 97 73
14 97 29 11 94 33 13 70 95 66 26 79 9 76 73
12 97 65 79 14 30 47 59 35 48 45 71 73
12 97 31 48 41 10 1 28 6 88 26 46 73
11 97 57 76 34 29 56 33 88 6 32 73
15 97 76 93 91 36 8 96 16 30 44 13 65 95 19 73
20 97 82 14 29 41 59 91 2 75 30 42 5 65 25 39 66 83 21 22 73
9 97 30 42 81 21 41 2 77 73
7 97 87 15 61 42 21 73
9 97 83 7 38 6 17 24 2 73
9 97 13 3 70 33 27 28 26 73
10 97 55 87 60 10 61 42 66 75 73
12 97 56 54 50 35 30 87 44 19 92 38 73
10 97 81 32 10 7 59 55 52 76 73
10 97 100 58 78 68 9 14 87 66 73
4 97 2 42 73
11 97 72 74 10 39 47 79 58 3 48 73
11 97 28 41 63 24 81 91 60 15 93 73
8 97 89 100 28 53 34 87 73
11 97 21 42 54 31 87 17 91 84 4 73
9 97 34 69 54 87 59 99 75 73
15 97 69 87 95 58 13 57 66 24 38 41 60 48 47 73
12 97 95 90 59 92 17 9 21 37 12 80 73
9 97 12 48 68 38 35 21 3 73
17 97 95 33 21 39 1 58 31 94 29 26 6 42 12 76 2 73
15 97 37 7 98 28 71 2 32 61 69 51 94 19 36 73
2 97 73
5 97 69 39 9 73
8 97 7 8 35 58 20 22 73
11 97 58 43 3 72 19 76 21 60 13 73
9 97 88 43 34 83 32 51 99 73
13 97 57 74 62 45 24 44 65 64 38 48 54 73
10 97 63 99 28 49 39 44 26 2 73
14 97 27 21 31 23 7 68 11 45 72 30 98 9 73
19 97 25 50 21 83 61 58 68 55 3 20 22 8 52 19 64 87 44 73
14 97 19 17 1 46 83 100 28 29 31 66 87 18 73
8 97 55 14 58 96 8 67 73
16 97 25 81 22 83 50 82 78 93 35 21 8 90 4 17 73
2 97 73
13 97 15 49 43 69 96 1 5 63 67 78 19 73
8 97 50 57 15 74 4 90 73
10 97 79 90 5 36 33 76 17 60 73
6 97 40 96 10 48 73
8 97 6 43 14 56 57 44 73
14 97 19 95 99 100 15 87 17 32 84 93 57 68 73
4 97 93 30 73
7 97 75 89 25 48 51 73
4 97 84 40 73
13 97 31 19 28 37 70 39 45 83 54 26 58 73
8 97 46 13 96 45 83 41 73
5 97 7 56 85 73
6 97 8 21 95 40 73
10 97 13 44 95 14 64 98 79 54 73
15 97 61 26 89 14 54 91 58 21 41 57 16 27 94 73
4 97 60 59 73
12 97 15 71 8 51 59 98 28 34 67 52 73
4 97 2 13 73
5 97 57 53 24 73
5 97 47 23 84 73
6 97 89 91 47 36 73
15 97 96 23 91 3 65 49 13 71 25 57 95 29 83 73
21 97 14 22 65 89 91 92 46 55 10 29 30 26 51 20 100 86 61 16 62 73
14 97 62 32 94 53 4 28 46 30 21 2 14 67 73
8 97 29 95 4 100 82 30 73
13 97 40 93 52 32 64 4 63 90 62 46 1 73
6 97 21 9 25 3 73
5 97 4 94 54 73
15 97 59 65 46 100 80 89 64 88 99 56 18 90 54 73
12 97 56 33 35 29 86 65 63 80 4 84 73
8 97 17 4 33 62 26 22 73
14 97 6 30 55 19 81 23 46 44 41 57 39 77 73
11 97 28 54 6 9 32 46 14 51 70 73
13 97 1 14 3 69 62 40 24 99 43 19 10 73
6 97 60 85 9 28 73
14 97 90 42 45 71 84 87 49 100 28 95 78 32 73
2 97 73
9 97 20 96 47 36 84 9 100 73
7 97 43 75 46 20 7 73
7 97 38 58 20 83 60 73
6 97 29 20 78 1 73
8 97 14 83 91 3 19 35 73
12 97 10 12 78 81 62 99 45 88 21 8 73
19 97 23 2 94 36 16 31 1 38 19 22 98 42 52 71 68 20 69 73
10 97 48 20 19 7 68 71 79 58 73
20 97 45 55 98 2 72 6 50 74 21 70 84 35 14 56 32 13 58 39 73
19 97 5 89 82 44 7 86 80 81 98 45 99 96 69 43 59 27 88 73
14 97 99 81 91 45 77 20 51 5 55 41 18 3 73
9 97 69 88 35 51 61 96 74 73
6 97 10 12 6 82 73
6 97 91 61 23 20 73
6 97 59 86 96 31 73
3 97 24 73
2 97 73
2 97 73
3 97 32 73
2 97 73
99 90
5 99 6 88 47 90
7 99 18 56 6 92 20 90
4 99 3 41 90
4 99 61 64 90
11 99 88 60 6 55 20 24 30 1 37 90
5 99 58 81 68 90
5 99 49 84 32 90
9 99 48 16 1 35 40 93 68 90
9 99 44 36 56 45 16 35 27 90
10 99 37 44 60 75 9 36 79 91 90
10 99 62 47 78 60 75 36 17 74 90
3 99 43 90
10 99 11 35 57 7 39 36 4 98 90
7 99 11 33 73 60 35 90
14 99 23 85 33 42 91 75 27 12 31 32 14 73 90
8 99 91 23 81 14 100 10 90
9 99 71 33 27 83 68 16 56 90
3 99 12 90
22 99 34 59 33 19 83 51 69 93 36 52 77 46 9 74 27 3 53 35 71 98 90
10 99 45 14 4 41 18 28 74 91 90
10 99 34 20 50 48 100 7 40 62 90
12 99 89 37 2 24 69 46 10 93 11 34 90
12 99 8 50 59 33 84 93 65 31 98 34 90
14 99 17 56 6 23 50 8 2 9 13 88 45 83 90
10 99 87 34 16 75 38 88 61 37 90
13 99 32 35 2 71 82 79 98 96 13 49 25 90
5 99 4 80 29 90
6 99 96 8 63 74 90
4 99 8 15 90
17 99 18 7 42 33 31 80 70 65 53 57 81 17 72 9 5 90
2 99 90
12 99 30 42 81 67 77 49 86 97 92 24 90
9 99 59 7 57 100 13 81 67 90
12 99 72 54 37 94 11 32 83 85 61 58 90
11 99 22 30 42 81 78 11 91 93 80 90
8 99 9 61 14 3 97 15 90
8 99 8 29 58 18 41 86 90
16 99 68 62 53 96 48 76 29 75 85 35 50 87 72 97 90
6 99 46 47 58 12 90
11 99 22 81 25 56 76 67 41 89 8 90
10 99 92 76 37 39 46 85 89 31 90
4 99 32 49 90
10 99 54 1 92 65 52 49 64 81 90
18 99 97 73 67 38 52 27 41 65 77 95 44 39 10 72 93 43 90
10 99 58 35 46 43 76 98 7 52 90
6 99 19 33 98 46 90
9 99 66 13 42 29 7 52 62 90
3 99 26 90
19 99 86 26 35 43 63 4 76 19 45 2 71 25 46 81 47 22 12 90
3 99 38 90
13 99 62 86 68 31 15 28 42 4 65 74 71 90
15 99 2 20 97 68 15 50 46 51 1 91 12 62 70 90
6 99 75 92 79 86 90
5 99 16 98 73 90
14 99 64 5 59 88 25 53 56 63 30 71 23 76 90
16 99 10 62 4 37 23 88 81 70 80 5 91 20 72 77 90
2 99 90
15 99 51 28 11 6 10 100 67 17 68 18 2 71 86 90
5 99 52 97 5 90
17 99 11 67 34 84 46 12 33 80 1 45 97 75 20 58 59 90
18 99 11 67 30 28 65 38 31 4 49 60 33 74 19 12 40 48 90
13 99 28 38 34 83 58 52 22 70 42 44 62 90
9 99 34 25 1 47 76 39 98 90
12 99 24 58 85 46 26 51 33 72 79 76 90
10 99 44 88 98 83 5 42 58 64 90
12 99 64 26 17 29 65 58 25 19 80 22 90
6 99 23 59 24 26 90
11 99 1 54 50 42 8 25 31 84 81 90
3 99 23 90
10 99 55 24 100 59 97 53 33 37 90
9 99 25 93 47 35 50 57 61 90
6 99 35 20 26 54 90
14 99 22 64 72 2 30 44 55 47 28 82 81 54 90
14 99 97 29 91 63 54 23 48 86 49 20 77 64 90
32 99 2 25 13 44 55 73 80 41 12 88 78 85 83 28 76 34 97 67 91 19 39 58 36 56 68 63 27 7 1 14 90
9 99 39 76 64 78 13 77 42 90
5 99 48 66 86 90
12 99 69 82 54 89 28 75 30 13 49 96 90
12 99 94 81 56 16 15 61 51 93 75 28 90
6 99 95 58 54 44 90
5 99 79 18 57 90
4 99 18 34 90
12 99 66 51 35 52 26 32 48 8 57 82 90
5 99 50 37 73 90
16 99 35 43 34 51 9 93 24 3 22 88 2 23 12 31 90
13 99 49 89 88 100 25 20 3 66 87 61 52 90
4 99 34 50 90
13 99 78 46 5 54 58 53 38 92 79 17 76 90
6 99 30 94 29 66 90
11 99 17 76 35 70 53 13 85 54 52 90
7 99 35 7 79 56 57 90
20 99 74 52 45 46 28 79 4 16 66 69 35 56 50 1 94 20 71 85 90
9 99 1 5 10 52 95 82 35 90
21 99 40 68 52 23 79 94 53 61 26 6 70 84 10 93 56 55 98 62 47 90
4 99 22 8 90
11 99 10 48 26 37 35 50 80 86 98 90
7 99 85 93 3 47 33 90
15 99 66 37 20 18 94 13 52 53 97 35 12 51 40 90
3 99 9 90
11 99 45 62 69 63 41 29 7 52 38 90
7 99 26 13 80 89 66 90
4 99 63 10 90
100 17
6 100 52 27 10 31 17
13 100 3 51 30 27 97 12 44 24 36 16 86 17
8 100 66 51 46 23 50 25 17
11 100 5 89 18 43 25 13 76 45 47 17
11 100 21 80 35 93 76 9 16 99 88 17
8 100 54 26 4 73 39 9 17
15 100 83 45 38 53 88 85 84 11 95 8 93 81 68 17
6 100 65 46 49 95 17
7 100 6 36 61 57 37 17
5 100 3 53 10 17
6 100 76 86 15 28 17
16 100 40 62 50 38 97 64 44 21 48 83 27 58 25 95 17
10 100 35 52 50 63 14 59 81 98 17
18 100 32 33 41 11 98 82 45 34 66 48 71 54 63 86 38 59 17
12 100 23 47 86 27 61 69 81 50 73 7 17
4 100 71 41 17
14 100 58 45 43 93 42 70 14 5 89 78 38 52 17
9 100 83 52 46 20 22 89 51 17
10 100 65 47 54 74 34 26 51 72 17
10 100 76 83 48 10 24 85 54 37 17
12 100 58 87 40 10 67 89 24 60 64 54 17
12 100 84 11 3 88 5 36 25 60 73 18 17
16 100 7 74 26 52 64 88 55 54 49 34 2 31 20 32 17
13 100 7 76 38 88 90 49 89 83 92 16 23 17
8 100 97 68 51 83 25 66 17
10 100 12 11 49 36 97 22 80 89 17
13 100 13 57 32 14 43 75 84 66 20 65 89 17
14 100 95 3 66 32 60 8 57 83 41 80 68 99 17
8 100 25 18 37 74 77 69 17
10 100 96 73 75 99 80 33 49 94 17
14 100 68 15 39 83 20 94 18 81 77 21 46 2 17
13 100 54 48 86 46 75 81 84 9 15 1 27 17
11 100 7 33 28 1 63 41 52 56 95 17
4 100 24 95 17
9 100 62 24 20 97 37 80 69 17
6 100 55 38 62 20 17
9 100 14 66 38 77 80 68 58 17
12 100 82 41 29 10 33 53 89 57 62 11 17
7 100 42 67 9 32 54 17
11 100 51 32 2 62 72 67 64 31 34 17
4 100 63 7 17
13 100 37 53 12 16 20 13 77 95 54 21 1 17
2 100 17
18 100 44 61 47 52 14 91 69 21 22 95 97 86 54 68 3 75 17
20 100 87 71 34 74 50 90 38 93 35 75 29 69 21 66 79 22 30 7 17
15 100 37 33 49 96 84 12 10 6 54 43 78 59 92 17
4 100 46 51 17
22 100 23 10 65 80 1 47 48 22 35 33 94 42 76 14 41 19 59 66 8 90 17
11 100 68 35 22 31 25 53 63 27 89 17
5 100 34 25 72 17
7 100 95 4 44 46 53 17
12 100 64 75 59 68 82 18 28 32 44 94 17
14 100 27 96 58 67 32 48 16 41 87 39 64 89 17
16 100 73 23 86 43 63 45 79 20 14 57 31 22 24 92 17
13 100 54 57 53 24 47 35 56 89 94 63 23 17
9 100 9 37 89 18 7 55 21 17
12 100 7 43 37 47 92 72 86 10 53 26 17
7 100 3 61 95 10 98 17
14 100 6 68 15 79 85 90 20 50 40 28 78 98 17
12 100 16 27 63 25 78 62 10 31 39 1 17
5 100 86 78 24 17
13 100 24 5 67 23 10 44 55 39 12 56 18 17
8 100 99 30 8 66 10 67 17
15 100 62 22 21 83 57 87 95 23 94 1 11 59 8 17
7 100 74 45 8 36 7 17
11 100 44 13 87 68 98 28 4 88 54 17
9 100 74 12 95 35 49 24 31 17
9 100 59 93 84 44 18 33 21 17
5 100 38 52 96 17
6 100 93 40 1 8 17
19 100 55 41 89 65 94 12 8 78 40 22 59 38 49 39 44 24 97 17
11 100 53 1 64 74 94 10 7 60 81 17
5 100 23 84 98 17
4 100 64 98 17
11 100 88 26 27 39 20 25 78 52 67 17
7 100 88 57 85 90 50 17
9 100 77 27 5 81 83 69 85 17
10 100 97 42 6 36 57 39 61 35 17
10 100 50 29 40 66 16 5 81 93 17
8 100 94 65 9 91 22 69 17
8 100 96 13 37 48 90 21 17
15 100 43 4 54 73 77 57 80 24 51 8 40 10 63 17
16 100 19 87 49 58 48 28 63 52 80 10 38 89 54 24 17
4 100 55 48 17
14 100 59 66 46 37 60 45 74 87 62 38 2 55 17
7 100 38 20 45 11 28 17
14 100 2 74 49 69 62 34 43 85 21 28 9 99 17
6 100 60 85 80 21 17
12 100 83 18 76 77 25 87 38 84 19 30 17
7 100 8 35 37 60 54 17
13 100 95 7 71 50 74 80 18 87 77 60 53 17
5 100 23 50 94 17
17 100 19 47 60 93 3 56 22 81 50 27 40 39 16 94 37 17
18 100 2 23 39 49 59 79 64 16 56 62 61 21 58 29 57 20 17
6 100 13 34 33 57 17
17 100 1 98 88 35 90 30 59 76 71 99 45 42 70 34 50 17
10 100 47 14 76 66 8 75 56 3 17
10 100 32 78 85 8 42 90 50 12 17
11 100 78 8 54 2 95 71 60 58 40 17
10 100 26 83 62 97 8 90 55 40 17
17 100 53 66 54 71 21 28 82 99 4 38 94 26 85 93 47 17
4 100 74 24 17
92 60
9 92 62 26 77 16 72 35 2 60
13 92 76 44 81 26 91 95 24 65 54 12 83 60
22 92 61 16 94 78 59 5 7 10 80 12 73 24 36 82 47 11 21 90 99 65 60
12 92 21 2 34 9 80 38 52 29 25 6 60
13 92 36 72 63 27 82 53 44 94 83 99 65 60
14 92 83 43 31 53 13 72 38 73 14 65 5 9 60
3 92 40 60
3 92 17 60
7 92 56 98 47 73 72 60
8 92 27 85 43 55 4 15 60
21 92 70 76 31 74 83 13 73 93 88 59 4 20 61 7 49 32 81 63 78 60
16 92 48 88 46 31 6 26 1 7 85 87 29 77 57 53 60
13 92 5 15 77 2 9 67 17 76 8 48 90 60
6 92 29 57 31 94 60
5 92 34 53 28 60
27 92 25 40 52 34 26 94 53 67 48 55 66 50 30 61 3 54 83 16 95 85 72 90 76 77 59 60
8 92 63 89 85 66 26 59 60
13 92 17 11 72 47 69 8 81 73 16 90 85 60
8 92 11 96 52 5 62 15 60
5 92 81 67 84 60
5 92 46 67 89 60
8 92 24 67 6 33 17 14 60
17 92 55 54 49 67 15 46 91 9 39 17 95 50 76 63 87 60
22 92 96 57 90 30 48 66 33 19 100 55 58 20 39 24 63 38 34 97 89 64 60
5 92 35 58 18 60
4 92 47 32 60
9 92 28 83 42 10 20 49 99 60
21 92 81 70 22 33 82 46 94 49 17 89 8 79 1 55 77 67 64 73 16 60
8 92 83 39 99 27 43 62 60
10 92 94 8 56 14 18 17 30 19 60
15 92 9 63 53 25 37 97 67 7 5 91 21 84 3 60
6 92 31 45 76 91 60
8 92 93 63 46 76 95 9 60
5 92 96 77 24 60
9 92 93 78 4 42 82 71 32 60
4 92 76 75 60
6 92 84 19 50 99 60
5 92 78 57 65 60
22 92 50 81 58 13 78 77 52 18 90 70 98 93 88 27 22 14 36 49 8 79 60
7 92 67 50 87 96 38 60
11 92 90 81 48 64 68 49 96 32 14 60
14 92 81 68 56 13 64 2 31 18 94 25 65 77 60
17 92 38 89 30 4 79 65 91 83 93 80 45 13 66 23 49 60
8 92 54 58 22 85 31 75 60
8 92 77 31 72 91 53 79 60
11 92 25 94 95 76 57 66 17 98 87 60
9 92 93 57 16 83 5 8 7 60
3 92 14 60
4 92 69 1 60
2 92 60
10 92 55 32 97 98 31 54 72 50 60
4 92 47 54 60
17 92 93 2 55 36 35 21 76 99 81 15 95 91 57 51 100 60
17 92 50 87 62 20 61 98 59 13 1 84 75 15 66 46 88 60
11 92 89 47 86 2 55 1 96 66 45 60
13 92 47 96 67 2 8 62 34 55 25 15 32 60
7 92 45 11 72 85 41 60
11 92 75 86 54 3 36 84 58 32 71 60
23 92 15 56 10 81 79 25 36 11 66 86 20 37 44 61 100 80 51 78 67 65 96 60
9 92 17 91 52 59 4 57 48 60
11 92 85 12 25 78 18 2 38 3 10 60
11 92 17 51 40 50 56 18 45 84 85 60
12 92 85 87 50 80 44 15 72 33 89 71 60
18 92 15 89 73 53 100 82 66 23 11 58 51 57 85 98 62 64 60
9 92 31 20 5 59 69 57 94 60
8 92 24 89 88 70 82 26 60
9 92 90 17 65 23 63 22 77 60
5 92 73 40 57 60
19 92 58 88 79 48 86 61 32 69 31 74 91 84 99 12 26 73 21 60
5 92 72 86 90 60
13 92 53 72 37 38 5 12 11 64 82 84 86 60
15 92 67 27 47 7 68 54 59 11 81 91 85 78 22 60
24 92 29 84 33 72 69 41 11 42 83 54 34 55 59 28 56 22 23 96 26 73 61 48 60
20 92 88 64 100 24 12 55 67 81 61 73 52 70 47 35 62 38 53 22 60
15 92 36 52 19 13 27 74 12 93 98 67 20 8 54 60
4 92 91 50 60
4 92 25 75 60
6 92 47 96 72 30 60
17 92 17 31 53 61 73 56 74 66 29 40 87 70 2 23 71 60
5 92 32 47 73 60
9 92 18 37 43 56 88 86 3 60
18 92 37 82 84 81 51 4 63 94 13 1 50 35 14 36 40 45 60
7 92 93 54 23 97 51 60
7 92 61 3 38 14 28 60
17 92 54 47 19 90 38 28 30 61 58 93 51 40 23 17 41 60
12 92 14 50 42 35 58 31 84 83 19 91 60
8 92 30 4 73 63 70 54 60
12 92 19 1 71 3 89 6 57 68 7 32 60
9 92 7 78 6 44 87 41 81 60
5 92 54 79 52 60
14 92 90 70 15 17 62 29 71 55 51 32 88 9 60
10 92 57 95 73 64 30 87 62 48 60
13 92 99 67 62 8 6 75 33 46 88 42 49 60
6 92 74 20 31 37 60
12 92 4 6 30 75 81 74 89 3 27 94 60
4 92 20 54 60
7 92 1 65 62 39 63 60
8 92 76 71 14 91 54 8 60
15 92 49 66 18 32 42 99 31 82 40 79 17 12 63 60
17 92 85 55 93 7 15 18 40 1 26 57 3 25 76 87 32 60
9 92 59 11 45 14 57 90 95 60
2 92 60
98 96
12 98 10 42 4 95 73 15 83 81 20 91 96
11 98 53 7 9 49 21 32 67 95 61 96
14 98 42 30 33 20 32 27 68 86 89 93 31 75 96
22 98 58 21 57 14 94 86 8 64 37 24 76 51 67 38 92 69 87 66 53 28 96
12 98 44 39 84 87 15 74 94 82 11 7 96
10 98 34 47 79 86 82 65 9 37 96
11 98 24 66 31 17 27 21 13 91 54 96
9 98 43 63 50 47 3 75 48 96
10 98 43 18 34 16 40 7 15 38 96
5 98 11 18 34 96
13 98 32 45 19 29 56 59 94 79 8 46 7 96
9 98 54 35 18 78 51 41 16 96
11 98 34 38 24 89 15 73 20 3 97 96
10 98 18 52 75 85 44 61 35 17 96
8 98 89 70 75 39 33 74 96
15 98 78 29 68 21 40 41 33 42 9 25 3 39 81 96
15 98 78 34 100 99 17 2 83 67 4 3 76 53 6 96
11 98 28 24 42 68 64 73 9 31 81 96
10 98 59 16 7 83 52 49 51 31 96
7 98 22 100 17 46 85 96
7 98 85 13 63 17 100 96
3 98 43 96
6 98 4 100 92 46 96
4 98 63 2 96
10 98 25 21 49 7 46 38 56 62 96
8 98 90 45 11 68 53 31 96
14 98 93 64 54 5 23 73 29 10 44 70 46 4 96
8 98 36 44 91 54 79 16 96
12 98 74 19 10 6 14 93 16 94 8 82 96
18 98 95 47 56 63 37 54 44 20 22 90 61 57 15 14 87 65 96
5 98 24 74 38 96
16 98 77 75 22 1 52 32 35 49 47 56 13 95 23 18 96
11 98 52 14 94 65 26 2 36 45 95 96
10 98 1 32 21 57 86 48 83 95 96
18 98 48 83 25 87 7 19 67 10 45 2 35 22 27 84 11 91 96
13 98 14 69 67 15 7 78 94 100 88 44 52 96
4 98 39 6 96
6 98 11 28 41 15 96
12 98 22 43 50 76 86 23 97 79 40 67 96
7 98 93 50 28 21 37 96
8 98 9 88 82 28 38 40 96
20 98 82 45 75 93 4 55 78 48 67 50 29 1 32 76 62 11 87 81 96
16 98 45 68 87 89 18 17 44 67 57 26 8 83 58 49 96
4 98 33 63 96
14 98 29 68 3 45 22 67 9 46 71 23 82 33 96
3 98 18 96
13 98 73 77 82 6 21 37 60 29 15 35 64 96
16 98 61 25 95 82 21 93 78 44 30 75 3 41 33 81 96
3 98 44 96
4 98 75 84 96
7 98 75 22 89 59 29 96
8 98 55 38 25 15 67 44 96
13 98 68 40 56 51 29 65 46 31 95 44 73 96
9 98 100 15 23 81 45 31 35 96
11 98 28 52 18 85 9 14 92 3 66 96
9 98 18 21 24 54 60 23 92 96
4 98 68 81 96
16 98 75 48 95 80 44 69 64 45 58 9 68 55 17 78 96
17 98 70 97 24 8 2 69 68 45 11 82 77 74 67 33 84 96
13 98 3 82 74 27 94 50 2 7 80 87 92 96
10 98 8 39 44 69 64 68 49 32 96
13 98 50 22 6 10 93 40 17 61 29 76 67 96
12 98 38 17 91 76 45 10 89 8 71 1 96
8 98 49 74 83 67 30 10 96
7 98 63 77 89 48 11 96
3 98 6 96
14 98 59 99 91 6 24 39 57 88 52 48 74 8 96
9 98 15 64 20 49 14 79 48 96
12 98 24 41 93 45 75 49 13 21 28 6 96
13 98 52 41 10 3 24 6 45 94 25 84 58 96
10 98 77 60 57 86 49 76 59 90 96
14 98 12 33 26 16 62 60 97 100 39 47 7 58 96
7 98 80 68 64 94 49 96
6 98 32 53 20 31 96
8 98 3 53 94 60 49 5 96
15 98 24 78 59 77 73 54 20 33 69 48 26 95 82 96
7 98 29 77 87 21 81 96
7 98 97 70 90 72 93 96
7 98 77 25 60 88 28 96
11 98 55 3 40 58 18 2 53 11 16 96
7 98 52 56 94 13 38 96
20 98 68 83 56 89 57 40 4 97 3 36 100 95 65 60 22 27 35 2 96
3 98 62 96
19 98 30 44 36 37 93 25 87 65 3 46 85 78 63 64 26 54 86 96
11 98 44 75 13 3 93 58 48 92 21 96
11 98 3 60 23 48 47 50 89 86 49 96
9 98 2 22 50 6 30 48 55 96
9 98 45 28 78 9 11 51 85 96
12 98 88 59 22 51 85 7 90 94 47 84 96
8 98 64 4 94 14 83 62 96
13 98 37 82 87 7 19 53 73 80 56 99 91 96
11 98 7 48 76 26 72 20 3 54 65 96
8 98 43 55 9 52 88 10 96
7 98 1 52 68 14 28 96
11 98 54 40 93 77 66 19 95 22 99 96
8 98 73 1 22 8 50 45 96
2 98 96
17 98 62 20 15 2 83 18 57 4 29 69 1 73 43 38 59 96
8 98 3 41 87 97 58 49 96
9 98 67 90 54 17 72 30 36 96
7 98 55 39 63 49 67 96
2 98 96
