995 535
30 995 700 686 393 97 786 660 510 629 645 256 113 216 302 310 929 329 893 392 726 669 905 200 327 994 263 930 534 298 535
12 995 447 386 147 479 539 773 966 758 970 979 535
2 995 535
999 416
26 999 343 515 708 328 226 19 473 369 117 68 145 885 687 620 115 196 339 513 821 346 668 850 411 630 416
30 999 764 570 453 524 660 118 894 324 787 603 496 464 727 719 77 518 636 398 537 148 750 978 526 676 739 911 182 652 416
2 999 416
996 9
34 996 882 795 885 197 23 378 535 565 924 566 605 920 791 526 364 395 623 582 199 123 400 89 964 438 414 14 467 577 446 127 990 740 9
24 996 162 725 60 201 1000 283 529 150 37 630 389 32 609 14 716 874 299 493 516 620 920 868 9
3 996 828 9
995 659
55 995 776 826 344 976 137 964 65 405 796 205 689 407 594 252 34 436 450 317 790 576 245 706 960 263 562 747 631 260 211 70 975 336 110 310 648 981 45 300 586 559 52 789 431 899 323 746 322 951 376 458 79 897 699 659
27 995 23 205 938 241 724 244 436 774 834 372 31 824 600 312 446 271 294 234 379 175 793 495 712 296 207 659
2 995 659
1000 861
14 1000 315 610 871 907 19 885 430 814 202 326 43 636 861
41 1000 295 708 189 525 467 921 214 26 52 105 284 696 551 801 149 1 808 769 813 430 642 398 548 949 318 814 804 434 856 436 988 537 234 900 273 849 28 948 912 861
2 1000 861
991 530
20 991 95 84 430 363 722 522 543 376 604 546 891 410 30 918 55 414 165 889 530
45 991 933 79 298 609 41 787 386 57 919 587 18 97 606 462 723 272 252 887 811 910 982 846 285 130 325 264 545 679 636 233 286 333 265 697 61 519 793 798 420 507 523 329 674 530
3 991 829 530
989 827
21 989 499 235 849 240 984 227 287 809 652 831 864 61 374 911 717 118 312 304 493 827
25 989 759 590 592 833 503 625 301 79 645 274 557 689 749 154 539 861 774 290 457 711 30 230 225 827
4 989 239 777 827
1000 645
30 1000 542 37 544 123 842 431 819 859 775 118 28 16 278 236 959 391 780 936 156 214 995 659 604 668 902 521 294 567 645
14 1000 671 235 826 474 565 16 35 867 440 117 779 994 645
2 1000 645
990 927
6 990 487 284 837 726 927
28 990 835 272 577 105 739 679 118 647 194 401 980 778 685 168 590 303 645 175 844 208 938 64 113 317 138 882 927
9 990 903 115 290 869 520 230 915 927
999 848
27 999 943 327 362 379 845 666 310 138 617 597 592 402 759 707 304 439 591 948 714 799 141 528 458 920 413 848
18 999 994 126 385 866 753 940 328 15 441 193 268 716 560 161 96 382 848
2 999 848
999 689
14 999 497 998 753 984 243 665 186 429 193 884 100 340 689
30 999 624 225 426 960 210 611 439 952 51 410 192 183 663 75 703 574 558 593 156 190 609 118 341 822 682 274 480 184 689
2 999 689
992 93
48 992 785 228 565 120 3 681 296 674 72 204 427 34 469 444 899 443 367 468 435 384 858 569 44 312 385 271 771 156 278 877 555 113 447 549 839 804 287 957 84 186 244 522 816 285 483 517 93
14 992 304 786 722 866 653 403 807 644 307 805 179 764 93
2 992 93
999 85
28 999 201 450 990 331 53 413 258 834 421 342 461 961 384 325 414 271 389 77 254 969 907 328 7 406 928 161 85
15 999 610 652 698 969 337 392 325 826 301 911 645 877 364 85
5 999 382 291 934 85
996 162
22 996 852 99 646 618 88 630 438 404 452 861 130 263 556 144 622 831 658 802 410 258 162
50 996 834 555 50 487 843 717 638 273 925 85 855 725 905 209 390 867 156 396 982 270 920 756 936 466 292 944 136 370 307 391 7 529 380 563 333 745 53 554 314 397 360 797 981 627 298 90 511 818 162
2 996 162
986 302
18 986 985 554 793 527 983 173 326 331 253 720 556 715 797 727 277 622 302
15 986 567 841 837 934 32 890 595 557 553 541 672 292 823 302
2 986 302
996 144
35 996 764 468 396 834 713 239 137 824 966 403 812 189 24 529 279 895 360 566 836 801 357 736 417 500 997 837 435 854 318 846 955 719 658 144
43 996 10 77 285 466 735 751 847 79 279 502 665 140 44 903 337 806 863 170 679 799 380 552 463 348 514 93 182 341 781 524 843 639 22 277 819 588 757 271 120 465 161 144
3 996 767 144
1000 440
16 1000 1 641 873 851 82 834 60 998 205 940 176 579 281 771 440
17 1000 392 433 550 298 639 445 650 762 67 500 406 105 92 473 968 440
4 1000 256 650 440
999 816
11 999 512 525 240 119 485 461 468 903 224 816
6 999 653 822 994 69 816
2 999 816
998 140
39 998 346 824 634 914 482 93 690 323 572 700 386 141 816 455 219 629 236 372 287 764 653 626 310 918 189 19 24 578 311 583 861 837 812 774 370 590 505 140
28 998 22 347 951 813 520 882 790 645 508 554 213 394 176 376 561 572 353 362 205 533 937 5 50 400 45 969 140
2 998 140
1000 753
20 1000 522 715 506 307 602 294 858 403 726 315 537 209 788 192 840 620 291 732 753
21 1000 78 355 430 746 254 856 821 286 940 895 659 21 85 108 569 945 607 712 174 753
5 1000 547 848 973 753
998 736
33 998 732 257 629 204 859 159 321 154 855 486 589 282 184 503 512 346 139 940 960 958 830 496 546 608 178 502 370 457 253 583 954 736
7 998 20 999 470 638 284 736
2 998 736
989 606
12 989 163 627 141 217 411 444 963 437 134 392 606
40 989 161 565 200 965 994 342 625 498 940 910 592 139 20 429 89 336 653 837 300 144 742 379 564 478 82 85 341 689 24 154 115 772 816 815 183 827 751 509 606
2 989 606
992 210
18 992 757 103 446 367 535 340 568 404 394 223 676 647 507 68 140 318 210
24 992 24 616 637 174 496 431 811 470 908 609 895 939 482 7 237 611 171 866 665 458 46 48 210
3 992 818 210
995 139
38 995 407 156 978 403 509 476 712 757 272 955 103 932 742 478 921 137 783 92 451 472 916 205 800 22 962 631 363 557 122 605 946 82 826 147 17 435 139
34 995 743 888 762 707 278 867 380 614 319 598 251 866 825 108 742 940 41 103 371 398 550 346 290 98 268 717 681 197 435 471 792 682 139
3 995 35 139
998 109
35 998 430 328 868 819 314 276 452 118 536 995 168 392 438 480 918 943 966 780 284 505 419 407 232 983 642 858 81 871 767 613 266 215 776 109
33 998 334 589 969 611 864 834 559 27 521 419 203 527 130 477 862 786 623 186 221 74 804 929 809 313 389 370 28 153 1000 236 386 109
2 998 109
992 160
23 992 640 104 194 87 177 93 225 438 466 465 238 994 662 504 139 746 403 808 535 38 32 160
28 992 985 273 226 681 13 474 945 185 326 962 330 940 285 385 629 666 225 723 88 675 244 175 816 817 137 433 160
2 992 160
1000 462
38 1000 995 166 183 176 275 794 964 156 354 278 260 741 159 93 517 583 224 721 315 863 744 361 343 68 869 665 477 162 860 494 801 621 893 529 568 95 462
25 1000 297 790 928 614 902 268 193 56 838 710 302 550 764 897 378 324 229 24 120 331 763 613 560 462
2 1000 462
996 995
48 996 613 404 70 558 451 585 918 188 544 370 617 939 672 728 748 303 211 935 454 694 525 55 89 977 62 35 58 379 930 776 645 752 745 813 735 276 456 476 151 762 943 154 194 898 22 327 995
11 996 893 529 709 261 282 267 492 982 311 995
3 996 647 995
999 18
61 999 397 940 79 964 958 732 371 988 894 675 475 249 563 925 84 175 136 578 666 643 269 963 584 736 734 561 378 31 565 304 608 580 303 897 215 772 259 807 293 977 560 64 628 248 987 915 749 183 920 880 338 204 135 834 600 790 442 788 800 18
26 999 749 804 983 252 360 457 941 997 876 87 758 527 820 83 516 808 514 473 105 882 887 310 692 471 18
2 999 18
998 289
27 998 774 556 419 769 672 195 269 206 763 136 873 765 743 280 566 927 66 274 703 106 340 496 395 950 598 289
40 998 320 177 465 239 414 624 62 46 943 160 447 224 613 490 602 324 33 284 806 670 743 685 486 601 728 293 443 251 362 717 64 734 427 706 66 399 931 794 289
6 998 721 361 571 226 289
994 694
22 994 730 416 666 696 955 738 616 701 335 763 453 806 588 331 323 596 796 925 637 896 694
16 994 289 688 329 833 14 634 686 654 724 355 424 434 285 889 694
2 994 694
994 225
23 994 684 144 685 304 803 820 151 17 338 210 369 906 200 326 297 657 53 7 426 899 478 225
21 994 274 70 756 311 985 277 401 569 359 593 541 236 212 193 25 93 599 743 560 225
2 994 225
1000 389
26 1000 691 726 144 886 805 833 693 428 114 618 480 81 894 867 702 536 715 377 513 297 986 766 612 348 389
16 1000 176 219 309 385 671 171 201 231 117 978 765 45 790 786 389
2 1000 389
999 751
42 999 259 698 985 794 248 978 929 827 715 501 736 771 610 646 139 701 565 79 529 53 36 143 193 362 645 759 243 971 339 464 602 441 12 975 862 803 966 323 162 672 751
36 999 106 186 518 582 924 245 454 555 137 759 346 746 868 348 561 331 284 193 351 749 564 622 462 456 291 578 123 271 915 747 721 745 710 134 751
2 999 751
997 605
12 997 682 622 917 529 182 466 199 627 505 781 605
45 997 916 683 993 1 585 328 648 655 31 779 546 177 192 552 688 311 934 958 237 887 923 21 753 264 908 330 954 785 285 540 41 789 466 832 488 851 815 966 823 994 90 924 460 605
2 997 605
995 680
41 995 438 5 309 796 98 595 576 353 961 857 367 859 613 559 476 990 51 503 231 195 498 897 527 92 609 190 431 714 678 233 134 815 735 341 971 385 422 122 615 680
12 995 883 700 171 83 735 348 121 939 64 11 680
2 995 680
997 840
20 997 737 635 874 98 454 725 120 690 462 376 294 484 652 503 436 572 417 256 840
38 997 315 148 275 679 540 650 340 539 483 598 971 404 912 994 688 903 535 317 897 79 64 600 916 753 199 68 729 612 638 288 58 452 70 429 256 640 840
2 997 840
994 144
33 994 424 124 11 271 22 450 633 987 125 339 977 403 517 44 70 790 898 885 412 623 794 782 573 95 61 847 547 164 146 728 928 144
6 994 108 344 816 162 144
3 994 893 144
997 481
19 997 699 140 586 552 824 388 522 751 229 998 543 213 405 323 166 351 138 481
18 997 900 548 403 420 787 888 701 590 716 732 490 270 786 623 717 269 481
2 997 481
999 557
28 999 340 510 871 935 218 539 990 848 446 534 48 391 496 156 365 818 447 775 706 614 168 895 79 136 734 95 557
52 999 140 603 533 605 354 300 109 883 993 4 147 957 475 157 811 175 431 711 828 947 540 10 642 249 170 916 791 824 476 651 809 276 802 994 481 836 927 391 314 502 464 718 271 17 258 759 99 996 847 349 557
2 999 557
997 864
40 997 826 241 400 226 933 356 644 654 783 786 895 33 585 757 282 348 519 602 491 65 946 354 824 1000 63 502 992 632 896 961 396 842 762 230 457 858 465 568 864
33 997 176 537 278 594 741 899 717 270 169 811 159 251 927 645 262 880 232 885 83 227 678 8 402 810 726 890 281 785 585 635 365 864
2 997 864
996 110
34 996 761 959 21 901 518 665 613 675 162 683 357 776 762 567 643 111 11 984 799 44 281 2 386 898 136 295 283 175 728 358 149 638 110
32 996 201 492 770 410 407 814 759 943 637 108 501 756 389 939 896 347 629 80 111 95 835 116 974 783 734 912 4 705 169 993 110
2 996 110
994 538
22 994 329 634 894 988 76 10 406 47 805 358 301 450 97 14 629 915 123 23 715 651 538
7 994 29 662 835 789 718 538
8 994 855 504 909 903 471 933 538
994 397
52 994 741 369 502 414 558 604 356 528 145 706 143 57 177 912 497 527 826 1 835 444 632 692 665 309 310 308 147 374 198 924 616 525 43 141 534 360 837 568 914 229 728 280 489 627 972 526 720 49 613 498 397
38 994 453 246 425 53 344 140 577 570 897 144 598 863 960 100 533 798 5 885 504 463 180 139 17 632 793 668 950 79 141 284 543 525 991 572 40 988 397
2 994 397
999 710
23 999 853 951 762 659 932 16 153 627 728 859 192 917 775 344 304 626 678 921 630 506 225 710
18 999 761 662 622 733 721 740 158 502 908 371 432 697 36 176 45 605 710
2 999 710
999 292
32 999 690 232 934 251 492 801 873 949 110 36 225 992 304 184 612 454 135 279 339 957 917 792 258 885 180 191 343 535 771 927 292
42 999 160 380 335 260 508 803 304 694 879 686 788 148 505 995 570 84 906 305 794 637 267 878 493 659 721 610 607 940 233 188 122 333 727 235 274 451 130 896 925 550 292
2 999 292
984 959
29 984 143 264 757 766 59 455 764 954 557 812 814 176 404 516 998 124 225 962 77 622 468 354 874 35 756 495 690 959
22 984 183 829 294 305 808 939 966 994 871 378 703 657 548 458 578 317 155 128 712 387 959
2 984 959
997 102
21 997 707 850 5 946 593 3 414 271 297 539 599 22 604 19 560 576 399 415 179 102
39 997 268 932 657 557 772 483 46 758 546 120 696 674 692 377 919 687 565 889 255 708 63 539 84 916 823 576 196 864 435 480 556 13 616 406 981 99 11 102
3 997 931 102
997 248
20 997 454 999 275 526 657 715 612 614 943 592 600 947 630 866 784 82 898 940 248
16 997 383 372 298 159 388 186 846 279 969 169 10 690 715 578 248
2 997 248
994 826
46 994 121 823 644 4 80 977 859 895 227 220 618 184 405 853 417 193 612 466 398 260 816 537 634 384 794 929 622 122 453 884 176 815 431 919 331 608 20 321 395 800 60 646 335 974 826
35 994 749 150 620 693 823 991 668 914 541 740 437 951 57 228 669 272 989 696 934 31 225 127 344 832 786 970 156 74 933 399 662 87 518 826
2 994 826
996 578
13 996 571 735 291 766 649 100 647 252 567 993 448 578
14 996 486 235 480 613 24 853 901 474 366 495 770 155 578
5 996 386 826 629 578
999 849
18 999 651 765 996 45 162 239 485 415 994 60 735 460 685 166 340 722 849
18 999 404 570 856 981 600 453 840 879 829 122 589 238 27 358 91 536 849
2 999 849
999 792
61 999 709 615 100 466 191 412 733 960 527 103 804 51 454 897 265 367 452 979 363 130 427 828 937 89 588 651 360 805 47 982 560 226 277 402 173 537 950 301 611 305 563 568 384 765 145 750 661 698 953 624 455 753 12 827 77 79 920 421 983 792
8 999 27 782 152 403 606 755 792
2 999 792
997 902
34 997 378 255 464 497 744 713 184 620 731 129 354 426 209 313 765 570 166 708 956 946 867 972 454 869 857 533 843 134 518 587 813 721 902
15 997 233 568 163 84 372 967 661 838 379 134 815 51 402 902
3 997 139 902
997 724
9 997 518 957 114 475 495 365 995 724
23 997 373 767 368 56 582 135 348 403 102 751 669 967 270 448 145 48 758 386 134 587 376 724
3 997 102 724
998 197
36 998 305 629 261 189 367 905 526 313 289 462 742 642 722 952 352 593 395 824 840 778 178 472 227 317 112 552 856 328 863 616 84 284 372 16 197
8 998 88 529 440 71 35 624 197
4 998 804 313 197
997 556
20 997 853 748 173 979 664 165 548 122 428 955 325 776 415 235 963 299 315 126 556
11 997 113 422 604 644 296 953 149 921 255 556
2 997 556
998 277
24 998 3 408 771 661 592 795 173 452 595 102 726 983 950 660 390 293 733 889 115 689 317 879 277
15 998 829 662 686 714 949 438 147 125 989 664 308 759 49 277
3 998 665 277
1000 625
42 1000 569 882 337 614 571 702 967 916 239 861 753 639 891 152 645 879 310 785 497 363 780 727 698 829 81 474 12 17 769 477 482 506 413 907 626 863 997 517 926 809 625
43 1000 222 764 930 997 209 711 470 885 772 536 834 546 322 199 389 778 699 59 633 572 706 313 460 64 617 218 463 835 781 710 244 748 420 362 16 765 459 140 828 75 370 625
2 1000 625
996 795
24 996 946 349 266 635 56 133 65 838 469 628 707 257 427 731 36 508 95 732 761 839 402 588 795
19 996 402 44 918 205 490 882 648 176 485 708 869 759 548 32 877 411 742 795
2 996 795
997 512
26 997 353 633 455 400 597 262 712 56 638 721 655 784 836 923 116 956 774 796 867 628 565 195 883 763 512
25 997 85 286 258 320 316 841 239 789 437 348 406 515 686 746 195 280 759 334 986 95 693 125 51 512
4 997 905 303 512
1000 225
14 1000 877 240 83 267 978 200 890 162 720 828 616 290 225
43 1000 44 535 714 1 981 611 89 450 715 939 14 270 603 227 137 883 366 145 509 540 892 187 822 7 171 131 755 982 25 54 462 194 920 379 484 946 760 130 357 562 28 225
2 1000 225
991 265
30 991 976 303 560 64 863 164 175 601 988 133 452 293 91 673 25 250 124 705 316 793 366 786 275 461 284 972 82 259 265
18 991 404 425 630 184 744 934 32 420 231 937 132 783 552 718 626 57 265
3 991 37 265
993 60
12 993 914 640 148 738 656 348 61 814 995 460 60
43 993 915 337 718 641 205 604 473 26 343 301 942 366 602 693 621 836 747 907 51 435 563 41 583 580 719 347 976 666 816 375 304 498 525 178 503 950 291 632 999 333 371 60
3 993 520 60
998 577
31 998 44 472 222 444 59 407 98 946 130 686 485 701 192 462 157 335 136 321 808 405 154 656 112 754 178 266 359 737 307 577
46 998 196 110 472 493 298 48 334 442 419 555 545 789 329 205 705 683 711 698 255 387 502 685 806 230 223 16 445 236 636 8 89 234 861 30 74 235 456 576 260 506 882 4 291 87 577
2 998 577
988 173
34 988 445 344 664 157 628 69 104 576 188 743 607 325 346 660 195 927 601 57 827 909 483 473 413 697 906 23 832 967 765 275 411 437 173
13 988 840 728 663 606 884 406 68 527 453 616 459 173
2 988 173
998 757
23 998 573 557 794 846 260 122 407 102 53 172 421 665 579 463 601 762 135 447 668 788 224 757
25 998 109 535 699 90 796 294 658 748 116 471 472 801 850 318 506 962 137 257 651 949 935 501 275 757
5 998 538 7 683 757
998 927
28 998 405 828 408 688 487 114 339 417 160 613 700 629 370 890 603 229 870 82 887 773 409 555 760 251 418 129 927
20 998 243 582 460 996 463 761 821 351 99 280 83 424 365 959 631 386 254 297 927
2 998 927
997 222
31 997 89 517 3 842 544 745 843 626 136 744 151 57 480 123 486 32 264 698 898 944 782 66 185 424 983 329 831 14 743 222
18 997 814 733 561 26 156 841 190 175 427 62 769 101 983 724 511 842 222
2 997 222
1000 169
35 1000 486 708 913 110 37 626 622 702 961 764 300 580 528 100 869 963 645 668 158 774 227 738 509 781 731 62 311 69 534 487 97 494 880 169
27 1000 394 433 474 570 934 602 124 805 932 235 239 338 371 734 207 857 814 326 391 282 221 111 85 531 775 169
2 1000 169
997 800
26 997 955 252 901 477 30 314 674 588 709 229 978 125 327 128 81 607 558 41 419 267 344 592 474 502 800
16 997 498 764 143 210 880 360 252 963 511 102 362 313 723 840 800
2 997 800
997 587
35 997 727 408 474 973 89 805 208 583 489 773 905 874 103 878 309 403 159 621 664 162 927 121 343 961 508 774 687 107 52 3 953 863 865 587
32 997 539 159 647 804 560 623 863 536 13 248 740 544 974 327 586 449 121 370 991 389 965 9 577 497 858 407 765 685 490 235 587
2 997 587
996 573
23 996 781 556 650 387 537 528 852 16 419 358 321 658 766 870 212 793 693 472 956 708 701 573
32 996 459 83 219 993 870 661 359 350 473 873 789 332 771 330 658 659 45 805 1 120 500 615 837 312 760 54 327 885 439 380 573
3 996 109 573
997 976
47 997 197 66 164 144 841 929 827 131 741 339 856 879 258 697 352 882 142 163 747 535 702 828 593 544 790 416 605 394 50 275 742 728 388 852 200 327 568 332 834 489 454 779 86 581 695 976
13 997 39 184 326 830 542 90 347 959 501 287 144 976
2 997 976
995 511
21 995 221 752 324 186 75 882 384 58 977 29 332 378 986 569 19 866 869 94 86 511
14 995 697 978 344 557 436 858 948 89 819 847 372 461 511
2 995 511
995 647
39 995 726 554 474 984 627 664 232 257 705 581 638 153 927 725 452 27 978 138 3 798 22 718 944 897 364 800 68 866 917 88 247 496 280 813 15 610 879 647
22 995 560 760 678 863 748 445 225 795 439 273 669 762 620 535 13 935 57 801 435 570 647
2 995 647
1000 745
18 1000 475 163 198 347 287 95 762 362 221 410 770 357 711 15 228 575 745
47 1000 852 309 430 795 364 96 653 669 985 172 203 386 204 279 726 550 496 368 672 489 378 893 161 702 658 392 491 507 850 874 4 557 263 242 584 251 407 403 87 441 142 885 746 905 367 745
2 1000 745
998 720
15 998 963 28 175 805 839 824 291 773 81 879 570 762 722 720
13 998 391 791 5 957 442 594 82 422 460 14 336 720
4 998 621 152 720
998 653
27 998 513 143 526 48 439 551 44 652 589 95 329 608 529 800 880 72 73 474 697 510 627 599 76 135 432 653
32 998 515 226 507 369 782 975 62 120 397 910 256 263 249 491 195 903 579 771 979 589 323 852 568 794 156 951 621 758 22 142 653
2 998 653
994 635
24 994 945 484 558 190 899 937 391 469 165 222 931 841 601 538 267 152 176 158 908 301 719 52 635
39 994 110 782 796 262 728 690 776 717 233 987 56 865 48 187 735 300 831 699 43 688 825 78 532 64 2 516 827 428 309 902 884 923 485 672 607 561 704 635
3 994 333 635
999 676
37 999 526 990 343 52 118 663 237 208 295 248 519 283 39 539 910 962 957 269 219 700 328 390 193 156 482 96 238 737 607 443 500 199 300 874 212 676
20 999 768 912 717 804 303 81 123 843 221 505 979 583 990 602 361 77 816 464 676
3 999 872 676
993 760
54 993 622 747 969 435 177 528 888 320 78 514 223 975 886 669 949 143 777 732 299 913 512 524 337 799 84 110 228 902 41 39 843 885 311 243 691 451 42 213 982 312 555 455 183 764 797 658 537 588 245 794 712 296 760
12 993 26 475 343 650 113 47 191 908 899 109 760
2 993 760
995 804
13 995 171 449 953 193 721 87 330 358 339 9 238 804
55 995 192 313 522 90 39 487 853 493 684 320 811 512 427 951 451 926 919 934 667 573 221 864 747 13 600 659 509 800 416 75 56 696 813 231 65 473 631 531 327 592 378 548 309 719 66 34 357 722 316 584 650 212 524 804
2 995 804
997 543
17 997 991 371 251 625 881 248 211 806 36 405 446 216 767 540 593 543
30 997 983 585 438 967 957 119 731 378 575 799 233 86 236 767 647 600 431 373 300 155 282 92 149 332 863 37 383 217 543
2 997 543
996 179
23 996 459 410 588 895 343 811 579 317 673 874 186 55 616 489 659 760 267 298 295 649 892 179
47 996 729 266 691 618 49 973 103 337 636 581 631 933 387 811 967 265 196 100 628 802 9 321 176 772 75 273 385 197 283 877 526 938 128 742 863 525 384 717 707 325 689 126 269 23 625 179
2 996 179
991 23
49 991 697 453 966 291 515 732 92 167 689 677 350 110 624 198 437 808 108 69 272 430 499 606 623 766 314 118 345 964 181 573 382 687 469 151 393 266 784 373 522 257 640 37 749 525 914 45 174 23
30 991 135 70 144 620 989 903 727 517 218 939 62 687 214 244 706 301 368 421 907 16 968 65 735 966 423 885 559 117 23
3 991 373 23
987 128
39 987 296 346 480 119 227 458 614 684 235 306 575 495 277 948 167 364 666 254 240 60 234 427 585 862 401 554 561 549 553 54 992 536 421 708 844 962 144 128
11 987 81 809 885 853 301 949 815 589 215 128
2 987 128
995 76
12 995 235 203 558 299 954 307 821 919 886 994 76
16 995 416 130 560 787 389 105 583 437 603 449 612 804 42 267 76
3 995 415 76
993 845
32 993 611 595 782 596 203 180 181 158 786 183 166 871 870 423 434 226 173 228 68 472 542 567 464 252 118 430 33 687 614 751 845
30 993 59 785 407 85 852 912 982 121 529 66 659 383 63 520 810 112 391 431 905 716 985 445 122 192 416 117 664 703 845
4 993 320 122 845
982 282
39 982 148 768 880 330 483 559 772 412 159 348 712 178 868 799 140 929 302 844 634 620 301 533 558 32 501 93 893 649 47 266 595 445 297 594 863 937 191 282
36 982 418 84 613 247 411 444 737 550 154 538 36 536 655 884 480 678 634 972 565 921 947 789 191 692 123 751 691 630 241 5 336 649 846 809 282
2 982 282
993 378
9 993 221 712 475 380 90 973 205 378
49 993 938 533 72 603 201 581 63 402 595 594 97 123 737 341 941 15 213 747 838 443 999 218 501 606 503 974 977 936 272 386 206 13 890 389 867 826 260 531 755 410 397 866 692 665 198 84 547 378
2 993 378
996 92
40 996 393 341 17 114 288 967 375 939 234 97 778 538 907 302 696 43 854 747 267 285 768 728 525 829 149 767 860 734 763 779 329 812 614 790 773 398 791 9 92
18 996 923 664 188 29 503 5 555 265 551 956 707 324 771 321 777 254 92
6 996 851 911 133 237 92
1000 166
45 1000 88 406 698 204 385 988 333 783 79 92 798 520 365 581 449 491 903 563 922 740 917 161 920 339 980 646 904 976 779 574 130 64 274 691 716 606 837 321 647 666 704 30 236 166
22 1000 838 350 571 883 943 179 135 849 565 886 120 982 388 917 858 767 234 684 286 994 166
3 1000 94 166
997 761
19 997 506 175 848 727 5 638 439 570 408 181 876 157 228 642 515 274 582 761
21 997 718 152 939 338 392 219 620 1 981 863 907 886 333 206 403 379 697 416 470 761
2 997 761
989 784
39 989 809 936 17 205 602 906 751 458 951 890 34 501 623 24 175 737 586 82 152 825 733 491 404 41 777 795 828 289 251 381 249 948 757 660 753 511 150 784
18 989 36 999 438 753 928 296 167 398 329 237 384 453 783 419 726 242 784
3 989 279 784
1000 313
38 1000 883 499 711 206 82 394 672 800 353 795 261 635 488 708 282 365 893 926 834 359 66 439 2 171 884 342 772 238 858 298 134 805 318 48 58 978 313
26 1000 511 817 276 968 870 230 654 955 945 67 623 850 365 988 531 843 760 163 592 830 555 145 740 322 313
3 1000 630 313
988 821
35 988 760 980 44 798 377 294 529 981 46 973 966 423 108 722 162 790 543 671 50 340 143 124 483 913 334 970 862 232 681 369 960 354 806 821
37 988 919 454 564 796 855 488 374 913 48 423 494 528 596 257 135 879 863 581 733 689 229 45 735 755 8 433 181 27 406 253 125 24 395 437 384 821
4 988 218 522 821
1000 119
42 1000 74 511 739 768 579 8 940 669 943 166 141 807 80 864 773 588 889 781 231 447 844 830 515 475 963 840 489 383 197 164 209 268 352 665 556 957 451 573 717 68 119
39 1000 914 2 464 888 967 852 747 425 690 895 580 519 15 303 838 723 69 744 985 939 92 456 970 508 126 530 927 999 439 845 536 100 238 633 413 40 254 119
4 1000 373 372 119
998 636
21 998 511 625 116 385 758 723 788 280 354 939 523 589 178 27 756 719 786 325 846 636
19 998 717 15 367 675 834 917 888 157 316 322 141 12 235 736 310 96 968 636
2 998 636
999 589
13 999 217 724 2 846 42 40 368 578 224 36 447 589
25 999 528 611 338 367 751 926 800 298 303 174 126 980 870 423 651 351 505 390 17 943 153 269 637 589
2 999 589
