78 56
24 78 23 88 33 62 9 70 20 40 43 53 76 27 86 8 93 3 29 91 87 30 50 96 56
2 78 56
18 45
11 18 85 59 69 1 23 75 47 13 93 45
2 18 45
9 92
9 9 69 24 30 15 34 85 57 92
2 9 92
7 60
23 7 99 61 63 43 84 78 26 13 98 55 72 15 42 76 21 75 23 88 86 67 87 60
2 7 60
13 57
16 13 70 19 71 4 74 86 93 46 99 33 3 72 5 88 57
2 13 57
61 6
5 61 73 95 10 6
2 61 6
26 4
14 26 64 95 80 99 75 47 82 69 19 33 56 59 4
2 26 4
51 9
9 51 14 49 87 82 12 47 10 9
2 51 9
72 93
13 72 18 64 22 52 97 31 5 33 39 95 57 93
2 72 93
70 4
17 70 28 1 81 22 5 90 83 20 45 51 6 92 41 43 39 4
2 70 4
37 60
20 37 36 4 69 46 91 96 83 75 30 80 85 10 56 99 73 78 84 24 60
2 37 60
18 73
4 18 64 76 73
2 18 73
9 87
14 9 28 93 2 15 50 21 8 35 67 62 55 37 87
2 9 87
94 30
6 94 24 39 79 10 30
2 94 30
45 19
9 45 46 63 62 80 67 68 5 19
2 45 19
11 7
7 11 94 87 76 68 75 7
2 11 7
35 90
17 35 28 75 19 65 98 82 34 93 61 22 38 52 74 54 29 90
2 35 90
71 95
18 71 28 88 35 32 45 25 54 16 37 58 23 97 64 75 19 57 95
2 71 95
100 88
16 100 98 41 43 59 51 66 68 25 3 54 21 82 62 13 88
2 100 88
34 66
9 34 100 91 82 9 13 39 6 66
2 34 66
18 24
12 18 25 40 44 65 4 57 73 38 89 67 24
2 18 24
50 75
17 50 64 37 54 55 27 76 65 9 57 49 91 47 51 71 3 75
2 50 75
27 20
5 27 26 62 12 20
2 27 20
2 7
12 2 13 6 15 66 27 10 75 59 38 93 7
2 2 7
53 13
15 53 69 17 67 30 48 11 57 76 27 33 80 74 89 13
2 53 13
34 83
10 34 53 15 88 28 100 42 70 60 83
2 34 83
15 47
18 15 58 63 2 74 69 79 78 59 45 28 44 34 49 10 68 37 47
2 15 47
53 38
6 53 40 83 47 48 38
2 53 38
72 38
14 72 19 89 51 86 65 64 52 83 29 98 33 76 38
2 72 38
76 74
5 76 68 97 17 74
2 76 74
26 86
29 26 84 100 50 80 79 19 3 58 21 38 24 62 66 87 55 23 47 76 31 34 11 17 78 44 4 53 61 86
2 26 86
19 50
2 19 50
2 19 50
38 76
7 38 63 57 42 9 23 76
2 38 76
55 21
12 55 83 65 60 77 67 46 28 34 15 52 21
2 55 21
8 71
10 8 4 3 81 47 42 21 70 60 71
2 8 71
37 34
17 37 46 59 87 30 77 49 61 24 55 2 43 25 23 94 42 34
2 37 34
16 48
4 16 47 7 48
2 16 48
97 59
11 97 1 42 50 74 33 61 72 86 2 59
2 97 59
79 58
16 79 43 15 13 52 17 90 72 86 47 46 45 87 6 16 58
2 79 58
43 91
22 43 30 15 27 49 32 21 12 18 80 65 79 76 69 70 35 13 71 46 39 98 91
2 43 91
30 39
13 30 28 92 73 13 99 96 94 89 45 66 76 39
2 30 39
58 47
14 58 51 50 99 81 12 76 35 89 48 6 56 24 47
2 58 47
34 68
8 34 4 76 84 18 33 87 68
2 34 68
10 63
12 10 66 14 86 65 28 44 81 97 12 2 63
2 10 63
29 58
12 29 10 59 92 99 93 79 54 14 89 95 58
2 29 58
23 65
17 23 78 64 10 50 100 82 92 58 47 72 73 69 94 8 19 65
2 23 65
47 3
16 47 71 48 98 66 51 38 100 21 26 40 67 54 43 78 3
2 47 3
66 60
15 66 17 9 73 23 83 16 75 36 46 88 94 68 35 60
2 66 60
33 97
11 33 8 83 23 3 40 55 84 90 93 97
2 33 97
55 15
17 55 97 20 49 95 7 52 89 42 62 22 86 73 44 39 83 15
2 55 15
71 4
10 71 69 84 11 98 12 43 60 68 4
2 71 4
10 4
6 10 84 62 97 24 4
2 10 4
64 39
14 64 44 75 56 84 22 80 24 100 99 97 29 46 39
2 64 39
26 44
22 26 38 93 59 80 22 40 52 37 64 23 25 79 39 65 9 41 28 96 13 31 44
2 26 44
26 23
10 26 24 98 61 35 32 19 90 97 23
2 26 23
20 37
21 20 15 4 92 47 48 39 65 90 72 100 24 35 98 7 1 13 57 10 91 37
2 20 37
26 96
20 26 59 24 43 48 66 98 87 99 100 97 58 20 33 67 86 49 44 91 96
2 26 96
49 84
4 49 77 75 84
2 49 84
21 87
3 21 22 87
2 21 87
81 50
6 81 97 45 34 64 50
2 81 50
99 25
11 99 22 14 54 40 56 4 75 12 10 25
2 99 25
59 18
26 59 82 4 12 66 63 29 99 41 84 3 40 67 78 55 90 91 53 50 52 46 43 13 64 80 18
2 59 18
61 7
13 61 16 25 33 3 66 13 9 12 42 72 68 7
2 61 7
73 74
11 73 41 40 64 69 66 84 97 79 3 74
2 73 74
13 25
9 13 34 23 54 86 36 49 50 25
2 13 25
45 92
4 45 76 23 92
2 45 92
42 14
13 42 35 73 85 81 93 80 76 12 40 2 60 14
2 42 14
46 47
18 46 39 19 43 14 94 66 49 96 12 88 15 16 42 72 56 1 47
2 46 47
37 20
10 37 25 100 61 45 35 30 16 57 20
2 37 20
36 68
17 36 29 65 85 47 10 33 12 23 38 16 86 18 64 35 3 68
2 36 68
7 85
27 7 10 93 100 63 42 57 54 6 70 55 90 98 69 30 67 88 16 56 28 91 41 33 68 86 89 85
2 7 85
88 13
7 88 46 32 37 3 30 13
2 88 13
70 31
22 70 63 81 65 10 1 44 61 76 96 89 85 64 82 62 52 56 53 58 5 68 31
2 70 31
58 66
5 58 37 68 25 66
2 58 66
45 98
11 45 86 83 56 55 2 37 42 32 49 98
2 45 98
54 63
4 54 51 10 63
2 54 63
91 13
23 91 23 98 95 83 75 41 45 10 17 55 97 37 44 72 50 22 88 27 20 58 77 13
2 91 13
41 28
8 41 83 1 23 33 32 4 28
2 41 28
68 79
2 68 79
2 68 79
55 31
6 55 88 25 61 92 31
2 55 31
91 77
9 91 46 6 82 74 28 76 58 77
2 91 77
48 10
10 48 55 82 89 93 4 18 2 100 10
2 48 10
66 24
13 66 22 45 89 50 54 97 53 42 4 71 14 24
2 66 24
95 64
10 95 66 61 39 91 14 53 70 4 64
2 95 64
26 96
18 26 47 68 21 70 62 83 89 74 59 6 97 100 13 8 27 78 96
2 26 96
61 66
7 61 67 95 3 17 20 66
2 61 66
27 63
22 27 14 8 95 33 68 46 35 51 74 44 78 30 70 21 57 17 100 37 66 31 63
2 27 63
98 68
6 98 39 78 92 73 68
2 98 68
7 87
10 7 34 92 37 96 89 48 23 15 87
2 7 87
4 79
23 4 10 6 5 35 72 65 31 3 2 61 42 14 21 92 43 32 89 100 70 20 76 79
2 4 79
99 43
18 99 55 12 100 9 31 54 3 32 93 18 94 60 86 65 78 64 43
2 99 43
91 32
12 91 92 51 20 7 17 12 65 31 5 84 32
2 91 32
94 57
13 94 20 18 99 24 62 74 92 49 51 26 28 57
2 94 57
4 12
13 4 99 89 10 68 82 57 42 69 44 40 58 12
2 4 12
40 100
14 40 23 34 9 63 45 97 42 11 65 53 7 48 100
2 40 100
4 80
17 4 97 24 74 92 86 69 42 15 50 71 66 30 78 26 9 80
2 4 80
28 71
11 28 75 15 22 72 35 98 70 60 8 71
2 28 71
53 69
17 53 70 68 62 90 10 50 23 34 13 95 97 36 24 59 25 69
2 53 69
30 54
14 30 88 5 23 29 21 59 69 78 70 26 95 28 54
2 30 54
9 33
15 9 94 78 80 50 1 59 69 45 15 64 99 41 52 33
2 9 33
83 28
20 83 24 97 99 44 88 15 4 64 2 48 72 67 26 61 50 16 33 54 28
2 83 28
75 17
21 75 2 92 57 96 28 47 83 33 41 86 36 77 13 71 12 37 1 45 82 17
2 75 17
13 94
19 13 75 89 64 85 40 91 12 68 83 97 30 82 96 66 7 20 2 94
2 13 94
41 33
6 41 68 8 27 66 33
2 41 33
51 50
8 51 60 18 96 62 24 37 50
2 51 50
37 48
8 37 86 89 31 36 45 8 48
2 37 48
15 14
5 15 1 55 65 14
2 15 14
100 77
8 100 63 91 92 8 45 18 77
2 100 77
12 64
16 12 78 48 6 65 28 73 89 31 82 10 54 21 34 4 64
2 12 64
100 23
13 100 94 48 87 68 89 35 69 9 88 51 53 23
2 100 23
38 74
3 38 57 74
2 38 74
12 46
5 12 100 89 9 46
2 12 46
97 72
4 97 1 39 72
2 97 72
19 76
16 19 85 71 9 28 45 41 7 29 78 46 84 18 88 86 76
2 19 76
77 49
13 77 46 57 13 7 70 25 89 38 23 30 20 49
2 77 49
4 87
3 4 72 87
2 4 87
92 77
19 92 3 5 31 82 99 69 24 71 38 39 17 42 54 97 85 15 55 77
2 92 77
37 27
24 37 36 49 84 51 44 53 54 8 31 63 30 79 64 100 41 71 99 87 1 72 2 32 27
2 37 27
71 18
12 71 74 36 77 69 79 10 58 85 54 60 18
2 71 18
49 59
11 49 80 61 39 54 65 27 47 67 93 59
2 49 59
1 71
19 1 27 74 72 54 49 98 38 88 22 12 96 10 68 40 34 79 97 71
2 1 71
51 23
16 51 61 99 78 64 86 1 71 44 80 35 38 27 33 45 23
2 51 23
44 92
10 44 84 88 21 20 29 13 38 25 92
2 44 92
8 39
20 8 92 3 17 85 56 73 5 29 30 74 19 53 9 67 7 80 26 11 39
2 8 39
41 48
11 41 33 16 67 75 15 80 46 50 29 48
2 41 48
16 5
6 16 13 41 43 24 5
2 16 5
70 2
18 70 25 12 18 68 22 93 31 16 59 24 17 87 23 53 89 41 2
2 70 2
86 99
13 86 91 53 16 2 34 4 11 90 45 9 41 99
2 86 99
85 91
11 85 99 6 100 27 64 61 20 89 38 91
2 85 91
31 97
26 31 18 5 74 63 30 84 7 25 60 1 17 37 80 96 16 57 66 86 78 28 20 95 51 42 97
2 31 97
63 25
21 63 9 96 93 35 51 90 32 76 14 78 91 97 92 84 33 87 88 23 82 25
2 63 25
34 67
13 34 32 43 64 41 78 25 50 92 13 9 40 67
2 34 67
2 32
9 2 71 27 44 28 57 34 30 32
2 2 32
58 82
7 58 54 28 41 69 87 82
2 58 82
46 8
9 46 80 56 24 25 14 39 71 8
2 46 8
74 82
7 74 36 5 23 87 88 82
2 74 82
95 54
14 95 75 9 50 84 99 65 49 39 12 19 79 46 54
2 95 54
49 16
3 49 9 16
2 49 16
6 24
24 6 36 99 17 76 92 16 43 9 98 10 42 58 64 75 39 19 53 69 85 81 15 41 24
2 6 24
79 80
13 79 90 31 25 4 86 47 10 21 58 81 3 80
2 79 80
80 32
18 80 23 81 46 40 84 100 43 51 22 88 39 74 99 5 1 94 32
2 80 32
71 72
5 71 14 66 93 72
2 71 72
25 42
9 25 85 7 96 4 65 29 93 42
2 25 42
71 18
20 71 94 68 62 23 49 31 40 17 96 72 13 25 10 2 36 43 41 34 18
2 71 18
37 4
6 37 94 75 84 81 4
2 37 4
52 14
21 52 43 17 75 60 68 92 79 19 96 98 57 21 45 97 18 95 34 53 26 14
2 52 14
55 18
8 55 4 23 19 86 41 52 18
2 55 18
39 26
7 39 95 20 14 94 45 26
2 39 26
71 72
9 71 45 61 93 32 5 19 24 72
2 71 72
5 76
12 5 81 25 78 100 3 36 66 48 74 92 76
2 5 76
43 73
4 43 84 27 73
2 43 73
37 16
17 37 8 93 54 75 31 95 66 24 53 12 14 1 6 41 28 16
2 37 16
33 41
23 33 58 43 50 59 61 56 19 51 72 77 49 99 63 47 18 94 31 66 26 21 24 41
2 33 41
33 53
14 33 58 98 40 23 64 92 80 25 65 66 100 14 53
2 33 53
7 49
17 7 92 2 64 72 48 58 4 74 97 89 90 62 27 23 75 49
2 7 49
3 99
10 3 62 86 87 37 64 96 8 69 99
2 3 99
80 33
7 80 15 50 51 34 8 33
2 80 33
48 76
12 48 96 80 53 11 91 18 43 95 86 97 76
2 48 76
49 10
6 49 72 66 11 83 10
2 49 10
26 44
7 26 28 98 20 36 77 44
2 26 44
37 2
24 37 72 78 39 48 71 16 57 49 36 29 25 28 40 100 66 63 9 91 76 86 1 20 2
2 37 2
35 1
15 35 27 92 28 39 95 22 79 62 42 48 56 59 51 1
2 35 1
42 40
25 42 44 41 84 76 77 82 90 71 83 63 99 81 96 66 6 75 45 43 28 74 53 2 59 40
2 42 40
29 28
4 29 25 92 28
2 29 28
82 45
9 82 81 47 11 92 3 12 38 45
2 82 45
9 86
4 9 32 13 86
2 9 86
6 81
13 6 73 35 39 14 71 55 30 10 18 88 59 81
2 6 81
85 75
19 85 62 7 92 77 8 12 10 80 64 71 44 32 50 23 93 59 33 75
2 85 75
70 61
9 70 7 74 19 71 51 20 17 61
2 70 61
19 69
4 19 86 65 69
2 19 69
84 85
11 84 23 22 86 65 76 62 98 41 60 85
2 84 85
38 93
11 38 26 2 11 86 54 95 42 21 31 93
2 38 93
96 75
6 96 13 2 44 56 75
2 96 75
15 13
9 15 79 77 62 26 57 14 81 13
2 15 13
80 24
11 80 23 29 76 73 64 8 91 82 16 24
2 80 24
48 67
10 48 54 40 20 52 11 13 9 98 67
2 48 67
98 82
7 98 88 55 72 14 19 82
2 98 82
28 78
16 28 22 93 77 72 15 94 25 62 86 9 7 18 30 96 78
2 28 78
58 88
8 58 37 34 30 86 76 59 88
2 58 88
54 26
14 54 25 66 42 64 62 44 35 85 7 24 47 37 26
2 54 26
45 92
6 45 80 96 51 4 92
2 45 92
44 17
10 44 95 82 97 75 64 54 47 53 17
2 44 17
44 100
18 44 62 51 49 11 87 31 90 85 79 77 43 48 91 24 64 57 100
2 44 100
85 77
20 85 60 18 57 84 6 56 26 91 45 49 40 89 47 90 65 92 12 98 77
2 85 77
5 45
16 5 24 70 21 79 34 57 99 86 41 54 1 18 97 100 45
2 5 45
93 49
6 93 18 82 61 2 49
2 93 49
97 33
17 97 73 79 94 16 28 2 35 3 11 100 95 1 56 44 14 33
2 97 33
73 100
6 73 8 76 23 45 100
2 73 100
56 33
16 56 42 96 35 11 67 15 25 91 84 8 66 97 94 90 33
2 56 33
60 29
8 60 28 93 48 11 27 66 29
2 60 29
17 97
11 17 11 92 68 73 67 54 82 56 10 97
2 17 97
7 84
11 7 53 19 2 69 41 50 8 91 63 84
2 7 84
38 51
19 38 26 13 62 64 29 48 89 12 36 61 35 84 76 44 72 73 9 51
2 38 51
62 15
19 62 84 18 70 31 35 76 57 77 21 38 24 86 8 97 9 6 67 15
2 62 15
49 89
17 49 55 47 79 43 19 23 44 10 14 25 16 76 96 17 86 89
2 49 89
4 51
8 4 39 97 79 6 48 87 51
2 4 51
67 83
8 67 52 54 55 79 51 93 83
2 67 83
35 47
18 35 65 52 76 100 5 4 24 75 10 8 73 96 36 78 72 74 47
2 35 47
72 56
6 72 18 6 21 75 56
2 72 56
5 49
16 5 83 3 32 35 69 84 36 93 46 37 11 66 43 2 49
2 5 49
68 18
8 68 32 22 74 96 92 4 18
2 68 18
35 91
8 35 48 51 80 38 12 32 91
2 35 91
51 2
19 51 91 80 16 56 97 49 75 31 17 85 64 32 42 35 38 70 34 2
2 51 2
3 58
13 3 100 72 12 46 52 93 54 96 88 85 78 58
2 3 58
100 56
19 100 52 65 5 12 91 59 47 95 27 85 29 70 81 21 1 4 3 56
2 100 56
63 44
23 63 34 86 16 9 62 2 74 82 17 15 7 100 71 41 78 67 20 89 1 10 19 44
2 63 44
25 32
13 25 55 63 57 28 40 49 12 94 58 43 62 32
2 25 32
65 87
18 65 66 20 76 89 84 54 73 59 10 67 80 97 47 72 68 86 87
2 65 87
4 1
18 4 71 45 7 12 42 65 14 90 57 30 29 74 47 37 31 59 1
2 4 1
32 2
7 32 18 87 4 70 17 2
2 32 2
56 7
18 56 63 28 11 93 33 8 65 62 90 80 19 22 97 66 83 92 7
2 56 7
56 4
16 56 29 63 16 46 49 52 83 71 34 80 59 40 11 57 4
2 56 4
72 28
8 72 27 38 85 10 1 37 28
2 72 28
87 49
8 87 53 66 40 17 33 84 49
2 87 49
59 45
23 59 89 58 20 63 88 49 17 37 42 18 8 36 28 39 91 29 60 75 2 87 99 45
2 59 45
14 33
11 14 43 60 73 28 54 72 31 6 78 33
2 14 33
70 24
10 70 4 7 10 43 38 46 93 29 24
2 70 24
75 31
14 75 88 26 95 55 46 2 5 85 21 90 83 25 31
2 75 31
30 70
15 30 68 35 25 71 53 100 15 55 93 67 92 1 87 70
2 30 70
55 17
20 55 48 10 40 20 50 68 15 38 31 67 84 94 91 9 52 97 77 93 17
2 55 17
20 28
5 20 48 16 30 28
2 20 28
57 12
18 57 15 88 46 82 21 5 39 89 18 73 84 69 67 43 6 53 12
2 57 12
35 4
5 35 21 100 23 4
2 35 4
87 23
7 87 5 71 95 83 90 23
2 87 23
58 66
20 58 51 69 70 25 98 38 85 7 28 11 86 45 77 94 12 62 35 43 66
2 58 66
1 40
4 1 13 79 40
2 1 40
1 39
16 1 81 11 37 63 31 30 74 54 34 51 84 59 12 20 39
2 1 39
55 95
14 55 83 79 45 24 62 63 18 78 77 46 99 88 95
2 55 95
62 49
9 62 33 23 6 13 100 15 3 49
2 62 49
71 27
24 71 32 96 52 36 38 73 72 9 84 29 21 31 70 48 26 2 5 100 10 92 68 40 27
2 71 27
46 49
2 46 49
2 46 49
72 44
24 72 32 25 61 10 4 56 62 57 94 12 89 67 71 48 65 33 76 69 53 14 52 8 44
2 72 44
20 90
7 20 62 69 59 8 98 90
2 20 90
62 10
11 62 45 38 32 75 97 85 7 61 99 10
2 62 10
10 87
7 10 17 91 80 28 43 87
2 10 87
23 10
6 23 28 50 49 94 10
2 23 10
27 96
15 27 23 51 47 49 14 79 81 59 65 22 50 98 61 96
2 27 96
33 98
17 33 73 38 76 54 45 20 90 58 52 48 25 41 32 3 85 98
2 33 98
37 36
7 37 4 59 63 34 5 36
2 37 36
39 80
15 39 60 25 86 90 44 41 8 62 89 45 20 36 72 80
2 39 80
67 62
29 67 99 16 54 2 50 66 64 7 9 55 32 43 82 40 65 42 85 6 59 3 56 47 83 57 1 10 13 62
2 67 62
78 59
21 78 40 62 87 74 12 37 3 20 56 19 2 65 35 6 42 70 48 44 16 59
2 78 59
71 69
17 71 26 97 11 54 65 8 29 27 44 99 82 75 17 21 90 69
2 71 69
77 80
2 77 80
2 77 80
31 45
4 31 98 9 45
2 31 45
84 26
5 84 34 74 2 26
2 84 26
1 11
18 1 34 29 73 68 72 84 37 53 39 55 41 89 5 23 14 19 11
2 1 11
70 75
17 70 14 74 15 31 24 65 96 28 48 46 73 55 56 16 72 75
2 70 75
21 41
22 21 64 28 14 84 31 68 32 1 98 100 60 72 4 99 67 56 51 42 78 25 41
2 21 41
61 32
17 61 63 51 54 68 48 80 62 43 9 33 71 29 11 70 21 32
2 61 32
54 67
16 54 80 53 13 25 58 100 36 73 98 77 64 94 90 47 67
2 54 67
36 28
13 36 79 56 33 82 5 80 49 19 13 84 26 28
2 36 28
99 67
18 99 19 75 44 26 92 18 90 25 16 71 58 21 69 4 100 22 67
2 99 67
48 61
8 48 78 87 16 83 3 14 61
2 48 61
45 71
11 45 64 56 44 17 55 32 76 79 93 71
2 45 71
95 19
4 95 46 84 19
2 95 19
11 90
9 11 67 64 51 4 28 47 77 90
2 11 90
39 85
14 39 99 45 88 38 72 63 18 20 91 57 8 55 85
2 39 85
43 61
9 43 51 34 47 28 76 36 1 61
2 43 61
7 17
13 7 44 50 59 49 32 13 30 52 92 62 22 17
2 7 17
23 90
7 23 1 59 8 42 25 90
2 23 90
33 97
6 33 31 39 2 60 97
2 33 97
18 3
22 18 7 35 10 97 83 63 94 28 51 98 86 82 62 87 37 68 25 79 69 42 3
2 18 3
22 31
18 22 94 90 3 61 67 13 74 19 14 7 81 2 25 56 73 57 31
2 22 31
78 53
10 78 1 43 22 69 17 5 74 80 53
2 78 53
51 72
8 51 92 16 80 5 41 48 72
2 51 72
61 78
20 61 45 23 64 55 77 26 63 14 88 91 99 73 46 27 67 47 90 80 78
2 61 78
93 10
11 93 26 100 21 5 64 18 46 58 73 10
2 93 10
53 38
2 53 38
2 53 38
79 50
11 79 17 42 82 78 43 60 29 39 38 50
2 79 50
67 18
22 67 68 61 1 70 21 79 94 10 14 49 37 46 8 85 48 66 77 36 83 89 18
2 67 18
68 51
9 68 25 87 61 98 83 63 42 51
2 68 51
50 92
19 50 13 4 48 62 68 93 10 61 57 64 82 88 99 83 73 54 94 92
2 50 92
32 10
12 32 93 99 19 78 37 72 43 83 39 7 10
2 32 10
46 32
19 46 2 33 86 50 41 85 27 17 80 19 91 6 67 78 5 69 79 32
2 46 32
18 20
21 18 82 74 84 6 40 12 11 61 56 15 13 87 10 7 53 52 92 70 91 20
2 18 20
35 32
14 35 57 89 41 30 48 37 85 76 98 93 94 51 32
2 35 32
13 41
7 13 57 72 43 82 26 41
2 13 41
8 58
8 8 54 36 22 56 59 9 58
2 8 58
33 38
11 33 54 67 46 85 61 9 71 45 3 38
2 33 38
18 68
7 18 41 56 50 55 86 68
2 18 68
69 80
10 69 84 28 23 29 64 22 97 3 80
2 69 80
97 6
13 97 47 64 56 49 72 60 75 31 3 2 52 6
2 97 6
38 82
16 38 97 66 59 95 28 13 20 17 39 7 19 33 49 100 82
2 38 82
43 12
7 43 93 71 26 58 40 12
2 43 12
83 75
15 83 80 42 72 90 84 99 29 67 96 91 54 63 97 75
2 83 75
39 58
12 39 6 84 17 80 16 51 88 19 87 56 58
2 39 58
1 18
2 1 18
2 1 18
53 85
8 53 56 99 86 32 33 97 85
2 53 85
50 21
11 50 31 86 80 74 93 81 8 35 15 21
2 50 21
66 45
18 66 50 5 70 77 95 31 71 44 57 10 92 12 32 55 96 98 45
2 66 45
57 87
15 57 8 70 58 10 79 9 97 75 53 1 80 33 60 87
2 57 87
48 28
16 48 68 62 98 19 63 94 91 77 42 93 36 85 74 97 28
2 48 28
18 61
4 18 90 77 61
2 18 61
36 16
7 36 90 68 38 12 7 16
2 36 16
29 54
19 29 63 85 14 23 41 86 75 9 49 84 24 68 40 99 34 70 47 54
2 29 54
69 94
15 69 45 22 23 18 36 62 91 37 24 12 16 90 42 94
2 69 94
5 42
10 5 33 12 54 97 45 81 3 92 42
2 5 42
95 69
4 95 16 96 69
2 95 69
16 81
25 16 5 44 22 99 83 98 31 78 71 48 47 21 12 8 91 53 25 59 3 77 57 9 33 81
2 16 81
47 16
11 47 74 60 80 32 59 49 88 51 28 16
2 47 16
68 79
17 68 84 74 45 22 42 8 80 25 89 20 23 51 16 75 94 79
2 68 79
11 92
11 11 60 79 75 4 57 10 100 44 85 92
2 11 92
94 20
3 94 89 20
2 94 20
47 34
4 47 78 33 34
2 47 34
60 19
15 60 3 24 2 70 92 100 14 36 90 13 46 17 18 19
2 60 19
85 55
22 85 90 58 45 32 3 78 23 38 44 96 31 63 89 79 61 54 19 42 82 80 55
2 85 55
94 73
22 94 57 44 50 83 60 19 10 20 2 58 47 82 64 93 12 75 76 4 92 72 73
2 94 73
87 8
21 87 76 88 69 37 30 64 90 81 60 72 24 16 55 58 7 54 67 86 44 8
2 87 8
90 98
13 90 83 88 94 3 34 74 77 96 71 6 81 98
2 90 98
68 24
12 68 79 96 55 81 2 25 82 76 87 88 24
2 68 24
71 46
15 71 72 44 78 21 91 24 35 32 97 36 67 77 100 46
2 71 46
61 90
18 61 44 10 9 57 23 51 17 92 74 72 6 89 41 37 58 52 90
2 61 90
40 37
9 40 23 83 18 16 31 46 25 37
2 40 37
6 17
26 6 57 35 99 90 66 31 18 14 36 77 40 4 98 29 76 42 2 16 12 67 70 23 85 20 17
2 6 17
15 8
12 15 44 52 34 65 16 90 23 13 46 87 8
2 15 8
43 52
9 43 50 15 13 49 48 93 9 52
2 43 52
68 2
13 68 30 63 85 44 14 96 16 57 51 76 18 2
2 68 2
33 40
13 33 53 15 20 12 18 34 65 57 26 49 76 40
2 33 40
29 5
5 29 90 72 89 5
2 29 5
60 79
4 60 3 43 79
2 60 79
33 97
4 33 74 5 97
2 33 97
12 73
8 12 81 61 7 56 26 94 73
2 12 73
97 44
14 97 88 9 33 100 30 56 3 79 29 26 4 72 44
2 97 44
25 7
11 25 32 38 99 44 33 31 39 37 92 7
2 25 7
34 97
16 34 37 67 99 23 22 62 5 28 55 81 51 80 13 32 97
2 34 97
30 82
8 30 56 52 14 37 75 9 82
2 30 82
44 52
3 44 24 52
2 44 52
6 72
24 6 11 46 69 80 97 24 88 10 76 99 16 3 45 8 52 34 12 73 50 48 19 90 72
2 6 72
21 72
18 21 47 84 34 82 73 67 40 11 59 52 37 81 26 45 6 54 72
2 21 72
68 24
4 68 1 10 24
2 68 24
29 18
22 29 47 78 39 51 16 93 45 23 43 66 80 4 96 1 75 62 17 38 42 95 18
2 29 18
66 65
14 66 1 8 74 5 23 48 43 25 69 94 82 47 65
2 66 65
77 52
10 77 88 14 48 86 43 96 25 83 52
2 77 52
22 94
2 22 94
2 22 94
42 71
20 42 5 76 33 15 10 13 8 99 83 4 9 65 22 96 66 3 14 55 71
2 42 71
47 84
23 47 44 32 65 72 27 79 26 95 92 90 52 82 37 21 35 93 30 59 68 61 9 84
2 47 84
89 93
18 89 19 77 74 95 45 98 75 57 34 12 29 44 28 85 83 37 93
2 89 93
32 54
7 32 41 16 8 20 76 54
2 32 54
30 80
12 30 11 52 57 76 19 60 31 85 98 65 80
2 30 80
33 15
12 33 31 85 28 58 30 18 20 13 95 81 15
2 33 15
54 98
17 54 86 80 91 46 65 74 85 92 10 14 11 51 6 83 75 98
2 54 98
21 25
3 21 60 25
2 21 25
25 66
13 25 36 73 85 44 47 92 65 55 90 48 11 66
2 25 66
94 34
15 94 78 98 93 24 96 77 35 76 57 37 19 54 89 34
2 94 34
92 7
13 92 90 64 4 42 44 26 84 60 96 71 18 7
2 92 7
96 31
13 96 29 61 67 75 41 90 84 14 95 99 2 31
2 96 31
25 28
10 25 5 6 10 51 72 18 62 7 28
2 25 28
97 89
19 97 67 39 62 47 21 32 22 27 68 46 11 49 3 61 73 44 84 89
2 97 89
95 89
10 95 25 65 4 55 64 59 99 5 89
2 95 89
69 41
11 69 65 99 95 97 48 84 37 55 27 41
2 69 41
66 6
14 66 58 57 99 91 63 1 15 39 38 71 94 23 6
2 66 6
15 20
19 15 79 8 92 9 52 63 71 88 81 45 73 98 34 62 95 87 60 20
2 15 20
79 51
24 79 86 62 22 33 34 100 55 25 92 8 24 89 3 46 48 58 54 65 95 10 39 17 51
2 79 51
7 40
10 7 83 62 55 46 80 78 26 96 40
2 7 40
97 48
18 97 18 40 99 78 93 51 47 46 12 85 94 21 26 69 86 81 48
2 97 48
23 1
10 23 65 78 18 89 15 7 90 74 1
2 23 1
97 84
5 97 83 32 51 84
2 97 84
99 50
5 99 38 10 75 50
2 99 50
69 48
5 69 75 100 35 48
2 69 48
62 16
18 62 85 3 89 79 19 59 53 67 74 39 4 69 9 51 15 44 16
2 62 16
86 59
6 86 67 28 10 19 59
2 86 59
20 26
14 20 78 50 66 72 54 51 32 67 16 56 3 85 26
2 20 26
39 4
6 39 45 65 67 85 4
2 39 4
73 79
4 73 82 10 79
2 73 79
36 3
4 36 40 79 3
2 36 3
58 14
10 58 77 29 76 64 23 15 53 87 14
2 58 14
60 41
15 60 76 71 82 61 81 38 52 43 98 89 64 73 67 41
2 60 41
79 95
25 79 77 88 58 75 35 21 65 13 9 31 93 11 26 60 41 5 80 37 73 47 20 66 38 95
2 79 95
26 84
7 26 70 83 78 17 25 84
2 26 84
95 78
15 95 75 25 81 35 88 7 51 62 29 30 3 38 55 78
2 95 78
48 5
6 48 54 88 13 36 5
2 48 5
64 10
9 64 77 73 66 26 92 96 40 10
2 64 10
89 16
7 89 25 81 14 5 18 16
2 89 16
77 45
11 77 50 55 100 80 89 32 39 87 30 45
2 77 45
73 94
3 73 7 94
2 73 94
76 30
14 76 28 31 29 42 96 51 17 48 61 45 91 100 30
2 76 30
29 89
8 29 47 57 50 80 27 66 89
2 29 89
88 16
14 88 22 30 74 29 12 38 63 27 98 83 95 65 16
2 88 16
58 79
8 58 96 64 90 26 52 23 79
2 58 79
3 99
9 3 91 39 73 65 15 95 54 99
2 3 99
27 28
10 27 34 57 52 43 89 93 41 54 28
2 27 28
38 25
17 38 88 60 42 12 26 91 39 23 83 97 18 20 7 78 98 25
2 38 25
21 92
8 21 8 54 35 16 12 22 92
2 21 92
75 62
15 75 79 25 61 21 72 28 39 82 13 18 78 32 30 62
2 75 62
55 49
10 55 37 26 83 93 35 87 10 53 49
2 55 49
84 28
14 84 24 88 46 6 44 79 51 73 41 22 54 16 28
2 84 28
87 25
18 87 43 16 28 12 20 42 2 1 51 84 80 3 54 81 50 61 25
2 87 25
85 41
13 85 70 34 89 46 96 36 81 54 83 39 65 41
2 85 41
32 43
2 32 43
2 32 43
29 8
3 29 42 8
2 29 8
59 67
15 59 58 33 63 69 30 56 87 49 75 83 51 55 18 67
2 59 67
17 63
17 17 83 44 18 54 58 59 4 77 66 95 70 55 78 97 43 63
2 17 63
98 14
32 98 64 70 56 31 67 25 2 59 85 99 22 78 49 91 89 95 45 72 12 42 66 24 52 77 90 7 41 9 54 79 14
2 98 14
35 79
8 35 22 13 7 92 66 8 79
2 35 79
61 88
16 61 31 99 69 66 92 74 30 26 25 43 95 86 80 91 88
2 61 88
100 57
12 100 88 50 29 69 71 47 77 98 66 15 57
2 100 57
66 31
9 66 26 53 73 78 59 58 25 31
2 66 31
76 17
12 76 16 65 49 18 32 90 71 52 44 55 17
2 76 17
83 36
22 83 73 55 46 81 53 84 98 85 76 22 20 17 93 50 8 58 29 41 31 27 36
2 83 36
35 34
20 35 62 18 99 64 51 39 22 80 82 66 81 77 54 63 25 47 42 58 34
2 35 34
50 12
20 50 91 63 23 51 4 86 27 62 31 99 3 8 92 60 81 37 72 75 12
2 50 12
45 75
4 45 92 83 75
2 45 75
36 94
20 36 35 96 46 98 23 65 56 90 73 53 51 15 70 13 26 49 77 7 94
2 36 94
23 73
22 23 76 5 40 59 44 24 87 35 70 37 25 74 13 84 2 9 26 63 10 46 73
2 23 73
84 53
9 84 6 55 29 73 99 42 39 53
2 84 53
74 76
20 74 91 73 5 49 40 57 25 3 4 41 34 97 92 62 44 27 24 2 76
2 74 76
98 23
7 98 67 66 49 21 86 23
2 98 23
57 67
3 57 79 67
2 57 67
86 5
18 86 78 10 24 2 15 33 79 57 97 63 66 37 52 92 18 30 5
2 86 5
83 77
20 83 88 94 72 11 66 20 96 31 84 100 52 8 39 51 19 12 78 90 77
2 83 77
87 99
11 87 31 34 20 36 67 26 54 90 28 99
2 87 99
49 53
19 49 19 30 32 45 28 72 83 56 22 88 86 16 31 70 26 100 14 53
2 49 53
55 19
5 55 26 2 25 19
2 55 19
55 66
2 55 66
2 55 66
21 95
4 21 49 8 95
2 21 95
2 89
5 2 83 84 4 89
2 2 89
29 47
13 29 48 35 59 8 84 9 90 93 85 5 7 47
2 29 47
35 98
8 35 88 80 48 82 7 13 98
2 35 98
77 74
26 77 93 11 85 76 39 32 41 5 95 18 81 29 83 3 59 50 16 51 47 96 53 79 4 44 74
2 77 74
22 80
4 22 51 47 80
2 22 80
76 69
10 76 15 16 23 5 53 81 44 74 69
2 76 69
40 14
16 40 6 97 61 25 64 16 18 62 65 76 77 36 10 91 14
2 40 14
17 96
8 17 27 26 95 78 89 20 96
2 17 96
97 33
10 97 51 34 38 35 50 68 15 7 33
2 97 33
25 80
21 25 53 32 45 95 43 84 58 54 81 96 10 67 65 37 70 22 83 26 87 80
2 25 80
18 95
10 18 7 64 97 40 30 91 4 88 95
2 18 95
75 65
6 75 85 49 9 42 65
2 75 65
82 64
6 82 27 26 77 39 64
2 82 64
93 21
23 93 60 29 86 6 47 22 49 53 55 10 84 71 94 97 74 4 69 57 39 90 72 21
2 93 21
30 26
10 30 22 19 87 3 43 38 35 79 26
2 30 26
16 53
9 16 82 33 38 77 34 13 62 53
2 16 53
68 83
5 68 63 62 87 83
2 68 83
61 32
6 61 95 90 20 54 32
2 61 32
41 12
8 41 5 97 23 43 82 13 12
2 41 12
42 60
4 42 95 32 60
2 42 60
54 71
18 54 56 68 78 88 49 3 51 33 69 95 24 66 75 55 53 45 71
2 54 71
81 73
16 81 36 54 40 97 49 69 70 2 64 11 89 46 5 13 73
2 81 73
11 25
12 11 1 18 98 94 78 36 10 27 46 65 25
2 11 25
49 75
15 49 35 53 43 54 28 37 74 48 38 96 98 67 99 75
2 49 75
71 93
19 71 42 70 54 49 44 39 98 78 73 69 18 40 24 12 57 94 53 93
2 71 93
95 53
8 95 44 9 10 34 12 14 53
2 95 53
66 13
16 66 15 61 100 35 22 80 27 67 69 86 49 14 12 81 13
2 66 13
5 17
21 5 98 66 71 70 16 99 88 8 12 89 87 14 62 84 67 7 22 97 51 17
2 5 17
69 25
6 69 14 78 36 15 25
2 69 25
91 26
13 91 33 84 21 2 34 13 100 96 35 11 14 26
2 91 26
64 94
8 64 29 72 46 48 49 73 94
2 64 94
100 88
5 100 13 3 71 88
2 100 88
78 11
16 78 52 38 32 68 45 79 91 47 35 13 82 1 28 44 11
2 78 11
78 95
3 78 58 95
2 78 95
5 19
16 5 33 51 10 43 8 9 88 47 38 39 94 77 56 21 19
2 5 19
15 63
16 15 80 50 83 98 58 57 53 42 47 26 12 7 16 62 63
2 15 63
48 69
12 48 79 4 15 46 73 61 90 41 81 82 69
2 48 69
25 6
14 25 50 61 91 52 94 79 88 84 77 14 8 83 6
2 25 6
91 42
14 91 36 72 18 24 69 27 75 59 87 94 33 78 42
2 91 42
35 42
23 35 95 33 73 12 40 81 53 98 32 31 75 66 93 78 9 48 90 89 29 67 6 42
2 35 42
44 99
16 44 83 74 16 30 24 45 52 75 54 92 17 89 12 57 99
2 44 99
29 28
16 29 93 38 25 52 24 58 53 99 87 82 33 84 22 56 28
2 29 28
38 11
8 38 66 28 45 80 26 62 11
2 38 11
99 26
11 99 93 52 62 79 39 47 92 53 46 26
2 99 26
99 87
6 99 60 89 52 62 87
2 99 87
81 60
8 81 99 36 11 68 47 35 60
2 81 60
24 18
19 24 52 8 72 91 78 57 82 90 7 48 39 10 86 94 3 74 12 18
2 24 18
95 57
7 95 76 6 10 53 50 57
2 95 57
73 48
13 73 17 4 28 41 51 92 13 95 39 74 33 48
2 73 48
29 10
22 29 94 87 9 21 89 65 11 45 30 60 77 37 39 52 75 61 7 24 43 54 10
2 29 10
93 79
12 93 65 51 75 52 97 56 3 90 61 87 79
2 93 79
85 18
32 85 43 81 33 19 67 78 62 50 59 37 53 82 20 15 34 31 86 69 26 32 42 95 84 38 25 22 100 41 93 99 18
2 85 18
67 76
20 67 42 26 91 81 21 99 72 88 37 45 55 78 13 40 98 35 70 85 76
2 67 76
20 43
18 20 76 99 59 25 71 34 98 80 77 51 37 95 87 21 94 90 43
2 20 43
59 38
4 59 37 63 38
2 59 38
80 52
8 80 46 70 4 2 48 58 52
2 80 52
40 74
21 40 9 30 66 53 77 89 80 13 100 94 83 19 17 73 5 58 92 27 59 74
2 40 74
9 29
10 9 37 68 74 51 89 99 12 82 29
2 9 29
94 5
13 94 4 84 88 11 3 99 7 100 56 74 26 5
2 94 5
43 52
25 43 1 46 51 36 12 8 96 65 39 89 83 30 35 31 60 88 24 79 82 71 58 62 93 52
2 43 52
12 14
7 12 28 7 49 35 69 14
2 12 14
68 74
24 68 20 3 33 24 67 75 35 14 54 26 71 2 97 38 19 98 36 83 11 46 4 69 74
2 68 74
17 57
9 17 92 1 70 5 53 18 12 57
2 17 57
40 56
6 40 55 61 71 96 56
2 40 56
2 54
8 2 49 19 100 18 8 66 54
2 2 54
97 56
8 97 23 45 59 61 66 12 56
2 97 56
98 70
15 98 30 51 18 100 78 47 17 16 68 67 22 88 44 70
2 98 70
83 14
16 83 56 11 45 75 55 10 3 5 25 40 90 7 34 68 14
2 83 14
87 33
19 87 26 53 36 56 3 70 35 40 41 6 2 99 95 82 54 88 75 33
2 87 33
97 34
6 97 13 28 41 44 34
2 97 34
39 27
11 39 37 62 53 91 77 74 69 97 87 27
2 39 27
36 39
10 36 11 34 63 41 31 51 29 92 39
2 36 39
58 85
14 58 43 100 78 4 56 22 79 8 63 97 19 36 85
2 58 85
36 14
16 36 15 75 52 30 35 25 5 62 65 96 39 54 71 83 14
2 36 14
22 24
14 22 12 98 72 91 40 86 87 36 55 21 63 3 24
2 22 24
82 93
6 82 53 8 33 38 93
2 82 93
40 32
7 40 12 56 60 67 10 32
2 40 32
54 22
2 54 22
2 54 22
84 42
5 84 57 89 31 42
2 84 42
93 44
13 93 77 23 52 39 67 22 38 47 55 46 65 44
2 93 44
93 87
3 93 82 87
2 93 87
19 33
21 19 26 95 99 36 48 80 94 66 89 51 13 38 37 59 55 11 91 14 27 33
2 19 33
9 10
18 9 40 52 48 58 69 68 89 77 8 7 51 94 85 37 46 71 10
2 9 10
19 36
16 19 94 48 12 88 63 89 42 87 22 21 5 82 53 32 36
2 19 36
96 37
14 96 39 9 62 72 89 66 99 76 4 77 52 55 37
2 96 37
74 1
6 74 31 62 56 60 1
2 74 1
47 19
18 47 45 8 67 23 7 85 31 100 14 37 71 44 11 93 68 96 19
2 47 19
9 3
13 9 47 58 80 75 14 59 61 51 90 88 74 3
2 9 3
56 7
10 56 29 16 40 88 57 89 92 10 7
2 56 7
18 79
18 18 58 83 40 15 34 26 25 5 66 81 95 59 24 61 82 91 79
2 18 79
67 52
15 67 83 39 53 81 76 24 99 61 86 80 95 5 69 52
2 67 52
87 79
4 87 72 98 79
2 87 79
52 14
9 52 51 42 89 10 23 18 83 14
2 52 14
47 8
15 47 9 53 69 34 38 94 85 27 21 86 55 18 6 8
2 47 8
22 67
16 22 60 65 18 44 75 90 4 26 45 74 6 49 72 88 67
2 22 67
27 85
8 27 93 41 52 25 29 86 85
2 27 85
22 50
3 22 67 50
2 22 50
98 21
13 98 81 55 53 61 30 69 28 86 33 57 79 21
2 98 21
60 14
9 60 46 3 83 61 77 84 92 14
2 60 14
58 84
16 58 11 31 62 46 42 36 33 44 39 65 86 76 26 100 84
2 58 84
38 67
12 38 59 55 11 53 72 57 19 17 89 27 67
2 38 67
88 49
8 88 73 29 71 3 6 54 49
2 88 49
48 38
19 48 90 42 39 50 49 10 65 92 97 7 67 16 29 53 87 75 94 38
2 48 38
46 58
8 46 39 82 76 89 62 10 58
2 46 58
1 21
4 1 11 10 21
2 1 21
90 39
4 90 46 19 39
2 90 39
57 90
17 57 31 85 91 27 67 33 51 62 82 99 35 93 21 95 7 90
2 57 90
70 69
8 70 80 88 99 40 17 78 69
2 70 69
35 50
19 35 53 32 16 84 38 11 27 97 94 39 49 66 99 70 65 36 69 50
2 35 50
5 68
11 5 28 75 32 66 58 33 81 71 24 68
2 5 68
46 87
9 46 97 34 11 93 79 45 23 87
2 46 87
77 72
14 77 75 62 49 36 96 37 12 66 40 35 33 43 72
2 77 72
8 88
18 8 66 23 74 91 58 79 39 77 14 84 61 21 93 63 27 22 88
2 8 88
16 12
8 16 99 87 48 6 42 34 12
2 16 12
31 17
16 31 98 44 60 94 99 89 73 84 77 93 22 48 4 24 17
2 31 17
10 65
6 10 28 80 58 43 65
2 10 65
66 26
10 66 67 33 97 83 19 20 38 24 26
2 66 26
61 71
3 61 6 71
2 61 71
73 67
9 73 92 28 64 5 82 46 9 67
2 73 67
65 27
16 65 40 7 88 32 71 29 89 69 43 85 53 17 8 22 27
2 65 27
80 21
13 80 83 20 4 53 39 28 99 59 74 33 46 21
2 80 21
73 38
27 73 95 66 58 36 32 29 49 17 48 43 77 99 62 40 63 45 54 41 21 28 76 71 72 98 11 38
2 73 38
66 73
9 66 52 94 55 44 48 58 95 73
2 66 73
20 84
23 20 80 28 49 31 5 47 65 11 77 9 19 16 21 78 54 26 14 43 87 60 41 84
2 20 84
5 1
2 5 1
2 5 1
85 48
4 85 6 49 48
2 85 48
97 66
18 97 90 28 23 78 68 26 47 99 74 64 2 83 89 84 8 50 66
2 97 66
60 58
8 60 10 95 21 59 74 31 58
2 60 58
23 50
12 23 41 47 43 70 6 67 83 38 26 8 50
2 23 50
52 51
6 52 13 87 68 32 51
2 52 51
8 52
15 8 34 81 84 9 80 35 66 7 47 42 26 11 67 52
2 8 52
78 93
12 78 69 32 47 49 33 84 60 76 21 65 93
2 78 93
56 79
10 56 2 91 19 6 84 42 10 86 79
2 56 79
40 45
13 40 88 41 62 34 13 56 51 86 30 20 21 45
2 40 45
63 100
12 63 23 27 95 93 99 10 62 8 73 3 100
2 63 100
54 50
12 54 69 73 70 26 3 86 67 22 65 6 50
2 54 50
55 92
19 55 58 78 29 86 39 41 93 28 19 56 23 44 10 72 42 6 43 92
2 55 92
53 63
24 53 19 38 10 92 54 18 57 45 94 34 89 47 81 77 23 15 80 39 26 12 42 21 63
2 53 63
95 33
25 95 63 71 30 51 74 35 5 13 97 100 39 92 34 25 87 70 3 26 17 47 99 23 65 33
2 95 33
16 6
8 16 73 9 65 75 54 63 6
2 16 6
78 98
15 78 95 46 63 33 89 90 13 24 86 74 48 83 65 98
2 78 98
99 39
5 99 30 6 71 39
2 99 39
86 18
20 86 51 96 50 39 77 38 60 28 12 26 78 32 5 90 16 56 100 22 18
2 86 18
78 75
11 78 91 6 86 42 22 32 40 13 2 75
2 78 75
7 85
10 7 78 36 65 3 92 26 93 1 85
2 7 85
97 83
3 97 65 83
2 97 83
69 89
9 69 73 7 15 72 24 90 85 89
2 69 89
90 1
24 90 45 28 57 31 95 51 10 20 11 41 34 81 50 88 55 53 2 18 21 16 40 77 1
2 90 1
50 40
12 50 45 71 41 25 43 5 100 92 9 77 40
2 50 40
28 22
18 28 17 94 85 5 56 66 68 61 37 43 49 32 65 92 99 2 22
2 28 22
54 30
6 54 45 76 77 13 30
2 54 30
85 97
10 85 21 45 76 39 1 62 12 46 97
2 85 97
64 95
20 64 47 73 45 82 46 8 23 4 40 92 54 71 14 20 60 2 16 6 95
2 64 95
16 80
4 16 70 57 80
2 16 80
21 33
5 21 38 94 98 33
2 21 33
41 22
19 41 16 81 70 99 84 92 37 10 7 62 9 31 54 97 23 1 47 22
2 41 22
1 90
21 1 70 94 15 19 5 22 4 83 17 8 91 74 7 29 80 69 40 68 67 90
2 1 90
89 6
10 89 41 28 71 9 15 70 20 26 6
2 89 6
27 62
14 27 41 74 89 92 69 75 28 34 59 61 86 54 62
2 27 62
96 93
12 96 79 5 81 49 65 98 59 6 63 67 93
2 96 93
65 87
3 65 53 87
2 65 87
55 65
15 55 28 100 97 61 9 46 80 36 79 92 89 17 16 65
2 55 65
85 92
12 85 76 83 44 13 22 64 80 79 99 61 92
2 85 92
82 90
6 82 70 48 77 63 90
2 82 90
43 28
12 43 88 31 97 59 23 76 11 95 69 24 28
2 43 28
92 77
4 92 95 11 77
2 92 77
37 67
23 37 81 55 43 97 3 39 30 48 78 12 6 7 79 18 46 2 99 75 69 61 23 67
2 37 67
47 48
18 47 55 89 39 52 31 25 21 72 95 38 27 43 28 83 14 85 48
2 47 48
84 28
12 84 90 54 78 87 57 23 72 82 93 79 28
2 84 28
77 20
7 77 46 14 5 47 80 20
2 77 20
22 59
5 22 7 77 23 59
2 22 59
60 74
11 60 56 45 16 83 40 13 12 65 76 74
2 60 74
30 13
3 30 44 13
2 30 13
79 98
6 79 33 16 14 95 98
2 79 98
22 29
16 22 21 6 84 25 91 46 39 85 87 33 49 37 36 71 29
2 22 29
63 71
12 63 87 26 77 23 55 37 47 67 88 99 71
2 63 71
20 25
18 20 91 93 38 63 64 86 77 54 30 47 26 59 92 99 87 67 25
2 20 25
58 92
18 58 63 17 77 49 31 44 55 60 33 45 66 46 89 96 23 71 92
2 58 92
42 96
19 42 71 19 92 6 32 79 55 9 89 11 67 74 85 48 84 47 72 96
2 42 96
64 26
21 64 48 72 92 50 7 98 1 31 38 76 15 69 83 84 57 82 90 6 94 26
2 64 26
4 58
18 4 93 15 87 1 96 20 81 42 50 9 10 6 55 47 18 94 58
2 4 58
73 96
8 73 20 77 28 53 93 91 96
2 73 96
85 26
12 85 16 24 50 99 86 31 6 52 48 91 26
2 85 26
65 52
14 65 68 63 53 12 80 75 25 17 26 82 21 97 52
2 65 52
26 72
4 26 46 82 72
2 26 72
9 81
13 9 70 74 5 8 51 93 1 41 88 89 13 81
2 9 81
97 4
6 97 53 52 17 33 4
2 97 4
90 7
12 90 75 99 38 29 66 58 86 4 14 13 7
2 90 7
29 56
6 29 83 41 36 2 56
2 29 56
80 70
3 80 10 70
2 80 70
60 43
6 60 34 90 97 18 43
2 60 43
41 86
25 41 29 100 17 76 6 93 74 37 27 36 73 67 16 19 63 21 50 98 47 90 92 66 70 86
2 41 86
70 58
19 70 72 33 5 97 59 86 17 11 42 1 46 84 63 94 56 23 81 58
2 70 58
16 39
9 16 44 23 95 19 20 64 90 39
2 16 39
40 31
3 40 19 31
2 40 31
25 27
6 25 29 23 22 16 27
2 25 27
98 13
2 98 13
2 98 13
88 48
4 88 41 85 48
2 88 48
90 19
16 90 6 76 33 17 60 56 74 47 83 91 21 50 78 84 19
2 90 19
89 46
17 89 28 71 52 86 27 68 69 76 26 56 10 24 43 88 17 46
2 89 46
52 2
3 52 98 2
2 52 2
14 51
10 14 68 90 94 12 77 30 83 27 51
2 14 51
31 58
6 31 40 63 60 21 58
2 31 58
47 82
5 47 18 6 31 82
2 47 82
62 7
7 62 40 16 12 6 14 7
2 62 7
53 26
7 53 58 87 67 32 81 26
2 53 26
48 60
16 48 30 90 52 47 92 96 66 77 22 25 34 11 12 79 60
2 48 60
95 59
6 95 33 3 45 4 59
2 95 59
68 80
7 68 92 45 81 23 48 80
2 68 80
37 39
22 37 60 4 80 47 29 20 98 42 63 64 15 2 53 27 67 22 45 52 85 59 39
2 37 39
69 27
22 69 12 7 47 73 99 6 54 75 64 52 16 50 96 76 1 32 45 48 4 25 27
2 69 27
32 69
4 32 87 74 69
2 32 69
34 16
12 34 63 30 50 83 23 82 85 60 80 46 16
2 34 16
16 8
16 16 40 80 73 51 10 41 50 5 100 49 69 78 42 88 8
2 16 8
18 91
20 18 95 49 68 87 58 46 30 11 64 21 65 93 13 1 20 50 32 19 91
2 18 91
11 56
10 11 38 88 40 20 44 17 75 32 56
2 11 56
45 59
5 45 78 4 85 59
2 45 59
72 62
6 72 82 37 75 59 62
2 72 62
20 16
13 20 81 96 67 25 54 95 76 94 50 29 18 16
2 20 16
23 4
14 23 99 30 11 26 6 96 76 31 61 3 69 88 4
2 23 4
9 44
6 9 39 78 14 60 44
2 9 44
88 22
9 88 33 59 24 48 75 42 23 22
2 88 22
80 68
18 80 84 60 35 27 34 4 1 13 64 95 20 82 15 97 65 38 68
2 80 68
93 49
13 93 30 39 44 48 68 75 85 87 35 64 50 49
2 93 49
61 14
14 61 55 97 65 57 12 22 60 96 77 48 52 100 14
2 61 14
69 88
7 69 67 52 96 44 23 88
2 69 88
94 68
8 94 17 30 97 95 27 52 68
2 94 68
10 72
11 10 30 56 22 50 97 23 59 92 64 72
2 10 72
55 90
5 55 21 25 91 90
2 55 90
69 1
5 69 19 49 95 1
2 69 1
99 19
11 99 67 63 59 68 43 66 6 38 90 19
2 99 19
53 56
16 53 3 60 27 94 82 50 78 69 10 15 77 33 63 64 56
2 53 56
83 56
7 83 19 71 70 67 42 56
2 83 56
37 87
17 37 68 6 98 96 29 42 4 33 28 75 79 74 66 95 73 87
2 37 87
80 30
7 80 94 2 77 63 11 30
2 80 30
84 94
15 84 25 50 1 23 57 31 10 17 51 27 92 35 4 94
2 84 94
33 54
12 33 21 40 46 14 17 86 56 36 6 45 54
2 33 54
88 26
6 88 86 73 59 60 26
2 88 26
88 90
26 88 92 45 83 14 68 18 21 84 55 59 36 85 40 74 53 62 86 51 7 70 37 41 3 30 90
2 88 90
95 78
11 95 93 90 35 48 99 10 69 7 27 78
2 95 78
38 22
21 38 47 17 86 74 66 72 29 58 25 84 71 13 54 93 3 99 63 41 35 22
2 38 22
68 90
28 68 79 19 77 49 32 75 93 36 100 15 81 72 34 14 71 21 59 76 46 45 53 17 26 8 22 64 90
2 68 90
82 26
11 82 67 86 40 54 69 80 95 43 75 26
2 82 26
7 55
19 7 40 56 84 26 92 38 73 37 61 5 77 46 22 1 85 90 52 55
2 7 55
35 58
20 35 51 11 18 57 50 32 93 92 52 89 17 95 34 99 42 41 7 90 58
2 35 58
17 99
19 17 76 69 1 91 71 28 23 64 87 79 21 33 9 49 32 15 39 99
2 17 99
48 32
8 48 78 53 99 42 46 68 32
2 48 32
71 74
8 71 36 57 49 52 98 63 74
2 71 74
19 99
17 19 12 2 64 10 88 61 98 11 36 4 9 5 85 92 28 99
2 19 99
32 31
11 32 53 77 60 7 89 20 68 18 55 31
2 32 31
61 80
6 61 63 5 93 36 80
2 61 80
12 29
5 12 24 36 16 29
2 12 29
80 2
17 80 19 23 45 25 54 82 83 18 95 15 64 53 37 92 72 2
2 80 2
3 76
11 3 59 50 47 45 43 97 67 91 86 76
2 3 76
35 78
13 35 77 33 85 40 86 48 69 1 60 83 87 78
2 35 78
90 13
10 90 46 22 43 93 64 63 6 33 13
2 90 13
79 44
7 79 8 42 51 22 76 44
2 79 44
3 90
16 3 23 53 96 13 39 56 54 58 31 7 26 82 27 62 90
2 3 90
80 34
12 80 6 82 60 97 69 77 30 86 21 95 34
2 80 34
64 97
7 64 3 21 1 8 63 97
2 64 97
90 54
15 90 38 85 59 33 48 10 44 92 37 97 6 64 51 54
2 90 54
80 100
16 80 99 73 39 88 69 6 86 59 60 16 75 92 2 29 100
2 80 100
37 62
8 37 48 100 90 77 3 76 62
2 37 62
73 24
12 73 60 66 90 15 84 36 20 64 22 96 24
2 73 24
26 84
7 26 45 9 38 4 98 84
2 26 84
6 36
7 6 88 50 95 2 63 36
2 6 36
30 36
7 30 5 62 99 56 41 36
2 30 36
73 79
23 73 27 58 32 44 92 2 66 76 20 41 11 1 85 99 33 96 80 70 94 30 17 79
2 73 79
59 86
13 59 18 23 74 10 38 100 41 68 85 69 4 86
2 59 86
36 72
11 36 59 46 28 11 21 55 35 40 60 72
2 36 72
87 62
28 87 90 46 86 70 57 42 56 9 36 75 32 79 33 51 83 100 5 22 10 91 85 3 2 78 59 88 62
2 87 62
65 21
5 65 51 56 4 21
2 65 21
58 87
11 58 71 33 68 61 8 6 74 63 17 87
2 58 87
51 87
11 51 43 66 72 19 13 91 90 48 55 87
2 51 87
26 44
9 26 85 46 77 67 65 66 3 44
2 26 44
73 85
6 73 52 77 92 24 85
2 73 85
84 18
13 84 31 60 86 20 39 55 98 34 36 97 47 18
2 84 18
47 53
9 47 41 29 2 48 44 32 61 53
2 47 53
70 13
15 70 72 73 48 55 27 42 15 68 14 31 33 36 78 13
2 70 13
47 83
25 47 73 89 18 24 74 15 9 10 49 31 42 7 70 32 56 97 62 68 57 81 94 60 8 83
2 47 83
33 90
5 33 43 22 55 90
2 33 90
25 46
3 25 2 46
2 25 46
52 73
19 52 82 9 23 15 96 58 72 71 92 16 5 80 14 63 6 22 18 73
2 52 73
96 4
8 96 85 71 49 76 7 6 4
2 96 4
39 90
14 39 85 55 20 10 31 89 41 68 98 43 46 23 90
2 39 90
41 18
8 41 62 22 45 74 36 88 18
2 41 18
15 59
9 15 92 13 2 95 40 12 49 59
2 15 59
92 60
15 92 78 37 67 11 1 35 77 40 61 17 87 20 10 60
2 92 60
90 37
8 90 38 4 46 35 54 32 37
2 90 37
56 1
15 56 61 75 2 45 95 96 22 63 40 23 38 79 10 1
2 56 1
70 47
5 70 95 32 80 47
2 70 47
46 9
12 46 98 10 17 75 32 5 12 57 23 26 9
2 46 9
9 39
18 9 1 14 65 38 71 44 7 45 57 61 100 88 73 48 59 55 39
2 9 39
35 4
16 35 65 75 98 63 60 73 45 28 46 85 48 54 52 64 4
2 35 4
59 25
10 59 78 89 54 48 3 43 16 37 25
2 59 25
2 43
30 2 100 39 33 50 88 44 75 53 12 18 98 9 10 29 82 91 94 21 87 1 27 38 69 65 67 41 86 28 43
2 2 43
5 59
15 5 86 98 35 97 37 28 76 62 33 93 78 12 99 59
2 5 59
57 79
17 57 66 54 64 9 10 35 62 48 58 87 31 17 85 19 5 79
2 57 79
65 39
23 65 54 33 86 79 94 24 64 95 100 20 10 15 30 80 21 17 41 51 23 26 40 39
2 65 39
28 98
11 28 80 100 61 52 74 71 67 63 40 98
2 28 98
34 90
18 34 12 16 36 91 20 5 54 77 65 64 97 32 58 61 43 27 90
2 34 90
64 71
5 64 18 4 60 71
2 64 71
36 51
21 36 95 12 37 44 72 34 31 60 67 47 6 20 7 54 65 99 76 92 56 51
2 36 51
15 78
26 15 22 63 20 41 82 55 29 56 17 47 19 80 42 24 28 62 43 16 37 2 71 9 84 85 78
2 15 78
74 97
10 74 16 60 10 69 25 41 73 11 97
2 74 97
38 56
10 38 63 44 8 25 18 16 77 84 56
2 38 56
88 50
26 88 99 47 97 63 44 89 59 74 33 23 25 94 85 4 78 40 14 31 2 77 22 51 24 43 50
2 88 50
96 61
7 96 88 31 74 25 7 61
2 96 61
6 42
23 6 19 37 94 85 92 18 25 78 12 59 63 30 27 1 56 93 47 84 35 66 52 42
2 6 42
96 30
13 96 33 71 44 80 47 29 26 84 37 34 53 30
2 96 30
56 74
16 56 84 69 73 98 2 15 26 92 19 22 49 39 99 64 74
2 56 74
75 80
5 75 90 56 14 80
2 75 80
77 12
16 77 50 28 41 95 46 82 52 88 43 93 61 99 71 45 12
2 77 12
17 20
7 17 5 58 12 94 56 20
2 17 20
81 51
13 81 79 28 29 26 47 19 68 94 72 64 5 51
2 81 51
54 74
11 54 39 46 8 17 12 75 14 19 31 74
2 54 74
91 55
7 91 22 35 75 53 72 55
2 91 55
52 41
7 52 3 14 20 37 82 41
2 52 41
11 62
11 11 52 90 23 53 29 45 35 72 18 62
2 11 62
2 28
13 2 15 47 36 88 17 80 71 7 27 22 43 28
2 2 28
40 26
21 40 82 8 3 91 62 17 23 48 54 11 51 47 37 64 53 30 77 58 68 26
2 40 26
19 57
16 19 56 73 91 75 10 85 5 35 31 87 16 51 30 66 57
2 19 57
7 62
29 7 19 4 66 76 24 35 37 78 59 63 52 15 13 16 65 29 1 22 46 81 12 70 74 73 53 5 56 62
2 7 62
6 66
13 6 62 5 59 47 67 93 99 57 43 86 3 66
2 6 66
39 90
5 39 96 55 42 90
2 39 90
48 39
14 48 15 14 22 12 93 2 81 21 100 88 76 52 39
2 48 39
60 28
7 60 7 79 70 10 40 28
2 60 28
35 46
14 35 54 34 56 24 90 23 63 6 27 45 51 72 46
2 35 46
50 45
2 50 45
2 50 45
65 53
2 65 53
2 65 53
87 7
9 87 47 83 70 38 1 58 54 7
2 87 7
3 74
12 3 82 9 90 40 67 85 30 64 95 5 74
2 3 74
34 57
4 34 5 21 57
2 34 57
47 20
17 47 33 58 62 28 2 76 95 60 29 36 97 100 19 26 80 20
2 47 20
74 43
8 74 24 46 14 15 66 29 43
2 74 43
54 79
20 54 15 44 20 98 86 88 11 72 24 99 29 4 94 46 64 30 51 77 79
2 54 79
94 29
15 94 4 27 42 64 72 88 57 43 3 13 73 52 96 29
2 94 29
87 71
8 87 25 45 61 38 11 6 71
2 87 71
52 17
8 52 42 64 44 46 100 27 17
2 52 17
56 6
4 56 3 14 6
2 56 6
88 50
5 88 95 27 80 50
2 88 50
24 78
8 24 15 26 72 84 76 80 78
2 24 78
67 14
15 67 98 48 86 24 37 54 74 52 62 25 13 42 61 14
2 67 14
1 59
10 1 63 96 37 97 17 71 94 5 59
2 1 59
28 13
11 28 47 93 62 32 29 17 33 99 50 13
2 28 13
96 10
18 96 63 29 84 4 3 92 78 55 40 9 24 71 46 22 91 72 10
2 96 10
93 13
15 93 84 20 6 39 96 99 38 79 48 72 66 60 18 13
2 93 13
17 10
19 17 28 71 48 6 49 50 19 98 13 41 37 31 21 81 55 14 12 10
2 17 10
51 26
9 51 5 35 95 69 80 45 88 26
2 51 26
11 71
5 11 85 4 3 71
2 11 71
39 24
12 39 61 43 89 7 95 3 93 87 40 64 24
2 39 24
57 88
22 57 23 1 75 70 13 21 56 96 8 10 49 44 11 43 64 53 28 9 14 25 88
2 57 88
10 35
17 10 3 9 48 38 95 37 42 6 54 99 62 61 49 77 84 35
2 10 35
58 22
12 58 42 55 82 59 16 57 97 33 71 24 22
2 58 22
87 51
15 87 67 14 6 25 13 65 88 66 23 73 22 86 43 51
2 87 51
29 7
10 29 72 98 78 40 64 19 62 22 7
2 29 7
10 34
11 10 33 73 62 47 68 27 83 91 65 34
2 10 34
56 6
8 56 10 83 46 61 4 64 6
2 56 6
99 27
7 99 15 49 63 19 85 27
2 99 27
4 57
14 4 45 77 11 30 34 91 43 92 84 22 44 9 57
2 4 57
45 28
14 45 25 92 64 60 21 67 82 91 94 5 30 31 28
2 45 28
42 10
6 42 99 39 57 44 10
2 42 10
24 82
6 24 66 51 34 58 82
2 24 82
98 99
3 98 63 99
2 98 99
37 56
13 37 23 83 19 91 51 11 69 78 73 17 80 56
2 37 56
63 18
5 63 5 58 33 18
2 63 18
22 92
16 22 37 50 65 45 57 12 49 8 60 48 33 29 75 59 92
2 22 92
27 59
14 27 43 80 31 81 41 52 22 26 50 33 29 70 59
2 27 59
51 16
17 51 85 48 50 81 10 63 62 37 45 31 6 8 76 7 49 16
2 51 16
18 29
5 18 82 98 7 29
2 18 29
32 40
20 32 92 87 46 89 25 21 27 90 2 78 64 82 63 24 85 20 10 23 40
2 32 40
20 73
26 20 35 43 9 18 10 78 27 23 45 55 57 56 86 76 99 29 51 93 97 94 49 12 48 2 73
2 20 73
42 95
4 42 86 37 95
2 42 95
58 31
11 58 82 22 70 42 79 95 18 47 73 31
2 58 31
21 69
11 21 73 5 60 44 26 10 19 71 87 69
2 21 69
73 76
10 73 5 46 9 32 60 55 92 7 76
2 73 76
65 76
11 65 87 99 38 35 89 40 14 21 59 76
2 65 76
71 73
2 71 73
2 71 73
76 9
23 76 57 60 77 10 6 72 70 88 36 48 82 89 49 100 15 1 90 61 50 80 40 9
2 76 9
79 69
5 79 86 91 54 69
2 79 69
99 6
7 99 78 19 87 21 81 6
2 99 6
69 83
26 69 2 15 25 52 90 19 73 85 10 4 55 81 36 34 96 28 6 57 7 33 58 42 16 91 83
2 69 83
34 48
3 34 53 48
2 34 48
23 45
7 23 58 38 57 98 42 45
2 23 45
64 73
23 64 55 28 39 23 85 89 68 4 22 43 92 29 96 67 65 35 2 27 45 91 1 73
2 64 73
83 85
7 83 70 47 71 17 3 85
2 83 85
89 23
23 89 63 70 74 84 46 88 82 6 72 68 11 24 55 51 13 54 39 16 44 22 3 23
2 89 23
25 53
20 25 35 89 54 78 85 52 2 66 43 70 24 91 28 21 57 41 92 33 53
2 25 53
59 56
8 59 61 32 20 70 47 99 56
2 59 56
13 63
14 13 25 98 92 100 94 53 9 67 45 36 19 3 63
2 13 63
57 5
10 57 72 58 49 83 68 76 67 48 5
2 57 5
5 74
9 5 21 33 95 66 38 90 88 74
2 5 74
84 40
14 84 48 10 78 29 56 72 28 69 27 57 37 86 40
2 84 40
27 35
12 27 44 97 6 94 3 2 23 72 93 10 35
2 27 35
97 90
20 97 5 86 53 33 89 11 56 25 78 57 70 37 63 73 29 34 28 95 90
2 97 90
86 10
8 86 83 89 33 38 100 73 10
2 86 10
61 10
15 61 34 27 11 51 56 78 21 22 94 35 31 70 63 10
2 61 10
43 80
26 43 66 6 79 57 26 18 70 40 24 21 37 7 9 85 59 27 96 46 44 92 53 47 15 38 80
2 43 80
14 66
23 14 86 42 59 25 100 45 23 64 31 1 62 93 58 85 46 26 41 98 34 7 79 66
2 14 66
63 4
12 63 86 62 6 66 28 9 47 76 48 46 4
2 63 4
57 97
8 57 8 76 93 100 86 58 97
2 57 97
12 47
13 12 30 74 33 70 38 51 43 79 9 61 54 47
2 12 47
75 52
2 75 52
2 75 52
14 80
15 14 77 71 34 62 48 12 47 46 95 38 97 69 32 80
2 14 80
36 83
11 36 12 54 71 69 68 50 99 51 47 83
2 36 83
100 92
9 100 69 78 56 85 64 91 9 92
2 100 92
53 35
9 53 43 1 89 34 46 45 26 35
2 53 35
15 45
13 15 46 44 53 90 18 89 98 85 24 12 10 45
2 15 45
85 30
16 85 63 72 81 8 94 44 71 76 62 14 37 100 92 22 30
2 85 30
4 55
21 4 78 82 85 9 63 65 99 69 96 39 75 48 15 27 26 80 77 60 89 55
2 4 55
56 43
21 56 1 57 53 91 22 92 14 23 50 60 52 58 93 42 83 31 88 59 66 43
2 56 43
35 13
17 35 94 97 18 29 42 77 1 10 83 12 57 15 73 63 21 13
2 35 13
13 38
14 13 21 16 69 56 48 62 2 37 44 7 51 92 38
2 13 38
16 96
5 16 85 67 69 96
2 16 96
58 74
19 58 84 65 85 47 49 98 18 42 25 89 95 76 70 16 32 14 22 74
2 58 74
39 31
8 39 48 92 9 88 56 97 31
2 39 31
88 98
20 88 38 94 8 14 28 93 36 91 35 66 2 85 68 12 1 60 81 83 98
2 88 98
30 57
5 30 36 62 20 57
2 30 57
79 17
14 79 43 51 6 55 16 52 72 66 87 80 12 24 17
2 79 17
44 10
6 44 25 28 78 5 10
2 44 10
59 36
9 59 47 24 48 64 69 26 49 36
2 59 36
15 9
5 15 60 37 94 9
2 15 9
4 20
7 4 80 67 60 9 85 20
2 4 20
22 39
2 22 39
2 22 39
45 28
12 45 46 22 90 61 78 58 21 16 66 83 28
2 45 28
3 31
20 3 48 32 42 17 73 71 13 94 75 98 18 43 55 56 95 86 19 1 31
2 3 31
73 100
6 73 60 75 20 57 100
2 73 100
34 93
6 34 2 91 47 45 93
2 34 93
17 99
26 17 40 37 95 72 42 97 82 49 68 63 84 94 64 88 58 73 18 4 76 61 31 10 36 28 99
2 17 99
35 14
17 35 26 7 88 79 41 68 92 53 70 73 11 22 54 42 34 14
2 35 14
4 73
6 4 20 85 24 28 73
2 4 73
41 48
2 41 48
2 41 48
98 65
7 98 89 69 37 6 1 65
2 98 65
40 41
8 40 44 96 94 51 57 91 41
2 40 41
31 35
4 31 57 32 35
2 31 35
54 30
24 54 91 39 6 76 59 29 60 20 40 48 13 23 33 26 50 95 85 73 64 4 80 38 30
2 54 30
5 48
15 5 7 75 54 56 35 67 96 85 43 23 42 99 15 48
2 5 48
38 7
9 38 14 5 35 11 78 63 52 7
2 38 7
89 31
21 89 69 13 54 90 4 41 12 45 26 93 81 6 58 78 94 15 59 87 95 31
2 89 31
37 53
8 37 57 97 38 30 77 88 53
2 37 53
93 55
25 93 90 85 13 29 2 22 3 98 19 50 5 9 57 64 40 94 7 75 35 77 46 51 72 55
2 93 55
30 15
19 30 27 60 17 97 5 82 24 80 70 6 61 95 45 11 62 73 84 15
2 30 15
18 71
13 18 24 99 12 61 68 33 81 2 26 66 69 71
2 18 71
30 26
15 30 2 95 86 80 98 47 82 4 72 63 89 48 37 26
2 30 26
76 100
11 76 74 48 86 5 69 84 29 93 96 100
2 76 100
12 93
10 12 29 68 26 87 23 89 90 19 93
2 12 93
45 74
9 45 16 15 83 58 95 98 63 74
2 45 74
12 54
15 12 95 63 42 100 33 76 39 81 56 88 38 40 70 54
2 12 54
2 54
16 2 60 10 16 45 88 9 64 19 1 35 91 48 13 6 54
2 2 54
50 5
18 50 84 9 14 34 47 25 16 37 70 38 91 48 53 73 23 87 5
2 50 5
52 72
9 52 62 89 95 24 39 94 36 72
2 52 72
78 73
15 78 19 63 32 94 96 47 77 18 15 69 37 9 61 73
2 78 73
14 27
26 14 39 47 32 83 15 99 89 74 81 8 45 25 35 71 70 54 75 49 22 33 48 76 37 95 27
2 14 27
35 34
12 35 67 38 73 72 92 87 1 9 61 88 34
2 35 34
78 13
9 78 77 59 85 88 73 25 51 13
2 78 13
93 92
9 93 75 31 82 14 23 22 1 92
2 93 92
88 30
5 88 81 9 87 30
2 88 30
89 71
8 89 37 33 41 99 46 96 71
2 89 71
50 98
7 50 53 35 43 20 62 98
2 50 98
48 28
5 48 57 43 34 28
2 48 28
87 40
3 87 65 40
2 87 40
1 22
16 1 5 37 75 4 25 31 58 73 79 76 14 83 70 57 22
2 1 22
94 63
13 94 45 62 51 100 41 57 18 88 36 2 95 63
2 94 63
85 80
23 85 54 12 46 79 24 10 89 60 11 16 8 28 58 81 9 84 68 62 93 41 39 80
2 85 80
95 81
21 95 11 53 65 42 46 98 29 82 17 60 78 8 5 33 97 41 74 52 32 81
2 95 81
10 78
13 10 49 55 72 22 69 86 35 61 17 2 41 78
2 10 78
43 65
11 43 51 41 61 66 14 8 94 87 22 65
2 43 65
30 40
12 30 8 2 71 86 89 22 74 82 39 15 40
2 30 40
61 57
13 61 6 69 28 84 46 29 17 88 91 18 98 57
2 61 57
43 28
3 43 86 28
2 43 28
58 54
20 58 18 82 27 70 92 1 68 76 14 49 72 94 52 60 71 95 85 38 54
2 58 54
21 97
17 21 63 47 81 91 35 77 65 7 87 92 44 9 22 23 50 97
2 21 97
20 27
20 20 82 24 79 12 56 78 83 30 43 85 57 11 96 31 21 62 84 100 27
2 20 27
60 90
4 60 75 33 90
2 60 90
17 96
14 17 11 91 1 44 30 46 33 63 36 16 26 52 96
2 17 96
10 56
11 10 76 74 80 7 83 2 77 62 38 56
2 10 56
79 61
17 79 27 67 10 69 14 49 52 83 45 32 26 44 56 95 36 61
2 79 61
28 95
8 28 13 19 26 86 92 15 95
2 28 95
63 10
3 63 31 10
2 63 10
53 24
21 53 17 33 6 34 70 65 76 74 95 29 38 23 72 84 81 39 5 69 99 24
2 53 24
24 99
6 24 38 21 8 84 99
2 24 99
91 80
11 91 27 39 67 71 65 3 19 38 68 80
2 91 80
69 38
2 69 38
2 69 38
71 64
14 71 24 69 9 65 89 84 16 85 76 54 96 58 64
2 71 64
90 75
5 90 30 35 99 75
2 90 75
86 12
10 86 14 31 68 52 78 1 25 95 12
2 86 12
1 92
12 1 45 33 80 55 56 43 20 65 100 32 92
2 1 92
2 21
15 2 51 69 76 71 16 97 33 7 77 1 31 46 22 21
2 2 21
49 90
12 49 46 39 29 30 93 34 31 77 36 17 90
2 49 90
17 40
9 17 5 41 43 65 67 99 95 40
2 17 40
70 32
5 70 36 58 17 32
2 70 32
16 6
8 16 45 95 33 64 9 58 6
2 16 6
45 85
7 45 90 24 41 47 72 85
2 45 85
55 3
10 55 89 34 83 70 21 26 71 86 3
2 55 3
49 78
12 49 38 99 44 83 63 100 52 59 66 79 78
2 49 78
4 89
3 4 56 89
2 4 89
46 68
11 46 87 86 64 79 54 67 31 62 16 68
2 46 68
41 14
11 41 91 66 73 51 67 99 71 57 6 14
2 41 14
48 1
20 48 27 35 19 5 34 86 51 17 92 54 44 87 10 36 18 32 63 6 1
2 48 1
20 98
9 20 67 12 5 55 31 49 57 98
2 20 98
78 89
3 78 60 89
2 78 89
10 90
17 10 1 70 30 49 62 87 41 53 34 18 64 12 52 47 78 90
2 10 90
57 15
10 57 66 77 72 90 23 28 52 22 15
2 57 15
84 81
9 84 56 61 51 6 23 28 64 81
2 84 81
17 100
14 17 65 92 69 38 10 80 34 74 6 70 32 22 100
2 17 100
31 56
14 31 43 44 1 68 94 62 41 49 48 88 89 50 56
2 31 56
33 67
14 33 85 64 66 25 43 32 50 69 19 77 83 58 67
2 33 67
6 100
16 6 50 75 94 29 37 87 95 47 98 55 45 27 13 18 100
2 6 100
68 81
4 68 18 95 81
2 68 81
85 71
8 85 46 41 96 66 10 17 71
2 85 71
8 56
22 8 59 53 88 63 60 73 27 81 96 97 66 29 37 61 51 23 47 79 65 85 56
2 8 56
28 11
6 28 88 48 54 22 11
2 28 11
96 89
14 96 48 74 44 84 38 27 20 8 51 4 40 41 89
2 96 89
72 36
20 72 92 63 93 58 4 99 62 91 12 56 51 70 11 68 41 20 96 50 36
2 72 36
66 86
11 66 95 1 17 93 68 83 41 22 5 86
2 66 86
75 50
9 75 32 48 28 88 58 18 84 50
2 75 50
5 38
11 5 34 21 91 4 63 31 96 61 23 38
2 5 38
49 9
15 49 7 19 54 65 28 100 41 47 70 63 90 52 17 9
2 49 9
11 84
17 11 8 33 65 52 85 9 5 21 58 30 51 64 95 24 96 84
2 11 84
8 12
6 8 68 18 57 77 12
2 8 12
84 19
24 84 39 21 30 7 52 96 6 4 74 42 58 13 22 2 24 47 45 44 20 31 67 15 19
2 84 19
38 15
15 38 86 50 41 6 47 100 91 14 71 87 19 8 27 15
2 38 15
58 98
16 58 43 5 18 16 20 47 13 19 2 9 62 17 21 86 98
2 58 98
56 26
23 56 47 35 61 62 90 18 36 58 88 32 8 9 37 69 48 27 10 87 2 22 1 26
2 56 26
95 49
15 95 91 17 84 3 94 33 85 18 63 55 44 93 96 49
2 95 49
73 43
12 73 27 82 68 91 40 98 52 8 59 28 43
2 73 43
49 98
13 49 1 23 13 42 34 66 8 74 24 91 12 98
2 49 98
7 66
10 7 70 65 88 76 13 18 85 84 66
2 7 66
87 42
10 87 33 5 28 85 36 70 22 14 42
2 87 42
73 37
11 73 20 69 62 77 64 18 42 31 36 37
2 73 37
17 23
20 17 29 13 37 20 90 61 49 52 26 67 62 8 2 9 94 69 80 93 23
2 17 23
66 68
20 66 2 5 3 89 69 28 24 57 53 84 62 56 7 98 40 37 90 12 68
2 66 68
16 48
10 16 96 94 79 3 45 2 10 74 48
2 16 48
93 59
11 93 43 2 98 64 83 94 71 48 18 59
2 93 59
78 91
18 78 66 71 100 68 25 57 95 5 41 62 74 79 33 90 12 10 91
2 78 91
93 34
6 93 57 27 88 46 34
2 93 34
8 37
6 8 74 81 44 95 37
2 8 37
65 34
13 65 19 38 68 62 21 90 58 63 27 55 66 34
2 65 34
18 6
6 18 52 97 91 36 6
2 18 6
17 30
11 17 25 78 23 46 13 1 5 45 40 30
2 17 30
32 61
3 32 57 61
2 32 61
10 48
9 10 88 85 64 89 27 82 66 48
2 10 48
97 55
12 97 24 52 39 41 60 7 45 63 26 95 55
2 97 55
9 30
3 9 70 30
2 9 30
41 6
6 41 50 93 85 82 6
2 41 6
57 84
5 57 70 97 34 84
2 57 84
55 74
12 55 75 85 42 11 78 24 52 48 67 31 74
2 55 74
92 77
25 92 50 24 2 89 22 3 78 35 39 85 20 31 67 75 66 27 55 47 16 41 13 37 63 77
2 92 77
37 50
11 37 74 89 47 61 58 6 46 14 69 50
2 37 50
5 62
6 5 58 83 59 8 62
2 5 62
74 82
4 74 39 56 82
2 74 82
61 33
20 61 86 89 47 63 18 19 41 4 5 21 26 12 24 23 45 78 77 51 33
2 61 33
96 66
13 96 44 71 2 12 39 68 7 36 5 31 21 66
2 96 66
71 84
18 71 35 60 65 31 74 33 73 27 44 54 53 75 41 14 12 3 84
2 71 84
88 39
19 88 98 100 50 85 70 91 69 75 77 30 29 51 49 40 80 17 72 39
2 88 39
91 53
4 91 27 23 53
2 91 53
31 85
9 31 76 30 35 37 15 60 23 85
2 31 85
30 89
3 30 17 89
2 30 89
63 82
11 63 62 39 51 25 26 98 59 52 70 82
2 63 82
66 12
13 66 48 15 2 42 36 34 21 52 51 68 4 12
2 66 12
62 31
14 62 40 86 21 55 57 66 89 33 25 42 2 71 31
2 62 31
40 99
6 40 30 83 93 44 99
2 40 99
34 50
31 34 31 19 53 99 87 55 32 93 16 54 92 51 7 57 70 6 47 37 73 25 14 2 86 15 23 77 79 39 42 50
2 34 50
6 28
20 6 9 17 98 71 68 21 66 36 24 14 67 72 94 43 50 95 23 15 28
2 6 28
21 78
16 21 38 84 14 72 45 3 23 7 98 82 47 33 62 46 78
2 21 78
11 99
12 11 51 56 75 13 37 63 16 84 40 91 99
2 11 99
9 82
8 9 60 67 85 75 49 45 82
2 9 82
19 70
14 19 66 77 90 67 13 45 72 23 27 99 34 69 70
2 19 70
25 71
4 25 83 20 71
2 25 71
51 47
6 51 2 92 90 10 47
2 51 47
22 40
5 22 7 52 85 40
2 22 40
23 16
12 23 25 89 69 75 6 41 71 29 49 59 16
2 23 16
31 48
14 31 86 10 57 59 71 36 18 27 81 5 34 69 48
2 31 48
20 76
6 20 94 34 30 74 76
2 20 76
56 68
8 56 9 69 96 51 19 86 68
2 56 68
98 83
5 98 2 14 63 83
2 98 83
31 78
32 31 19 95 47 94 86 85 77 96 98 44 52 91 17 36 100 92 6 84 51 61 89 73 35 63 50 2 29 48 55 97 78
2 31 78
61 67
7 61 42 92 71 39 43 67
2 61 67
16 20
13 16 41 88 21 4 1 81 74 13 26 56 72 20
2 16 20
64 73
12 64 71 62 51 68 26 96 43 76 56 57 73
2 64 73
70 37
8 70 44 100 66 67 56 84 37
2 70 37
1 67
23 1 64 6 3 76 66 25 33 92 72 4 87 75 57 48 80 77 29 86 78 43 5 67
2 1 67
64 57
12 64 67 36 29 35 44 55 14 46 97 6 57
2 64 57
59 45
9 59 44 49 24 76 34 63 3 45
2 59 45
