192 52
20 192 171 86 173 70 54 142 188 170 80 79 200 175 78 76 43 72 77 29 52
8 192 106 17 20 160 157 12 52
2 192 52
177 56
16 177 192 42 92 5 150 174 11 112 13 28 10 128 34 20 56
17 177 159 138 24 27 25 162 83 88 176 50 89 78 161 41 43 56
2 177 56
196 195
8 196 35 173 83 81 155 31 195
20 196 56 100 175 18 131 24 43 6 186 173 143 44 185 138 178 163 151 54 195
2 196 195
200 5
19 200 53 30 184 183 58 151 129 78 4 103 100 115 132 143 139 26 108 5
7 200 190 29 21 48 75 5
2 200 5
193 189
13 193 150 184 180 55 60 154 40 75 51 103 81 189
9 193 137 45 191 134 154 166 65 189
3 193 176 189
182 129
13 182 155 67 149 195 103 84 102 19 192 9 173 129
15 182 143 55 105 34 15 52 96 69 47 125 145 71 17 129
2 182 129
180 57
28 180 162 144 26 20 60 87 151 165 106 163 121 102 187 152 63 5 193 2 82 126 128 130 33 61 68 31 57
10 180 195 120 58 150 88 31 194 147 57
3 180 120 57
193 26
8 193 9 71 168 147 88 49 26
5 193 24 76 58 26
2 193 26
186 97
8 186 100 15 78 65 126 22 97
9 186 102 86 42 167 127 40 144 97
2 186 97
194 197
9 194 102 172 14 25 176 5 135 197
5 194 134 75 87 197
2 194 197
160 130
16 160 87 192 190 148 114 163 11 41 6 167 44 125 152 197 130
15 160 163 75 10 143 56 179 14 95 48 118 94 70 76 130
3 160 42 130
193 10
26 193 16 154 22 152 63 117 25 165 107 12 159 35 28 124 6 7 45 67 127 185 130 94 121 153 10
5 193 171 72 88 10
2 193 10
175 17
35 175 22 117 120 179 149 184 39 4 75 87 190 147 65 63 137 45 74 121 93 90 53 33 132 145 177 193 195 101 97 200 116 7 89 17
16 175 80 19 166 57 63 123 73 176 161 107 193 67 142 28 17
2 175 17
193 176
2 193 176
10 193 47 56 140 141 124 87 189 115 176
2 193 176
185 161
12 185 128 96 139 75 29 41 76 35 117 93 161
28 185 46 92 189 25 110 171 6 199 164 131 70 91 65 68 109 126 187 73 127 150 63 7 58 106 37 69 161
2 185 161
177 57
18 177 139 29 145 112 45 88 117 164 196 149 63 35 108 193 89 195 57
20 177 163 31 145 93 108 171 13 61 121 97 117 59 176 109 82 192 144 184 57
2 177 57
194 188
24 194 60 86 76 174 127 12 116 130 133 117 179 27 26 28 43 185 131 32 110 108 105 99 188
19 194 23 169 149 128 112 74 28 34 95 146 88 57 75 3 58 51 43 188
2 194 188
200 94
5 200 50 189 8 94
16 200 159 32 31 128 49 103 191 104 135 127 146 199 96 71 94
2 200 94
190 124
6 190 166 52 134 139 124
11 190 2 157 144 138 169 119 19 97 100 124
2 190 124
198 98
13 198 42 4 61 109 185 19 102 65 148 145 96 98
20 198 55 125 93 23 94 71 54 199 74 178 109 180 86 29 1 3 114 175 98
2 198 98
197 39
16 197 138 161 147 59 91 198 166 186 51 19 80 77 118 57 39
7 197 155 106 139 160 122 39
2 197 39
197 79
17 197 28 85 144 15 78 172 179 130 81 184 43 141 177 162 77 79
16 197 89 3 38 50 128 188 143 81 124 163 165 67 115 29 79
2 197 79
192 167
10 192 5 174 176 37 47 24 147 165 167
25 192 106 160 168 193 185 103 134 100 52 48 122 72 27 131 6 130 3 57 84 23 144 32 86 167
2 192 167
185 91
6 185 84 39 94 47 91
11 185 15 141 171 180 97 178 7 140 99 91
2 185 91
184 117
21 184 178 111 150 75 121 157 147 14 16 96 127 22 134 142 32 162 6 113 60 117
11 184 97 200 126 116 61 159 173 182 94 117
2 184 117
197 98
14 197 51 139 54 169 50 9 112 85 113 142 143 4 98
20 197 107 26 196 29 34 133 64 130 78 2 178 121 5 25 140 125 45 97 98
2 197 98
197 88
14 197 50 187 133 120 75 188 2 68 81 138 112 19 88
31 197 2 31 78 30 171 167 66 124 109 158 95 140 166 27 186 63 142 49 172 154 77 195 148 115 20 74 19 173 76 88
3 197 156 88
199 39
16 199 187 123 131 194 1 90 102 41 141 14 47 4 16 183 39
8 199 149 31 44 38 45 159 39
3 199 68 39
200 185
9 200 38 170 80 105 89 153 116 185
16 200 1 20 27 169 179 174 34 24 95 55 111 19 140 88 185
2 200 185
200 122
13 200 19 160 138 129 103 117 135 183 41 71 61 122
8 200 130 76 139 150 66 176 122
3 200 151 122
191 147
28 191 41 95 3 39 107 141 85 112 66 75 156 91 52 150 18 29 2 73 144 199 53 61 79 135 76 121 147
13 191 103 50 161 14 152 58 63 139 159 35 52 147
2 191 147
182 25
22 182 119 33 27 153 123 159 131 46 19 9 87 6 17 7 126 23 97 82 21 67 25
22 182 197 30 173 97 164 98 186 9 172 188 122 143 34 142 88 135 7 155 193 79 25
2 182 25
188 15
3 188 121 15
13 188 178 85 8 184 198 182 171 134 35 67 12 15
2 188 15
198 145
16 198 140 163 178 152 86 69 18 50 160 177 42 68 110 70 145
13 198 196 147 55 138 17 61 84 151 75 57 118 145
2 198 145
195 52
12 195 167 174 157 2 176 3 102 171 79 84 52
9 195 7 67 159 156 65 79 69 52
2 195 52
194 125
14 194 99 167 123 131 137 28 181 44 178 23 154 30 125
11 194 49 63 122 146 80 188 75 190 106 125
3 194 133 125
183 40
15 183 39 82 121 171 197 98 194 97 48 135 167 70 96 40
28 183 35 143 45 32 140 127 43 52 73 168 179 117 5 151 157 91 133 150 1 38 192 58 6 104 119 107 40
2 183 40
197 181
19 197 159 174 3 71 51 146 59 106 100 151 123 148 10 77 80 129 164 181
24 197 188 4 49 69 21 19 83 66 162 108 143 55 47 132 58 138 156 114 161 189 80 32 181
2 197 181
193 196
14 193 16 191 155 99 98 27 53 163 112 150 114 175 196
24 193 17 79 89 149 157 6 39 33 145 65 194 25 104 8 2 45 116 146 189 142 188 114 196
2 193 196
197 108
18 197 48 49 137 5 12 91 135 67 198 144 192 179 115 15 199 10 108
19 197 69 28 68 60 126 31 160 76 138 78 70 90 57 183 107 171 16 108
2 197 108
192 64
24 192 51 14 168 180 183 48 116 172 151 21 187 33 15 179 68 158 124 26 160 174 137 130 64
18 192 89 139 7 38 124 27 2 156 126 52 145 115 148 189 47 143 64
2 192 64
178 86
20 178 192 135 31 67 2 183 34 187 132 167 136 15 41 168 170 172 8 148 86
12 178 56 22 90 186 136 141 116 23 44 25 86
2 178 86
200 109
18 200 177 86 55 37 43 129 27 59 66 54 71 19 128 192 58 162 109
7 200 26 61 70 77 185 109
2 200 109
189 162
8 189 60 19 59 90 96 80 162
9 189 165 111 5 50 142 93 195 162
2 189 162
196 125
14 196 89 199 158 132 49 169 200 8 178 87 62 112 125
15 196 19 156 59 109 160 30 107 134 168 84 140 98 177 125
2 196 125
196 34
20 196 152 10 168 112 124 157 149 200 69 52 59 131 161 110 143 108 169 171 34
23 196 149 116 174 122 137 119 88 141 70 190 46 162 199 54 83 159 115 53 161 69 110 34
2 196 34
183 155
16 183 2 112 145 56 130 158 115 195 164 196 166 162 127 131 155
9 183 185 163 126 166 118 191 193 155
2 183 155
193 76
27 193 75 148 93 124 14 107 150 129 87 52 34 182 118 17 83 173 144 77 37 81 28 114 21 4 162 76
8 193 157 168 27 102 39 41 76
2 193 76
187 112
15 187 43 54 134 102 149 75 61 40 19 117 175 104 114 112
17 187 83 6 158 85 62 199 131 36 94 87 22 111 175 42 138 112
2 187 112
197 47
6 197 191 110 19 52 47
5 197 30 119 76 47
2 197 47
185 179
20 185 175 94 168 51 190 135 195 15 181 156 24 153 138 16 4 12 191 13 179
4 185 122 138 179
2 185 179
192 68
6 192 33 132 59 148 68
7 192 71 104 75 65 9 68
2 192 68
181 115
16 181 76 198 8 123 47 101 16 37 188 110 80 166 40 195 115
27 181 200 29 12 79 194 138 3 51 84 59 78 81 154 150 97 70 135 160 128 60 27 190 46 95 120 115
2 181 115
181 34
22 181 124 43 64 72 185 76 79 80 169 20 99 60 166 44 110 25 108 136 122 112 34
25 181 120 29 67 11 43 99 186 131 51 164 78 61 24 76 123 188 109 65 85 114 159 149 64 34
2 181 34
195 181
14 195 171 92 69 60 84 77 95 18 122 128 168 81 181
14 195 61 175 114 185 173 127 74 184 148 135 39 30 181
3 195 54 181
200 100
12 200 37 109 61 97 130 14 43 150 175 174 100
8 200 189 95 11 51 39 118 100
2 200 100
191 44
7 191 25 33 74 48 186 44
17 191 77 6 125 82 115 70 145 180 72 143 35 91 29 181 110 44
2 191 44
189 175
15 189 34 16 101 100 145 124 156 192 151 174 53 142 72 175
6 189 55 69 89 91 175
2 189 175
194 71
30 194 135 153 119 156 42 63 40 133 83 65 25 125 44 96 15 24 137 158 175 148 159 41 87 167 28 193 53 149 71
14 194 80 68 197 60 130 187 172 36 127 184 26 195 71
2 194 71
200 44
11 200 189 159 168 181 84 151 4 49 16 44
14 200 73 89 8 144 147 135 164 108 12 17 62 85 44
2 200 44
192 40
7 192 94 171 10 186 43 40
13 192 46 37 20 50 31 114 60 190 140 38 57 40
2 192 40
193 144
20 193 187 126 196 161 25 34 129 145 115 122 183 86 172 179 130 59 61 110 144
19 193 113 116 58 179 52 43 171 189 163 30 50 56 106 53 12 84 188 144
2 193 144
194 4
25 194 3 172 22 121 45 106 163 143 159 72 33 131 145 197 188 38 173 21 70 102 112 94 43 4
14 194 6 5 167 174 177 10 7 67 101 18 154 188 4
2 194 4
199 35
14 199 79 120 63 183 97 80 57 5 73 78 101 151 35
14 199 122 127 55 29 155 166 72 103 145 15 45 177 35
2 199 35
198 109
15 198 15 14 120 23 28 188 108 101 142 35 74 61 138 109
15 198 187 111 162 145 176 4 128 40 185 44 16 11 140 109
2 198 109
200 30
13 200 107 122 197 176 8 180 140 141 16 150 90 30
13 200 123 121 25 188 12 154 82 24 138 41 141 30
2 200 30
200 145
24 200 42 176 60 38 80 110 78 54 76 67 59 177 90 32 75 85 104 134 197 191 150 68 145
22 200 65 56 119 198 170 130 22 62 82 199 164 1 157 43 2 107 172 66 163 161 145
2 200 145
196 162
29 196 127 132 135 20 18 160 55 69 49 181 166 24 54 140 184 93 46 88 11 9 1 96 65 136 78 94 66 162
5 196 64 19 189 162
2 196 162
200 127
11 200 191 17 59 85 145 96 64 188 138 127
17 200 51 17 54 130 111 73 1 58 190 142 81 176 194 175 18 127
2 200 127
145 116
5 145 14 144 12 116
18 145 29 11 23 97 60 198 96 31 41 5 88 175 16 6 155 164 116
2 145 116
199 62
11 199 78 38 154 69 4 86 133 192 111 62
5 199 182 17 142 62
2 199 62
181 67
21 181 102 135 70 97 153 50 117 40 3 45 186 141 109 10 52 4 19 63 14 67
7 181 73 2 108 78 142 67
2 181 67
197 79
27 197 159 153 33 94 8 9 71 48 64 140 174 68 101 130 196 24 16 119 142 67 80 177 138 175 2 79
8 197 116 10 148 61 73 158 79
2 197 79
193 66
24 193 89 145 191 96 61 128 29 177 45 131 125 47 169 184 113 87 170 95 21 192 72 127 66
13 193 74 99 18 67 62 68 56 120 52 159 50 66
2 193 66
199 29
12 199 5 65 90 142 79 74 99 13 132 14 29
16 199 156 148 43 49 183 140 149 162 27 84 14 195 144 41 29
2 199 29
199 175
12 199 84 143 186 66 15 189 141 107 163 64 175
8 199 127 18 114 170 185 132 175
2 199 175
183 132
18 183 101 62 191 16 24 34 106 48 119 58 89 189 10 145 64 7 132
25 183 154 57 124 200 25 189 144 102 186 68 6 141 1 167 42 180 22 70 120 111 108 44 143 132
2 183 132
200 36
11 200 21 67 178 85 175 137 157 17 27 36
4 200 62 173 36
4 200 68 161 36
189 135
33 189 23 14 140 16 154 60 111 39 197 4 158 136 94 71 109 59 175 106 90 131 125 25 54 118 40 22 181 196 192 79 188 135
3 189 192 135
2 189 135
200 142
7 200 137 9 188 45 25 142
10 200 194 31 75 30 104 24 42 35 142
2 200 142
191 80
24 191 145 52 51 81 200 49 103 87 96 89 132 100 125 98 128 86 150 84 107 48 35 189 80
18 191 135 103 105 175 176 123 92 95 5 17 26 72 186 69 167 88 80
3 191 128 80
194 165
16 194 115 60 84 78 132 91 63 15 4 109 126 28 192 122 165
22 194 121 129 40 72 127 4 32 193 155 98 1 183 47 18 56 161 62 81 163 65 165
3 194 56 165
199 153
17 199 195 192 141 172 109 107 50 124 43 37 9 118 113 19 200 153
3 199 47 153
2 199 153
193 167
25 193 184 27 146 178 4 140 130 189 104 68 165 81 19 49 24 8 93 134 16 101 56 107 154 167
11 193 162 25 38 58 54 113 186 18 99 167
3 193 92 167
194 44
12 194 107 52 117 153 78 199 94 123 198 179 44
24 194 161 132 19 54 63 37 170 45 160 29 49 183 190 88 56 175 66 94 26 74 124 171 44
2 194 44
200 157
21 200 188 184 178 20 69 147 112 126 17 62 129 52 106 164 10 98 133 65 39 157
16 200 29 57 55 158 45 144 147 80 185 96 150 166 101 89 157
2 200 157
168 79
9 168 152 95 27 176 14 65 6 79
28 168 48 94 111 88 63 72 36 117 23 169 105 7 66 82 135 80 39 180 150 75 157 113 125 3 177 190 79
2 168 79
197 154
13 197 149 191 56 159 114 4 11 138 42 121 59 154
15 197 66 191 189 162 70 177 9 195 130 158 25 8 67 154
2 197 154
195 111
13 195 128 154 50 51 147 133 96 58 12 185 138 111
9 195 10 168 174 11 1 87 50 111
2 195 111
198 111
10 198 66 139 159 42 193 61 50 27 111
8 198 1 92 109 194 46 33 111
3 198 45 111
199 18
31 199 200 33 130 87 185 88 15 107 69 40 177 180 97 83 161 76 9 71 167 115 132 143 68 172 85 126 24 179 121 18
12 199 33 160 32 174 99 146 193 152 45 196 18
2 199 18
200 51
14 200 53 187 37 33 58 138 141 116 90 73 46 170 51
3 200 124 51
2 200 51
184 15
12 184 105 149 35 162 83 3 90 91 61 96 15
17 184 133 150 189 187 31 128 3 180 24 79 186 159 36 86 92 15
2 184 15
200 65
15 200 105 112 154 51 40 50 115 124 167 57 93 172 101 65
4 200 176 129 65
2 200 65
188 109
20 188 33 160 186 116 82 43 117 76 61 199 72 157 64 89 81 6 13 56 109
9 188 101 127 24 192 173 146 15 109
2 188 109
199 92
7 199 147 165 157 175 83 92
17 199 120 135 74 5 119 69 129 184 6 81 1 141 180 78 142 92
2 199 92
190 191
31 190 128 96 196 151 188 125 91 32 74 132 22 165 59 144 53 45 30 160 105 1 28 101 86 147 130 47 69 77 158 191
8 190 165 117 194 172 106 20 191
2 190 191
196 53
20 196 83 42 21 103 76 134 52 44 141 8 98 40 117 68 149 105 142 31 53
21 196 152 164 156 57 149 129 189 70 56 97 180 118 20 96 150 170 122 140 10 53
2 196 53
194 177
16 194 165 82 98 83 158 2 96 127 6 56 109 168 30 53 177
17 194 15 42 80 100 139 136 108 157 159 59 101 6 104 26 13 177
2 194 177
200 78
8 200 12 112 193 132 7 57 78
8 200 35 37 84 120 32 157 78
2 200 78
189 92
23 189 167 169 47 5 73 16 130 20 153 66 190 29 107 31 115 184 42 22 152 75 113 92
14 189 151 44 112 198 87 169 8 125 41 144 173 14 92
2 189 92
199 157
34 199 97 9 171 5 55 40 15 47 17 134 118 67 4 120 138 42 190 3 50 131 151 112 123 59 95 107 12 93 33 132 26 174 157
10 199 43 21 107 39 14 51 38 167 157
2 199 157
195 23
12 195 39 193 99 54 63 80 96 1 148 11 23
28 195 141 12 36 8 37 115 138 69 16 192 156 5 135 177 33 82 154 111 176 53 122 102 46 151 174 18 23
2 195 23
193 31
11 193 9 134 189 15 184 164 153 18 174 31
14 193 152 154 186 12 165 146 168 40 131 30 107 3 31
2 193 31
194 82
32 194 175 58 125 68 45 153 63 50 79 57 196 155 8 195 200 73 150 172 84 106 97 96 179 3 148 129 165 22 62 149 82
12 194 53 140 52 110 65 44 24 136 80 142 82
2 194 82
198 22
14 198 94 192 189 69 134 124 130 44 25 38 135 73 22
10 198 26 147 52 99 183 60 151 195 22
2 198 22
200 6
12 200 63 95 18 16 195 29 58 148 54 55 6
13 200 62 70 68 160 140 93 1 77 33 165 191 6
2 200 6
200 142
3 200 47 142
21 200 84 38 25 11 185 61 93 44 54 76 22 34 189 152 128 124 62 72 134 142
2 200 142
191 177
5 191 32 134 10 177
5 191 75 186 33 177
2 191 177
191 13
16 191 159 129 149 195 125 103 57 192 85 190 21 143 78 54 13
24 191 97 139 145 65 88 134 129 34 93 151 96 178 127 81 110 132 186 23 106 188 148 161 13
3 191 85 13
196 149
8 196 82 141 170 62 157 128 149
9 196 97 122 70 190 180 84 166 149
2 196 149
176 35
30 176 178 33 144 75 2 115 66 138 169 3 129 131 117 97 69 147 89 184 31 174 177 42 137 22 26 173 100 126 35
15 176 36 132 175 111 165 127 181 1 19 134 54 13 96 35
2 176 35
193 64
14 193 168 65 165 67 76 149 119 59 124 116 7 170 64
9 193 187 45 191 22 99 163 89 64
2 193 64
191 31
32 191 179 14 92 141 83 1 107 28 67 178 132 70 19 125 86 15 177 95 188 11 4 196 189 46 52 159 78 54 45 154 31
18 191 16 142 23 38 57 165 59 188 105 5 81 115 96 150 144 149 31
2 191 31
153 142
27 153 152 33 197 16 199 130 46 126 160 162 77 88 48 20 187 100 43 170 171 98 189 51 144 4 177 142
15 153 154 63 148 179 97 59 126 58 106 197 49 150 188 142
2 153 142
199 139
7 199 87 151 6 22 39 139
4 199 186 119 139
2 199 139
193 155
30 193 160 134 45 136 29 200 103 107 109 55 158 123 87 95 130 168 137 129 113 43 118 175 110 167 4 52 182 26 155
24 193 87 62 58 174 59 145 151 200 39 106 148 197 46 147 149 142 163 11 35 1 126 70 155
2 193 155
191 12
21 191 53 129 31 110 130 86 65 44 96 46 80 56 75 126 135 120 37 136 49 12
26 191 157 195 42 15 78 162 13 174 181 182 9 155 147 24 101 165 125 148 45 74 166 79 20 137 12
3 191 18 12
170 81
11 170 97 35 61 36 160 130 73 137 50 81
5 170 26 30 178 81
2 170 81
193 150
33 193 58 12 74 70 118 179 196 75 77 17 143 130 82 2 133 18 188 1 57 98 127 8 87 186 154 121 11 7 10 90 185 150
16 193 83 31 115 95 167 63 164 74 128 116 133 25 37 191 150
4 193 141 44 150
197 41
30 197 103 175 27 137 195 141 49 159 1 164 156 6 130 112 7 192 182 158 32 35 133 173 135 167 154 42 99 115 41
13 197 30 184 66 75 140 58 45 94 181 36 182 41
3 197 33 41
199 33
11 199 106 32 182 3 105 63 18 141 159 33
12 199 182 49 145 10 59 34 32 143 39 163 33
2 199 33
189 57
12 189 85 80 125 51 98 9 89 138 6 22 57
15 189 35 64 159 143 60 118 144 91 21 30 97 110 99 57
2 189 57
183 109
15 183 120 167 91 21 61 138 133 179 195 55 161 103 141 109
27 183 187 123 60 134 190 81 186 136 20 86 112 59 46 77 144 54 120 75 169 180 177 150 74 3 200 109
2 183 109
196 52
19 196 106 148 154 167 46 49 110 84 171 147 112 56 139 59 78 62 25 52
7 196 126 46 193 17 66 52
2 196 52
196 58
28 196 44 57 79 124 24 41 184 190 46 89 194 27 117 164 112 144 50 47 106 161 20 29 116 139 91 134 58
18 196 39 151 198 96 191 164 65 171 197 35 45 125 26 117 158 21 58
2 196 58
193 87
10 193 197 124 55 185 13 194 173 195 87
10 193 43 92 101 17 34 162 65 155 87
2 193 87
188 144
12 188 95 85 125 2 186 83 64 46 137 130 144
28 188 158 115 7 18 109 172 35 64 58 91 165 37 141 27 139 74 196 193 89 3 179 171 162 21 40 185 144
2 188 144
198 138
8 198 147 130 64 188 187 154 138
25 198 51 172 59 44 24 135 161 18 118 54 7 110 31 39 92 21 3 175 140 49 156 60 66 138
2 198 138
196 174
8 196 37 125 57 56 198 194 174
17 196 162 14 200 38 40 79 73 89 55 42 132 62 53 1 31 174
3 196 150 174
186 35
24 186 142 45 61 156 125 155 124 192 97 79 17 176 74 137 90 183 70 40 181 28 200 88 35
20 186 101 195 154 159 86 78 174 42 111 193 38 57 44 72 136 1 15 99 35
2 186 35
180 31
8 180 166 7 79 100 168 171 31
15 180 176 72 186 98 122 118 18 159 80 68 11 146 34 31
2 180 31
191 5
11 191 106 153 86 73 176 81 13 2 133 5
18 191 88 66 184 133 138 146 125 167 149 93 32 4 163 143 60 25 5
2 191 5
194 95
13 194 26 176 78 188 6 110 137 56 98 163 124 95
12 194 72 176 62 126 84 85 51 63 199 81 95
2 194 95
194 26
25 194 123 71 168 195 39 52 165 154 200 31 65 124 120 21 78 132 183 76 62 122 8 155 191 26
15 194 94 117 19 159 53 114 17 12 143 138 11 152 79 26
2 194 26
192 88
28 192 160 96 4 55 114 38 91 141 157 138 140 61 133 163 16 166 117 51 29 107 142 164 170 130 70 143 88
27 192 177 153 163 122 170 66 130 167 32 106 44 108 77 131 168 118 146 79 11 194 38 198 4 124 5 88
3 192 61 88
189 73
17 189 191 13 1 11 137 106 56 107 117 75 100 66 133 193 123 73
17 189 24 20 137 4 157 184 41 103 105 34 148 113 144 181 123 73
2 189 73
194 161
6 194 37 191 28 105 161
11 194 168 6 59 139 125 166 189 12 32 161
2 194 161
182 52
6 182 123 193 61 37 52
13 182 123 153 121 80 21 114 86 74 141 164 24 52
2 182 52
200 115
8 200 87 28 30 119 48 131 115
9 200 52 88 182 185 196 53 112 115
2 200 115
190 86
9 190 125 96 157 146 139 147 184 86
20 190 79 95 10 66 83 128 61 154 5 192 184 26 138 55 170 39 164 146 86
2 190 86
193 128
31 193 117 151 25 60 28 153 172 93 139 53 121 30 12 77 72 49 65 110 15 124 198 7 73 156 138 167 177 89 16 128
12 193 60 95 106 176 52 145 58 105 2 185 128
2 193 128
197 155
14 197 77 169 34 62 131 19 95 17 180 74 152 118 155
28 197 55 184 54 158 110 31 29 196 149 77 183 134 128 153 144 41 190 62 106 164 119 45 97 187 193 169 155
2 197 155
200 100
27 200 114 167 112 78 53 25 187 11 28 32 155 117 57 198 91 139 110 182 140 67 74 164 148 51 33 100
5 200 60 106 19 100
2 200 100
198 189
24 198 111 148 66 122 110 85 175 173 165 6 96 186 179 151 93 71 154 49 58 51 101 92 189
18 198 40 90 93 21 86 160 38 172 113 193 88 130 149 129 48 57 189
3 198 129 189
182 139
29 182 61 26 197 114 179 137 8 147 54 155 53 6 144 66 184 69 42 27 46 135 76 15 57 116 157 112 183 139
10 182 140 78 106 183 26 67 199 103 139
3 182 140 139
200 188
22 200 179 145 130 81 111 143 15 168 108 175 93 103 64 71 73 161 177 16 38 190 188
9 200 170 172 113 20 74 119 25 188
3 200 114 188
200 119
8 200 20 49 78 5 110 133 119
8 200 104 42 123 70 34 134 119
2 200 119
191 138
15 191 198 176 59 195 41 144 7 131 135 51 156 112 57 138
26 191 75 56 68 154 166 168 17 110 122 43 121 92 86 167 186 42 55 95 4 160 153 24 143 13 138
2 191 138
200 113
10 200 127 141 59 55 165 54 182 87 113
15 200 102 31 171 7 49 64 42 73 152 86 53 33 96 113
2 200 113
194 1
33 194 170 96 182 190 162 94 84 68 197 126 79 90 168 112 18 191 16 89 122 186 138 41 157 136 32 169 132 181 108 183 66 1
9 194 16 147 34 19 190 139 91 1
2 194 1
189 140
6 189 111 6 132 176 140
5 189 103 55 131 140
2 189 140
182 134
19 182 184 4 73 75 40 22 25 61 26 99 165 107 8 83 103 14 143 134
14 182 160 51 104 94 52 15 95 126 38 59 8 45 134
2 182 134
198 144
24 198 135 128 157 194 179 24 35 26 199 82 73 55 102 111 200 178 46 52 146 91 122 21 144
16 198 171 57 180 13 32 133 162 85 64 12 53 172 149 114 144
2 198 144
199 147
31 199 56 191 160 174 162 106 93 159 71 196 146 157 80 110 183 165 27 4 74 177 109 39 22 143 24 33 29 134 115 147
23 199 113 34 59 78 28 186 189 57 65 194 183 142 5 157 81 136 139 120 129 152 83 147
3 199 39 147
194 37
23 194 142 156 33 82 181 88 2 124 11 171 133 9 115 45 25 117 151 90 40 32 126 37
9 194 14 20 137 97 115 67 161 37
5 194 167 48 92 37
196 21
10 196 104 70 99 32 174 11 14 17 21
9 196 28 46 49 38 63 155 5 21
2 196 21
195 28
50 195 5 139 55 108 126 143 158 115 68 191 73 32 70 119 129 200 172 78 81 41 133 33 117 85 15 54 164 134 146 188 58 98 144 46 37 94 40 169 193 77 128 27 25 145 8 39 10 45 28
18 195 15 156 31 198 102 109 11 41 90 42 4 188 106 116 145 184 28
2 195 28
197 165
6 197 31 30 198 74 165
11 197 59 127 40 9 48 152 93 65 25 165
2 197 165
199 118
16 199 114 51 120 191 145 113 46 93 53 102 186 47 14 37 118
16 199 44 26 103 172 46 117 39 85 3 38 62 176 16 21 118
2 199 118
196 116
14 196 8 85 23 131 21 121 25 166 149 191 73 13 116
20 196 190 6 8 24 159 86 46 170 99 152 181 182 13 28 47 103 84 26 116
2 196 116
194 29
9 194 70 56 117 105 173 162 115 29
15 194 140 19 83 103 127 124 107 174 177 158 57 84 58 29
4 194 35 121 29
195 94
16 195 9 182 102 75 114 139 145 112 89 105 97 14 11 23 94
16 195 183 73 8 126 167 99 53 107 151 186 11 37 122 142 94
2 195 94
198 160
12 198 26 113 195 20 158 71 151 1 78 103 160
6 198 87 29 113 14 160
2 198 160
199 164
8 199 41 174 100 181 7 188 164
5 199 190 60 49 164
2 199 164
198 132
16 198 104 27 168 71 113 167 67 8 171 16 181 72 97 98 132
12 198 141 19 105 14 196 102 45 104 148 111 132
2 198 132
197 163
27 197 61 164 183 133 37 5 149 124 145 162 74 3 97 119 68 84 130 76 172 180 123 156 173 181 184 163
10 197 49 194 190 127 185 144 124 109 163
2 197 163
198 76
8 198 137 65 181 68 183 113 76
2 198 76
2 198 76
195 2
26 195 102 196 54 89 15 194 83 183 24 100 10 71 70 31 120 113 48 50 88 187 64 66 132 192 2
32 195 114 141 64 166 145 95 82 159 164 193 189 14 76 135 60 18 147 188 104 7 9 44 107 29 61 71 67 36 54 28 2
2 195 2
191 85
16 191 188 194 18 150 77 50 2 48 124 133 73 33 10 178 85
9 191 158 138 199 171 114 88 127 85
2 191 85
199 81
22 199 86 43 44 90 151 126 101 5 55 118 46 192 163 25 66 141 197 146 74 106 81
13 199 129 110 105 187 158 28 35 183 143 112 152 81
2 199 81
190 64
18 190 114 185 120 199 174 179 175 88 76 122 182 170 184 196 154 178 64
26 190 104 65 159 142 188 29 96 105 45 180 199 197 117 19 61 137 139 28 17 26 3 75 70 14 64
2 190 64
198 119
38 198 168 183 19 194 96 28 102 92 62 30 164 56 50 41 27 122 151 61 130 99 134 21 193 184 82 36 23 143 49 58 8 173 126 113 97 26 119
7 198 157 79 54 200 138 119
2 198 119
177 157
14 177 45 62 175 166 193 24 194 103 101 149 111 174 157
18 177 39 10 104 158 137 118 51 181 128 3 57 15 77 127 169 78 157
2 177 157
182 188
15 182 85 123 68 3 152 8 142 60 41 135 151 113 19 188
9 182 198 87 49 88 141 1 30 188
2 182 188
192 86
3 192 80 86
11 192 11 87 197 182 92 101 174 191 132 86
2 192 86
180 122
20 180 103 3 95 177 99 47 56 161 149 186 52 142 147 114 126 43 162 6 122
14 180 192 134 32 29 197 6 56 91 4 19 10 138 122
2 180 122
199 70
19 199 37 22 59 105 76 60 45 110 137 173 191 41 18 92 169 97 23 70
27 199 2 144 99 120 121 14 97 188 41 25 164 148 157 18 78 52 128 63 118 91 127 142 36 10 13 70
2 199 70
200 177
17 200 33 5 43 65 80 136 114 81 128 23 191 176 66 101 88 177
4 200 116 11 177
2 200 177
199 127
15 199 10 97 151 17 75 147 26 191 160 79 114 111 189 127
5 199 85 13 57 127
2 199 127
181 108
19 181 48 44 70 60 102 41 101 90 57 82 97 113 59 22 86 27 144 108
20 181 109 1 95 128 21 152 97 85 199 22 165 117 200 31 143 127 103 79 108
2 181 108
171 70
24 171 148 80 49 67 23 182 198 129 100 87 91 35 37 196 45 188 186 19 184 145 123 69 70
13 171 75 181 32 1 57 142 27 28 143 177 200 70
2 171 70
190 93
22 190 71 28 151 22 143 141 116 34 179 66 82 154 73 51 12 175 16 127 9 32 93
18 190 86 162 80 171 26 84 58 99 191 109 34 35 108 12 139 7 93
2 190 93
193 26
13 193 74 23 78 166 182 33 122 135 110 117 5 26
33 193 90 10 5 110 3 77 42 126 37 113 186 138 45 101 146 38 79 159 116 28 135 188 102 27 112 120 155 194 119 177 59 26
2 193 26
189 8
25 189 192 138 40 75 87 153 9 104 79 158 12 55 13 190 58 3 165 72 159 110 76 127 22 8
12 189 57 124 40 196 141 122 120 178 186 41 8
2 189 8
191 146
14 191 12 99 41 193 73 157 128 182 47 55 62 85 146
21 191 111 24 174 190 67 186 48 114 147 70 3 145 42 122 163 79 60 199 139 146
2 191 146
200 148
12 200 31 175 64 195 162 172 100 156 181 130 148
7 200 58 165 14 1 94 148
3 200 152 148
199 22
8 199 196 122 78 26 107 106 22
15 199 192 148 113 58 50 44 107 49 97 146 72 100 73 22
2 199 22
197 173
22 197 159 37 183 36 140 189 15 138 155 46 96 174 12 139 200 33 76 35 60 93 173
8 197 95 163 167 140 108 25 173
2 197 173
179 166
13 179 126 154 93 189 81 113 46 51 149 146 135 166
23 179 107 15 149 175 171 82 137 178 89 46 170 33 147 164 151 55 43 186 103 71 132 166
2 179 166
172 64
10 172 131 75 139 39 65 127 98 195 64
12 172 113 173 65 197 186 62 45 140 108 82 64
2 172 64
197 2
21 197 191 134 158 48 74 79 33 93 104 12 6 187 50 66 3 162 24 152 86 2
12 197 191 179 29 26 5 122 139 8 96 18 2
2 197 2
186 34
14 186 157 146 65 163 42 122 52 40 153 168 171 72 34
16 186 62 86 10 74 153 51 177 139 22 179 155 94 6 149 34
2 186 34
188 151
21 188 92 15 53 145 14 199 24 66 30 172 174 154 96 124 64 85 16 12 71 151
30 188 162 120 40 62 97 85 110 16 47 103 64 114 25 157 173 171 60 66 83 153 5 140 21 111 69 57 50 104 151
3 188 154 151
199 64
21 199 198 58 86 177 174 30 158 42 148 72 133 139 70 156 76 141 166 40 173 64
6 199 41 32 195 161 64
4 199 179 183 64
200 187
5 200 86 72 147 187
4 200 130 199 187
2 200 187
195 120
17 195 132 4 183 26 82 52 92 109 125 47 101 117 129 57 185 120
16 195 9 94 159 50 174 142 28 176 168 171 153 108 200 170 120
2 195 120
196 101
11 196 194 78 66 162 98 186 126 113 80 101
5 196 147 49 146 101
2 196 101
194 127
19 194 160 142 192 186 107 105 115 98 73 143 9 122 180 71 79 57 133 127
5 194 150 187 174 127
2 194 127
197 90
31 197 155 11 153 122 41 190 82 81 200 164 87 139 129 152 179 66 117 54 162 112 198 163 7 147 2 25 156 70 99 90
13 197 66 132 47 137 11 52 104 77 15 48 76 90
2 197 90
200 184
16 200 65 156 158 113 3 39 71 72 126 76 22 61 83 123 184
16 200 6 60 156 27 64 127 97 45 138 185 149 17 108 76 184
2 200 184
196 101
9 196 175 99 50 199 140 160 178 101
22 196 26 88 172 3 177 93 103 60 55 36 169 170 25 65 113 125 142 198 114 137 101
2 196 101
200 105
25 200 80 128 129 70 40 191 64 164 1 139 103 69 86 74 42 156 90 16 113 197 125 68 178 105
11 200 18 159 29 111 37 142 186 75 81 105
2 200 105
192 41
16 192 58 176 152 125 177 52 123 145 67 113 105 87 166 189 41
9 192 135 148 34 47 8 71 112 41
2 192 41
193 161
24 193 7 157 181 133 5 169 77 160 145 90 117 185 131 72 121 92 50 107 48 115 25 71 161
12 193 158 21 145 4 177 86 55 90 127 108 161
2 193 161
198 2
8 198 140 35 74 182 34 150 2
18 198 40 87 61 55 184 127 121 51 151 119 74 38 169 185 146 131 2
3 198 110 2
196 130
17 196 84 189 159 131 53 188 20 30 134 141 9 85 90 148 13 130
26 196 70 118 10 142 127 52 105 178 176 40 30 175 22 26 139 189 57 60 145 16 126 82 158 101 130
2 196 130
193 160
14 193 39 188 179 71 134 106 41 1 173 90 28 63 160
16 193 86 138 56 94 54 51 75 146 162 181 152 12 27 145 160
2 193 160
191 162
22 191 22 146 79 122 155 68 7 67 95 178 128 73 161 50 14 153 102 150 46 13 162
14 191 117 73 1 190 143 25 39 77 33 121 158 34 162
5 191 163 107 77 162
198 2
8 198 192 112 195 43 140 85 2
8 198 154 126 172 112 106 193 2
2 198 2
185 169
31 185 144 22 70 95 116 20 126 139 168 56 132 84 24 55 64 200 119 87 189 57 142 155 118 18 159 75 13 16 147 169
16 185 200 108 106 159 180 191 89 140 43 93 177 61 24 126 169
2 185 169
198 160
18 198 88 140 119 25 76 52 70 136 47 53 128 103 162 185 188 117 160
6 198 92 190 99 133 160
2 198 160
195 104
9 195 127 40 118 156 77 98 11 104
5 195 155 128 191 104
2 195 104
192 51
9 192 185 20 110 43 14 63 176 51
9 192 161 4 114 71 108 112 188 51
2 192 51
187 12
26 187 86 146 34 47 11 18 73 128 32 16 100 178 101 20 27 38 123 121 69 35 87 109 188 79 12
9 187 124 162 172 126 197 191 157 12
2 187 12
199 11
25 199 60 127 176 132 58 163 8 152 96 53 170 155 126 164 145 1 17 185 69 93 88 71 184 11
19 199 113 164 40 31 92 85 172 161 106 76 179 118 192 4 146 119 173 11
3 199 81 11
193 73
12 193 1 157 23 188 61 37 122 167 101 150 73
30 193 144 10 116 78 69 97 31 187 130 7 118 131 68 122 176 163 51 6 24 107 71 155 75 66 185 124 102 2 73
2 193 73
182 187
8 182 28 11 9 36 39 106 187
30 182 111 148 155 59 86 9 133 131 28 130 53 120 71 156 3 160 122 54 167 157 94 56 114 107 132 146 31 62 187
3 182 3 187
174 179
14 174 38 168 155 80 98 187 93 55 146 144 85 21 179
20 174 153 182 93 141 56 116 108 188 89 36 6 1 166 137 69 70 27 8 179
3 174 120 179
200 43
3 200 40 43
23 200 90 122 171 63 60 134 158 185 72 152 52 23 84 195 155 99 57 147 193 124 30 43
3 200 134 43
199 123
17 199 189 68 185 34 141 41 137 93 94 26 163 118 136 194 53 123
17 199 132 128 46 11 18 173 146 55 127 200 36 193 57 42 138 123
3 199 109 123
188 64
5 188 104 84 101 64
8 188 69 101 157 179 55 114 64
3 188 148 64
188 97
21 188 103 90 67 99 107 31 127 100 7 88 125 30 154 150 22 138 68 12 9 97
7 188 137 125 45 6 77 97
2 188 97
178 46
5 178 134 140 102 46
5 178 85 144 175 46
2 178 46
188 41
11 188 48 92 13 149 99 169 171 9 15 41
9 188 121 193 155 86 48 177 7 41
2 188 41
197 102
17 197 138 40 19 46 185 84 189 28 140 65 121 139 55 122 83 102
11 197 182 71 32 149 154 82 165 181 63 102
3 197 75 102
195 116
21 195 74 25 111 12 181 40 35 50 28 105 170 128 4 89 167 41 131 61 77 116
18 195 93 131 2 106 157 130 58 73 25 185 101 183 29 126 18 136 116
3 195 140 116
193 191
18 193 171 82 66 88 37 161 175 104 55 13 159 33 153 26 143 64 191
20 193 99 115 149 172 190 25 28 198 166 140 92 4 55 120 131 106 61 58 191
2 193 191
198 120
30 198 10 158 65 76 33 140 148 37 55 84 80 93 35 86 137 51 15 143 1 170 128 60 78 149 42 25 199 150 120
5 198 70 124 195 120
2 198 120
188 142
24 188 97 75 186 124 152 136 159 18 67 77 98 132 89 151 90 134 148 58 145 26 10 12 142
8 188 195 199 40 72 10 167 142
2 188 142
196 68
9 196 12 98 89 46 7 198 25 68
30 196 8 101 26 163 126 109 149 136 175 169 82 35 154 105 128 24 133 5 144 97 143 46 33 21 164 60 176 40 68
2 196 68
199 64
15 199 72 95 73 152 18 187 27 200 55 101 153 194 111 64
11 199 154 87 112 11 79 165 148 189 143 64
2 199 64
179 125
21 179 173 157 30 189 34 89 9 166 120 92 197 73 50 106 149 132 164 196 28 125
30 179 142 129 178 9 17 191 176 132 118 166 6 133 41 163 12 32 126 92 26 124 194 117 169 141 105 184 5 147 125
2 179 125
196 42
23 196 60 138 154 79 28 5 111 59 8 46 2 1 130 194 124 170 25 116 74 17 157 42
3 196 20 42
2 196 42
195 112
14 195 59 196 181 120 37 143 94 178 139 167 100 138 112
20 195 170 127 92 93 191 64 9 30 43 102 149 13 33 194 148 46 113 135 112
2 195 112
199 36
12 199 1 200 122 125 153 87 176 90 119 94 36
14 199 177 37 120 21 189 169 24 57 6 94 171 109 36
2 199 36
189 27
27 189 124 78 122 110 170 14 139 120 47 108 172 175 156 133 10 24 118 160 180 12 105 85 34 62 153 27
29 189 60 98 117 180 192 90 23 196 133 101 152 95 83 77 129 67 128 155 153 79 8 38 111 167 25 54 102 27
2 189 27
200 120
22 200 97 106 168 114 133 44 55 181 123 34 141 48 108 95 187 67 107 23 102 93 120
17 200 37 123 186 132 33 101 74 140 164 130 46 166 16 102 170 120
2 200 120
196 139
35 196 109 36 194 67 161 142 169 106 104 178 145 125 48 84 148 131 50 3 187 39 107 75 122 34 35 72 51 160 173 192 79 80 115 139
2 196 139
2 196 139
197 96
8 197 155 157 196 37 14 104 96
6 197 169 20 4 195 96
2 197 96
197 8
16 197 23 72 180 110 149 187 45 19 94 70 49 46 16 151 8
17 197 82 74 200 81 175 75 157 61 70 14 62 135 125 123 199 8
2 197 8
194 181
11 194 88 172 94 148 167 183 197 105 87 181
2 194 181
2 194 181
165 76
12 165 37 9 191 81 64 164 107 139 151 156 76
15 165 88 60 161 34 74 62 66 53 51 140 121 86 196 76
2 165 76
187 118
25 187 167 136 115 45 61 103 158 95 50 190 56 98 120 128 159 51 200 105 60 164 154 58 139 118
20 187 145 15 82 176 146 24 45 108 1 73 23 39 96 185 125 121 14 78 118
3 187 67 118
188 110
15 188 57 109 116 14 171 182 117 138 167 55 135 6 137 110
8 188 152 96 199 56 150 97 110
2 188 110
195 200
19 195 78 46 168 82 39 70 193 99 140 76 130 138 106 156 19 71 20 200
8 195 149 185 154 158 125 82 200
2 195 200
192 181
28 192 112 196 170 130 37 141 113 180 86 147 174 73 150 18 116 166 80 148 76 104 6 88 176 142 135 30 181
12 192 10 166 137 152 3 58 141 27 11 103 181
2 192 181
192 89
8 192 43 91 26 124 166 171 89
26 192 100 23 171 21 62 50 16 121 5 24 47 33 51 11 128 161 181 20 137 76 162 188 60 168 89
2 192 89
199 40
7 199 32 13 77 175 186 40
4 199 94 14 40
3 199 5 40
196 73
12 196 15 72 3 12 111 160 153 6 86 50 73
15 196 85 198 120 64 76 133 166 143 15 186 144 140 153 73
3 196 79 73
200 175
7 200 68 83 73 138 153 175
14 200 60 169 103 49 106 100 188 90 110 147 21 82 175
2 200 175
199 12
24 199 67 11 177 185 115 50 167 81 111 89 33 107 64 13 133 95 169 138 162 24 96 40 12
10 199 33 166 61 45 39 72 56 103 12
2 199 12
200 157
26 200 39 99 31 124 178 100 88 27 185 117 40 196 22 168 116 53 36 24 55 82 120 177 186 2 157
12 200 142 161 7 141 70 186 77 51 143 152 157
2 200 157
198 102
15 198 24 88 92 79 32 189 192 127 124 170 17 186 54 102
9 198 159 138 68 12 65 89 87 102
2 198 102
200 60
2 200 60
5 200 15 37 147 60
4 200 120 177 60
191 17
8 191 106 47 28 57 35 16 17
13 191 198 55 40 80 11 102 2 111 71 153 193 17
2 191 17
199 81
16 199 87 93 79 185 102 50 95 197 55 28 20 101 194 119 81
19 199 123 63 119 53 51 58 152 43 133 198 178 176 65 38 87 150 69 81
2 199 81
188 105
24 188 41 192 146 118 48 139 109 36 11 164 71 157 153 103 94 39 22 10 154 165 16 120 105
2 188 105
3 188 180 105
197 183
26 197 109 27 33 133 12 80 100 101 164 188 98 58 127 3 180 103 1 99 159 130 170 177 111 198 183
9 197 7 54 151 133 81 95 188 183
2 197 183
170 109
10 170 92 21 4 16 49 2 121 160 109
34 170 156 78 174 69 84 141 65 159 184 167 108 8 115 173 197 70 73 94 157 104 48 145 32 101 50 53 76 22 60 21 11 12 109
2 170 109
195 80
19 195 3 10 144 94 162 194 116 13 170 59 70 181 131 156 128 188 73 80
6 195 90 176 131 126 80
2 195 80
174 132
19 174 164 156 22 168 36 133 13 67 101 180 59 77 112 185 199 107 197 132
13 174 105 53 27 86 170 64 138 66 178 184 168 132
2 174 132
194 146
31 194 10 42 50 15 168 102 7 96 40 110 59 164 26 129 196 22 144 128 161 142 113 37 137 21 158 65 138 87 132 146
2 194 146
2 194 146
196 170
12 196 39 116 158 41 102 4 40 115 20 173 170
20 196 200 105 19 131 41 65 74 25 103 31 187 199 177 77 81 68 151 114 170
2 196 170
192 149
8 192 123 25 33 175 50 35 149
19 192 191 172 24 74 112 124 87 130 11 143 16 125 108 163 19 157 17 149
2 192 149
200 141
2 200 141
8 200 57 96 115 84 21 148 141
2 200 141
181 170
27 181 66 149 32 116 59 123 104 117 144 6 10 179 189 143 124 36 77 63 101 153 174 99 17 49 148 170
14 181 14 69 138 190 21 55 188 195 198 165 91 148 170
2 181 170
189 95
23 189 167 90 102 118 183 49 159 191 23 109 34 186 7 77 158 188 171 98 5 65 12 95
20 189 27 125 171 183 72 46 150 24 101 147 32 84 1 53 43 119 164 50 95
2 189 95
196 190
17 196 98 40 52 86 22 123 127 162 188 144 113 69 82 142 37 190
19 196 93 46 122 197 167 155 35 193 159 50 130 172 21 83 141 175 59 190
3 196 191 190
188 170
12 188 63 164 26 31 117 166 171 80 104 2 170
25 188 51 49 127 194 177 111 61 162 172 79 31 71 1 14 185 166 132 179 87 5 198 48 176 170
2 188 170
198 189
18 198 24 20 90 80 158 157 159 30 156 8 31 126 13 118 185 52 189
12 198 83 17 47 162 182 174 150 112 85 178 189
2 198 189
200 144
10 200 111 192 185 90 44 24 183 164 144
10 200 130 11 106 194 164 178 2 100 144
2 200 144
199 111
27 199 183 85 157 4 181 10 99 94 63 66 188 116 167 59 18 8 127 150 195 32 140 84 180 5 12 111
24 199 74 158 151 89 124 20 101 6 131 4 16 120 143 170 114 53 27 186 40 191 141 160 111
3 199 42 111
183 105
17 183 115 103 3 175 193 18 198 167 149 10 15 168 35 100 166 105
13 183 21 185 18 54 135 142 43 23 64 96 42 105
2 183 105
196 141
26 196 194 63 118 20 13 107 115 151 146 42 31 6 74 193 64 80 140 24 58 136 177 105 25 76 141
21 196 181 88 51 135 155 149 137 188 77 9 190 138 40 86 109 19 157 4 20 141
2 196 141
193 132
14 193 87 173 110 112 100 50 184 111 36 148 164 51 132
14 193 88 192 96 150 156 66 75 182 16 184 31 123 132
4 193 170 179 132
195 71
20 195 42 190 134 100 175 117 25 179 133 1 119 125 115 139 105 111 98 33 71
8 195 47 57 157 187 18 86 71
2 195 71
200 177
21 200 125 12 135 76 38 39 178 4 174 53 117 163 66 136 140 34 64 73 20 177
31 200 90 153 74 93 43 31 120 66 91 194 156 103 112 134 160 164 59 180 139 23 57 34 44 99 185 28 198 118 86 177
2 200 177
196 52
17 196 122 138 166 108 2 123 60 181 12 178 91 157 20 191 30 52
10 196 61 107 22 25 141 132 179 92 52
2 196 52
194 190
22 194 42 20 81 101 181 76 64 153 100 199 126 186 132 113 72 145 61 196 89 164 190
18 194 53 49 26 29 192 51 168 95 157 88 20 142 72 149 45 178 190
2 194 190
176 151
16 176 48 104 18 80 19 55 96 8 78 45 24 180 188 69 151
4 176 196 88 151
2 176 151
200 36
21 200 15 24 62 59 156 111 105 146 72 109 157 134 116 96 130 4 152 11 141 36
20 200 85 166 187 90 111 66 157 118 151 3 191 53 5 121 145 183 179 158 36
2 200 36
188 174
13 188 167 7 64 74 175 10 1 136 172 187 26 174
13 188 180 12 53 179 102 155 70 36 113 41 79 174
2 188 174
193 15
12 193 195 52 1 182 42 200 19 13 128 157 15
14 193 68 187 140 190 60 34 17 173 134 117 13 76 15
3 193 112 15
189 139
11 189 98 6 200 13 55 21 64 178 199 139
3 189 90 139
2 189 139
183 131
17 183 154 5 6 57 76 77 85 95 44 195 107 47 73 134 90 131
14 183 108 2 188 137 53 30 31 19 74 156 88 191 131
2 183 131
197 109
17 197 34 12 195 136 45 148 76 24 100 161 116 35 88 7 46 109
4 197 173 100 109
2 197 109
181 41
18 181 122 165 138 1 11 167 83 30 32 77 20 63 120 199 162 118 41
19 181 31 27 166 23 110 120 129 80 176 175 171 5 36 117 46 84 107 41
5 181 59 179 69 41
199 194
7 199 176 121 138 40 102 194
7 199 170 87 16 91 104 194
2 199 194
198 22
24 198 193 147 183 74 52 155 83 136 192 21 199 149 43 152 128 176 138 2 15 3 163 123 22
21 198 182 102 98 26 127 4 170 108 87 94 156 171 119 178 78 164 183 57 75 22
2 198 22
195 110
12 195 28 24 88 61 32 27 175 134 23 76 110
19 195 43 2 131 41 126 189 168 18 119 26 194 74 81 117 128 99 111 110
2 195 110
200 2
12 200 141 97 140 146 124 150 18 40 179 86 2
4 200 108 125 2
2 200 2
192 16
13 192 67 114 159 103 148 168 162 82 181 80 45 16
18 192 184 52 195 159 191 130 24 99 79 21 25 9 166 123 114 193 16
2 192 16
197 18
2 197 18
6 197 121 105 74 60 18
3 197 89 18
176 155
9 176 100 90 147 51 140 88 9 155
5 176 169 185 49 155
3 176 11 155
200 47
19 200 79 145 188 127 36 156 113 197 181 85 150 152 178 108 158 101 190 47
5 200 148 72 138 47
2 200 47
187 35
20 187 57 68 174 7 169 121 195 163 69 30 126 2 5 133 56 25 152 48 35
21 187 36 113 13 184 97 94 21 119 66 139 54 180 77 83 81 164 82 198 40 35
2 187 35
182 117
17 182 56 55 80 166 147 42 30 104 61 114 140 109 6 181 196 117
19 182 60 41 93 68 11 160 169 167 125 37 84 170 46 130 40 196 143 117
2 182 117
190 150
5 190 9 198 187 150
20 190 85 24 34 140 144 46 104 145 57 103 12 56 86 180 64 78 63 164 150
2 190 150
195 14
12 195 28 142 53 63 93 22 74 152 40 52 14
10 195 169 17 66 38 130 132 29 177 14
2 195 14
197 75
4 197 38 78 75
14 197 122 194 71 181 84 95 52 7 10 114 97 36 75
2 197 75
189 51
14 189 40 38 9 129 78 94 21 195 62 125 184 151 51
7 189 182 36 155 38 61 51
3 189 155 51
194 62
11 194 6 32 88 139 103 71 140 72 53 62
25 194 89 151 156 176 147 193 41 58 81 5 95 83 14 63 47 199 42 114 77 171 48 169 21 62
2 194 62
184 15
16 184 43 77 132 71 153 99 112 2 111 4 196 69 97 177 15
20 184 172 39 157 90 92 25 66 78 17 110 118 83 131 89 154 135 155 60 15
2 184 15
185 26
8 185 38 33 109 176 99 114 26
16 185 108 186 72 101 6 63 70 118 29 5 14 55 164 179 26
2 185 26
195 120
9 195 157 151 31 181 165 114 102 120
22 195 159 168 164 124 95 115 190 110 136 42 141 146 48 1 43 122 5 119 113 93 120
3 195 60 120
200 75
22 200 21 40 199 95 92 149 2 101 93 159 58 193 165 162 114 64 120 19 175 3 75
7 200 92 43 162 84 25 75
2 200 75
190 54
5 190 158 171 70 54
7 190 24 123 159 73 36 54
2 190 54
200 24
13 200 130 99 129 131 160 4 140 167 171 21 121 24
26 200 151 138 43 101 98 47 174 132 110 185 127 100 143 160 105 89 166 104 25 94 137 61 196 17 24
2 200 24
199 101
35 199 67 139 14 123 168 146 24 38 26 75 115 13 41 77 191 6 27 107 144 147 40 80 32 170 141 100 12 1 82 173 195 134 133 101
8 199 30 51 37 62 145 126 101
3 199 68 101
198 101
12 198 90 199 4 42 163 54 112 62 21 20 101
36 198 50 192 64 89 129 115 103 188 116 169 12 152 55 114 22 170 177 78 66 26 113 140 42 194 31 29 70 14 186 21 158 6 41 83 101
2 198 101
200 65
12 200 85 187 22 36 149 179 148 170 161 63 65
11 200 129 118 194 103 72 143 182 67 61 65
2 200 65
200 129
27 200 76 153 66 84 90 96 168 60 111 62 91 176 61 196 155 99 93 134 63 156 46 192 51 52 6 129
27 200 9 193 163 67 85 83 14 134 149 107 70 60 25 119 113 171 84 124 32 162 104 174 169 184 158 129
3 200 70 129
199 39
15 199 2 99 104 179 135 13 75 90 77 65 111 45 143 39
11 199 118 83 60 196 68 109 8 1 16 39
2 199 39
137 178
13 137 14 152 98 161 33 194 153 68 144 190 168 178
7 137 71 15 116 119 110 178
3 137 77 178
170 174
13 170 123 89 141 14 137 165 199 182 65 169 22 174
20 170 155 3 8 55 168 139 74 150 65 20 145 112 190 76 106 10 6 177 174
2 170 174
173 172
5 173 42 152 88 172
16 173 169 57 45 159 107 164 186 3 147 1 113 71 20 103 172
2 173 172
200 199
21 200 91 190 151 182 30 11 150 167 113 29 118 157 197 2 176 87 152 23 93 199
21 200 170 67 97 26 81 80 162 61 128 49 110 177 193 71 29 180 13 117 25 199
2 200 199
190 17
28 190 188 27 82 127 61 19 176 78 156 172 143 195 14 137 76 133 110 15 96 33 160 173 10 177 117 80 17
18 190 59 166 67 44 25 143 150 63 32 145 137 120 79 179 98 106 17
2 190 17
191 120
6 191 196 151 98 119 120
8 191 177 105 104 11 84 19 120
2 191 120
200 157
13 200 188 84 156 48 120 107 83 86 98 119 13 157
9 200 16 52 75 114 11 97 15 157
2 200 157
196 176
18 196 43 158 55 137 117 25 8 49 116 111 88 175 75 120 197 38 176
4 196 159 7 176
3 196 44 176
190 98
17 190 95 129 104 50 12 77 143 141 96 88 113 150 44 37 198 98
15 190 11 73 37 17 131 10 171 36 85 78 43 122 46 98
2 190 98
200 196
18 200 170 199 188 18 78 197 125 139 177 68 103 109 75 67 77 146 196
18 200 72 129 54 133 62 174 13 20 14 188 125 112 120 45 33 36 196
2 200 196
190 169
39 190 31 131 42 10 195 153 136 70 34 104 88 97 173 82 166 84 175 171 77 39 103 110 27 111 199 6 90 100 164 188 145 32 63 116 101 18 61 169
9 190 116 191 139 93 95 122 179 169
2 190 169
200 196
25 200 174 41 54 90 131 45 169 11 26 27 166 117 33 155 198 71 140 38 124 70 24 94 77 196
7 200 143 188 100 68 128 196
3 200 199 196
199 59
10 199 74 159 2 64 134 192 170 198 59
22 199 35 121 175 17 174 90 101 67 68 130 147 198 61 186 79 92 15 180 88 195 59
2 199 59
196 101
15 196 135 104 96 61 149 26 40 169 45 110 23 156 140 101
10 196 72 124 199 106 178 159 160 34 101
2 196 101
191 63
17 191 80 124 164 5 108 30 140 123 143 172 82 188 56 2 39 63
28 191 131 28 161 48 125 102 43 16 160 76 151 8 106 47 110 50 20 114 74 68 199 23 22 165 158 135 63
2 191 63
192 112
11 192 89 167 152 195 164 161 97 45 87 112
13 192 16 95 70 59 7 141 77 4 174 38 165 112
2 192 112
159 9
20 159 184 16 63 44 4 21 54 64 10 25 14 67 172 194 200 1 185 50 9
9 159 130 132 128 177 196 122 51 9
2 159 9
179 61
4 179 21 164 61
7 179 90 126 54 110 112 61
2 179 61
192 45
9 192 8 68 115 172 129 21 2 45
16 192 16 93 72 10 186 96 42 135 183 169 164 158 161 173 45
3 192 61 45
191 116
15 191 44 176 160 190 65 35 136 78 153 134 43 126 198 116
22 191 166 185 25 115 125 184 12 85 51 54 97 187 21 149 77 23 70 41 69 49 116
2 191 116
198 67
7 198 9 38 118 134 28 67
10 198 124 165 169 179 59 79 147 110 67
3 198 142 67
193 47
8 193 90 34 128 162 119 48 47
13 193 77 88 53 33 97 138 74 22 163 141 161 47
3 193 2 47
191 33
23 191 47 179 81 70 150 162 142 120 15 140 63 99 157 57 67 196 96 78 89 200 58 33
15 191 72 132 111 114 155 174 124 76 200 2 62 161 14 33
2 191 33
192 75
9 192 24 104 149 69 183 114 9 75
25 192 88 116 142 40 26 84 191 19 149 175 138 78 136 67 135 111 58 185 13 42 38 141 181 75
2 192 75
192 179
10 192 61 66 26 25 10 173 49 197 179
8 192 37 74 3 123 133 41 179
2 192 179
184 123
5 184 93 36 22 123
12 184 185 154 110 12 187 111 105 46 195 135 123
2 184 123
198 62
13 198 105 70 73 167 192 142 20 187 140 133 111 62
17 198 170 1 37 51 137 15 38 32 25 13 164 26 49 185 131 62
2 198 62
191 190
12 191 115 125 93 51 54 53 144 151 130 174 190
5 191 79 153 128 190
2 191 190
200 199
12 200 3 168 164 190 72 192 128 105 76 55 199
18 200 10 7 129 40 4 51 12 85 75 25 142 59 60 61 14 141 199
2 200 199
189 128
10 189 71 21 157 92 81 83 91 75 128
7 189 129 24 23 109 113 128
2 189 128
197 65
26 197 54 151 45 52 165 12 184 91 62 56 83 74 169 84 50 146 41 38 166 22 92 79 55 49 65
5 197 31 59 77 65
2 197 65
174 11
13 174 44 82 144 6 179 101 165 158 108 103 73 11
6 174 8 24 40 164 11
2 174 11
195 114
3 195 40 114
28 195 98 61 179 168 26 147 75 67 96 80 14 101 30 189 8 157 193 112 183 106 141 180 148 86 109 82 114
2 195 114
190 139
12 190 142 83 73 120 94 5 46 92 169 152 139
34 190 182 80 100 109 162 130 59 32 52 101 127 154 136 122 87 98 51 9 152 106 31 192 1 150 49 28 165 138 42 178 145 48 139
2 190 139
195 52
24 195 140 109 183 44 59 46 107 5 142 50 117 38 29 145 78 156 165 43 42 98 128 105 52
14 195 64 177 41 175 129 198 164 71 65 34 3 42 52
2 195 52
195 74
10 195 183 27 121 102 124 99 48 60 74
3 195 140 74
2 195 74
199 30
9 199 70 62 101 106 162 144 121 30
29 199 195 107 165 155 180 66 130 191 106 74 81 8 25 34 159 121 35 186 136 179 153 144 62 69 151 67 120 30
2 199 30
182 139
16 182 48 130 2 198 20 83 55 79 5 194 66 65 101 131 139
5 182 188 49 103 139
2 182 139
195 161
24 195 11 29 70 184 68 7 169 50 124 160 164 55 103 62 182 152 69 155 128 64 4 112 161
9 195 32 2 150 64 188 184 55 161
2 195 161
200 54
16 200 119 55 152 56 106 107 105 127 73 172 188 182 138 41 54
12 200 163 131 28 146 81 133 186 60 116 69 54
2 200 54
199 78
12 199 97 10 7 135 175 191 45 189 24 164 78
5 199 156 39 116 78
2 199 78
193 97
19 193 131 3 102 113 143 120 190 119 40 34 197 162 173 43 54 86 67 97
2 193 97
2 193 97
194 50
9 194 99 196 14 108 23 115 86 50
3 194 138 50
2 194 50
168 169
9 168 129 18 132 78 174 145 73 169
7 168 183 137 74 97 60 169
2 168 169
197 121
14 197 66 100 6 90 4 123 25 196 141 29 31 65 121
21 197 174 4 19 115 44 181 104 65 92 143 140 77 132 190 151 97 64 139 54 121
2 197 121
185 127
20 185 171 67 128 41 59 89 64 196 173 77 149 50 92 10 17 2 104 96 127
9 185 6 16 53 94 93 72 200 127
2 185 127
194 59
9 194 174 167 132 75 85 164 147 59
37 194 125 137 106 28 169 131 71 24 187 47 134 11 154 97 26 155 156 96 178 164 195 191 10 12 143 116 16 188 72 115 141 85 138 117 193 59
2 194 59
195 128
11 195 86 121 61 45 108 153 30 180 28 128
17 195 41 9 4 40 173 112 148 5 51 156 82 174 161 93 86 128
2 195 128
197 157
8 197 50 39 136 47 194 32 157
20 197 131 167 27 148 105 103 174 179 2 135 25 165 92 67 146 43 163 13 157
2 197 157
194 75
11 194 58 111 185 173 12 101 55 59 94 75
15 194 113 143 149 144 12 19 200 175 134 98 56 176 181 75
2 194 75
173 128
11 173 55 106 134 172 187 138 11 93 58 128
2 173 128
2 173 128
198 83
15 198 44 95 149 98 66 164 154 116 103 20 190 81 73 83
13 198 58 29 156 3 166 34 6 77 2 104 147 83
2 198 83
196 73
10 196 88 42 148 138 74 20 98 43 73
17 196 170 128 148 115 19 199 182 163 61 18 24 54 10 27 20 73
3 196 190 73
200 189
12 200 56 175 72 198 19 172 167 123 184 94 189
31 200 94 178 31 102 77 194 99 136 145 131 171 100 170 107 51 27 26 36 33 140 24 68 187 134 172 43 101 198 184 189
2 200 189
198 106
26 198 134 94 36 17 197 114 173 162 165 24 20 53 52 19 92 157 33 80 166 5 41 50 168 111 106
16 198 196 6 66 158 117 49 60 151 78 139 52 178 122 102 106
2 198 106
198 84
20 198 138 121 153 183 10 97 33 96 61 1 91 141 95 34 14 25 196 52 84
3 198 197 84
2 198 84
199 102
22 199 158 176 190 10 61 21 100 129 90 170 180 71 81 109 67 155 184 12 23 5 102
15 199 86 103 164 99 114 70 120 74 104 166 150 80 75 102
2 199 102
197 25
16 197 148 76 26 70 79 116 91 63 195 133 80 61 123 30 25
12 197 144 92 126 112 116 165 56 30 163 42 25
2 197 25
188 191
15 188 49 187 46 152 192 165 66 58 77 132 143 183 44 191
16 188 195 160 177 158 131 67 113 125 162 62 52 24 27 192 191
4 188 2 122 191
198 138
25 198 131 134 24 99 77 118 74 31 115 119 73 10 191 184 160 78 135 48 30 46 23 162 182 138
28 198 9 55 27 83 190 144 169 157 129 3 152 105 150 195 156 106 187 142 115 163 54 2 61 33 6 151 138
2 198 138
197 186
22 197 136 54 147 21 130 193 48 20 28 64 60 30 51 101 188 181 168 113 83 11 186
20 197 103 198 40 61 170 81 50 31 194 120 44 129 161 13 84 59 7 177 186
3 197 40 186
194 52
25 194 195 67 135 149 73 129 169 117 68 184 78 47 170 1 122 20 134 179 191 24 43 164 140 52
8 194 56 84 58 164 183 147 52
2 194 52
195 88
25 195 77 90 126 82 21 182 23 36 6 200 60 169 127 196 181 112 18 140 144 2 164 147 184 88
14 195 53 26 92 165 56 60 173 67 161 23 137 102 88
2 195 88
196 30
13 196 8 186 145 121 162 77 104 102 174 103 90 30
16 196 42 37 173 98 51 103 73 116 111 174 4 124 179 12 30
2 196 30
183 23
20 183 140 79 157 136 184 137 64 115 161 173 166 67 108 96 89 144 163 143 23
5 183 103 96 111 23
2 183 23
170 191
12 170 150 38 149 107 89 112 183 29 72 30 191
12 170 5 42 55 6 47 44 49 113 161 13 191
2 170 191
144 43
13 144 120 60 146 18 109 79 191 42 55 84 156 43
11 144 134 44 34 27 196 13 67 171 36 43
2 144 43
185 176
15 185 2 46 153 27 34 159 198 123 39 74 134 98 119 176
8 185 21 170 25 107 187 42 176
2 185 176
181 41
9 181 132 135 134 176 28 2 95 41
21 181 125 126 145 65 1 197 11 138 196 105 13 103 27 7 183 176 93 44 43 41
2 181 41
198 134
8 198 147 141 194 96 89 53 134
10 198 105 154 171 31 44 16 23 86 134
2 198 134
200 144
10 200 190 62 139 28 38 116 171 82 144
28 200 92 1 149 105 10 87 132 35 18 139 37 164 125 66 171 47 175 138 94 19 102 51 91 155 176 55 144
2 200 144
196 15
15 196 34 194 113 69 190 137 199 86 142 18 195 129 78 15
5 196 47 84 112 15
2 196 15
190 196
10 190 132 50 100 71 107 114 44 87 196
5 190 103 46 85 196
2 190 196
155 2
25 155 105 148 174 121 85 165 90 169 115 130 164 13 45 64 147 102 10 136 181 5 129 58 111 2
15 155 143 199 70 196 100 84 172 111 106 14 66 156 185 2
2 155 2
198 106
11 198 168 188 83 117 158 127 193 30 9 106
5 198 58 186 12 106
2 198 106
196 82
17 196 12 96 40 54 61 176 68 121 79 166 7 189 153 139 105 82
14 196 18 2 24 9 80 81 188 78 17 111 76 8 82
3 196 37 82
197 82
22 197 122 23 145 65 19 13 38 92 126 85 55 67 51 158 168 5 73 148 184 34 82
13 197 123 75 193 96 50 111 114 128 200 76 25 82
2 197 82
184 72
22 184 41 114 37 68 99 116 74 123 127 134 146 84 1 88 24 125 39 19 66 90 72
21 184 163 101 96 79 161 69 25 90 58 24 156 200 174 97 62 10 130 120 80 72
2 184 72
196 108
11 196 96 123 116 51 154 2 178 187 25 108
4 196 41 24 108
2 196 108
197 186
44 197 11 59 169 199 162 104 174 168 122 116 36 148 132 98 96 192 146 23 109 7 111 101 13 73 78 131 40 16 187 127 188 144 27 57 61 117 21 55 2 123 165 60 186
9 197 177 94 134 143 45 47 131 186
2 197 186
195 184
15 195 155 200 98 84 43 44 133 117 178 136 99 17 1 184
5 195 109 87 36 184
2 195 184
194 139
9 194 74 4 176 117 157 14 100 139
11 194 179 180 141 55 67 9 75 147 86 139
2 194 139
200 97
13 200 144 66 116 50 113 165 90 67 27 168 56 97
9 200 131 111 56 148 32 51 158 97
2 200 97
199 192
12 199 178 100 34 58 114 190 105 79 61 9 192
6 199 181 71 89 177 192
2 199 192
200 64
23 200 100 152 92 175 118 186 39 24 169 135 6 109 91 14 75 68 82 27 7 31 188 64
22 200 31 60 135 167 162 81 47 153 100 30 2 39 52 160 190 23 143 157 94 98 64
2 200 64
200 158
13 200 186 4 121 62 12 113 63 1 25 134 9 158
16 200 52 80 185 115 132 48 106 133 60 50 187 160 97 148 158
2 200 158
192 13
22 192 36 14 50 97 29 119 80 56 133 55 105 51 148 38 173 190 27 197 186 23 13
16 192 40 102 156 74 64 43 193 122 29 163 170 184 130 25 13
4 192 23 148 13
194 47
9 194 23 78 169 200 29 76 32 47
15 194 1 175 140 32 150 160 178 137 102 120 57 192 31 47
2 194 47
177 12
8 177 124 74 178 125 14 160 12
5 177 158 16 144 12
2 177 12
197 24
8 197 132 75 96 170 107 92 24
14 197 2 3 134 39 15 63 176 191 96 72 179 57 24
2 197 24
191 189
15 191 45 146 149 151 78 174 102 70 111 170 27 161 166 189
10 191 137 167 55 57 6 115 69 125 189
2 191 189
199 200
12 199 180 22 146 78 167 66 165 124 164 53 200
28 199 129 165 171 38 25 127 160 174 169 190 144 126 30 141 86 56 88 55 3 22 115 175 57 164 119 67 200
2 199 200
197 26
20 197 77 1 111 122 11 105 30 70 148 153 49 195 163 185 133 47 58 44 26
24 197 109 134 3 183 136 100 55 58 65 40 1 81 22 7 45 13 161 146 63 91 110 98 26
2 197 26
176 89
20 176 122 93 193 141 52 152 165 54 97 106 182 155 26 79 179 50 38 3 89
13 176 25 128 130 118 167 54 73 45 141 177 74 89
2 176 89
191 10
12 191 67 198 46 38 110 52 102 39 92 142 10
17 191 87 79 166 123 124 200 41 26 98 122 156 59 196 64 5 10
2 191 10
197 111
11 197 34 133 168 1 117 112 118 29 58 111
14 197 81 153 58 129 66 41 164 95 70 166 185 90 111
2 197 111
195 7
11 195 137 80 4 168 92 109 54 5 165 7
21 195 128 33 32 111 89 47 20 182 58 105 51 167 14 162 118 192 40 160 103 7
2 195 7
197 131
23 197 133 66 148 44 158 43 104 140 5 91 70 19 39 65 196 80 106 17 126 10 92 131
13 197 75 162 190 195 21 152 95 34 12 93 10 131
2 197 131
195 86
8 195 72 134 160 115 147 191 86
8 195 74 87 175 57 44 91 86
2 195 86
200 19
8 200 97 118 9 129 174 187 19
14 200 102 132 199 56 117 151 103 125 80 188 73 175 19
2 200 19
186 1
28 186 165 19 142 102 35 31 50 134 40 90 67 2 46 89 41 131 174 64 163 126 181 162 82 184 116 84 1
23 186 50 58 71 154 156 10 95 169 128 40 181 26 66 14 143 18 32 149 81 54 167 1
3 186 154 1
193 128
26 193 74 50 18 159 95 3 167 123 10 81 169 112 87 158 194 67 30 179 13 124 107 156 150 46 128
24 193 30 121 129 131 80 67 132 11 93 150 96 171 19 4 149 100 122 169 176 127 125 74 128
2 193 128
193 60
14 193 129 199 65 7 119 143 77 5 195 100 185 68 60
16 193 84 96 131 153 199 80 148 125 130 103 154 144 6 126 60
2 193 60
190 62
6 190 53 48 152 97 62
28 190 186 43 154 142 16 138 7 184 35 123 171 104 147 95 175 77 92 169 117 188 106 66 140 89 124 14 62
3 190 184 62
200 108
26 200 104 185 189 72 106 62 58 43 84 88 92 128 137 55 31 18 115 173 168 19 35 28 5 118 108
23 200 27 183 5 113 71 117 121 28 54 132 2 75 192 115 84 98 116 53 63 55 176 108
2 200 108
198 119
7 198 158 76 191 5 137 119
12 198 24 37 132 99 23 10 89 56 74 143 119
2 198 119
197 158
13 197 157 159 118 81 14 175 134 70 184 112 44 158
6 197 33 149 39 80 158
2 197 158
195 166
10 195 130 181 5 190 91 162 101 56 166
13 195 125 124 112 176 90 199 102 25 137 187 117 166
2 195 166
178 183
10 178 185 118 100 67 103 102 195 186 183
15 178 140 191 194 94 184 147 166 127 37 141 142 131 139 183
2 178 183
190 113
6 190 19 22 57 58 113
25 190 114 12 57 39 38 115 180 24 173 6 147 156 174 170 31 157 178 10 93 81 109 171 36 113
3 190 55 113
197 118
8 197 74 33 1 44 13 10 118
18 197 168 136 104 3 114 52 6 75 195 94 99 147 159 39 65 191 118
2 197 118
185 21
9 185 159 128 41 196 56 184 44 21
13 185 98 46 29 114 108 135 128 3 78 30 69 21
2 185 21
197 84
20 197 67 25 27 107 51 23 92 13 161 102 151 73 57 153 63 98 8 10 84
11 197 102 15 157 1 6 46 150 137 45 84
2 197 84
178 42
16 178 41 49 5 190 151 61 194 23 45 37 70 65 161 145 42
25 178 198 3 8 172 75 157 104 40 165 133 156 80 140 161 58 37 111 14 74 69 193 181 105 42
3 178 67 42
194 74
9 194 38 103 84 35 175 72 102 74
7 194 18 165 117 108 56 74
2 194 74
195 75
16 195 136 73 189 14 162 45 124 39 148 157 166 161 147 2 75
22 195 105 18 190 150 94 135 142 57 144 37 149 30 128 22 29 164 184 115 121 161 75
2 195 75
199 69
7 199 139 4 102 95 184 69
20 199 97 82 7 10 109 124 110 186 9 95 32 188 19 63 190 125 51 156 69
2 199 69
200 53
17 200 121 12 107 38 14 82 76 155 140 126 168 48 49 113 97 53
19 200 183 164 12 165 192 143 68 186 111 30 94 147 156 82 142 198 65 53
3 200 197 53
188 45
16 188 32 1 28 5 118 172 19 81 36 139 120 97 165 94 45
24 188 147 156 116 38 75 117 19 85 59 35 91 27 129 6 184 158 133 64 172 169 57 124 45
2 188 45
197 51
24 197 147 22 105 38 106 88 45 29 113 176 79 114 102 122 48 144 28 200 128 194 4 157 51
9 197 167 59 199 9 153 60 124 51
2 197 51
198 14
17 198 48 104 130 179 42 183 91 173 153 26 142 44 31 69 58 14
28 198 23 113 63 11 40 33 22 42 189 150 29 193 188 134 70 171 101 119 138 46 41 81 139 8 76 47 14
3 198 115 14
168 133
14 168 39 101 70 199 25 89 9 22 102 178 154 193 133
6 168 125 58 17 8 133
2 168 133
199 38
21 199 105 67 167 177 93 195 11 35 194 182 73 74 90 49 23 140 200 51 15 38
12 199 63 70 125 188 106 197 59 13 102 165 38
2 199 38
198 167
14 198 194 30 128 26 146 36 63 200 143 190 45 189 167
16 198 163 152 179 58 3 115 72 182 114 104 92 41 193 158 167
2 198 167
180 173
11 180 108 111 121 177 18 43 157 47 171 173
20 180 162 4 199 30 105 181 61 28 114 136 78 139 132 188 94 17 135 82 173
2 180 173
200 90
2 200 90
13 200 73 192 162 69 116 150 32 137 88 77 27 90
3 200 132 90
197 133
6 197 162 53 153 28 133
12 197 172 20 77 42 38 81 15 97 175 56 133
3 197 175 133
194 121
9 194 130 141 145 156 193 66 113 121
13 194 32 6 188 76 61 170 99 195 18 91 167 121
2 194 121
194 89
10 194 18 53 6 127 30 86 198 109 89
14 194 76 187 140 116 7 17 197 56 15 20 112 19 89
2 194 89
196 54
27 196 23 91 188 117 99 198 150 173 53 167 191 133 73 12 71 93 5 110 125 105 200 123 79 40 170 54
8 196 114 188 33 137 156 157 54
2 196 54
193 160
20 193 177 85 122 90 147 163 101 171 28 53 123 166 152 71 58 40 103 95 160
6 193 38 168 107 76 160
2 193 160
198 153
18 198 76 175 190 183 43 195 95 155 110 197 200 129 62 124 6 181 153
33 198 33 179 7 159 183 3 178 35 160 186 170 135 6 103 22 39 13 64 180 184 69 60 199 142 44 15 40 29 129 26 169 153
2 198 153
187 25
10 187 139 57 101 100 44 154 32 121 25
4 187 26 175 25
2 187 25
197 94
16 197 128 27 189 37 40 129 178 196 59 194 154 151 146 139 94
23 197 27 86 18 178 9 110 162 114 85 167 87 105 6 123 187 182 181 109 172 125 45 94
2 197 94
199 140
21 199 177 39 61 23 106 197 12 43 68 67 114 110 113 153 59 88 128 149 63 140
23 199 4 48 172 25 24 147 96 152 105 30 179 157 1 42 132 79 21 120 195 156 128 140
2 199 140
196 112
8 196 101 163 18 148 10 157 112
7 196 99 143 181 126 142 112
2 196 112
182 46
17 182 81 177 9 43 27 56 12 65 140 42 38 23 169 131 126 46
15 182 29 199 193 7 8 6 187 64 1 144 93 174 45 46
2 182 46
199 17
19 199 165 167 112 128 153 14 80 157 158 54 194 69 126 57 79 16 95 17
17 199 166 114 175 85 135 159 82 7 180 93 102 16 4 179 154 17
2 199 17
195 164
14 195 192 138 143 156 183 152 19 160 34 64 191 109 164
14 195 23 188 74 133 134 26 97 194 73 154 15 122 164
2 195 164
158 169
18 158 49 5 171 82 47 37 176 93 83 35 108 98 51 161 195 110 169
19 158 105 200 104 6 4 15 155 126 199 48 55 49 173 171 25 74 54 169
2 158 169
174 75
15 174 62 160 39 198 72 155 50 144 29 118 26 154 184 75
4 174 172 151 75
2 174 75
200 182
29 200 147 104 153 193 174 96 135 102 140 154 28 63 57 74 19 39 185 150 149 177 77 110 94 173 66 192 76 182
11 200 199 110 153 171 152 93 49 29 47 182
2 200 182
191 69
8 191 26 11 131 170 138 82 69
5 191 125 165 12 69
3 191 108 69
186 182
13 186 33 20 184 14 173 115 136 160 200 135 65 182
13 186 38 164 45 152 170 72 189 52 176 197 100 182
2 186 182
191 9
25 191 181 114 155 115 135 32 161 42 27 52 35 120 133 88 17 94 41 16 76 134 140 166 83 9
14 191 29 120 163 71 75 56 194 180 32 110 168 54 9
3 191 34 9
196 149
10 196 48 24 184 147 25 95 185 137 149
9 196 123 53 89 187 48 114 46 149
2 196 149
186 17
14 186 175 117 105 58 68 134 86 116 160 153 114 88 17
28 186 173 131 150 123 87 42 88 41 63 145 77 136 24 191 116 31 67 199 28 11 164 183 10 166 70 101 17
2 186 17
198 151
16 198 40 185 119 35 16 110 144 22 155 92 162 147 77 150 151
8 198 142 179 29 34 74 170 151
2 198 151
191 194
14 191 159 2 144 20 62 15 38 86 178 45 155 34 194
16 191 111 174 99 127 148 171 65 6 37 16 70 98 193 131 194
2 191 194
197 63
17 197 91 103 12 2 166 67 113 36 102 137 85 174 71 45 53 63
3 197 102 63
2 197 63
194 108
12 194 91 122 26 43 77 159 9 51 149 10 108
9 194 31 119 189 45 78 68 195 108
2 194 108
177 75
17 177 8 83 196 60 120 164 15 56 26 40 153 131 152 101 59 75
26 177 131 25 132 26 117 14 138 142 87 143 170 190 151 18 164 171 84 38 136 130 48 81 65 46 75
2 177 75
163 95
9 163 71 82 39 75 128 25 199 95
11 163 104 147 44 88 41 39 154 82 11 95
2 163 95
198 144
26 198 25 23 4 135 36 93 145 42 16 46 101 147 18 172 187 32 44 45 85 38 185 35 128 109 144
13 198 9 64 72 15 147 77 113 109 44 171 84 144
2 198 144
189 132
19 189 120 176 100 45 96 194 157 29 3 66 40 181 63 88 54 97 131 132
28 189 70 100 145 112 43 117 124 37 57 130 181 172 174 155 95 168 176 182 22 73 107 75 1 109 129 101 132
2 189 132
198 134
11 198 4 197 120 87 61 52 151 38 64 134
33 198 118 155 67 107 185 82 182 53 124 141 62 29 125 138 90 178 19 131 143 147 184 180 64 117 130 43 17 79 133 41 26 134
2 198 134
199 145
11 199 88 159 6 7 127 189 194 74 57 145
17 199 187 131 56 15 46 37 4 74 129 21 110 142 128 16 106 145
2 199 145
196 142
12 196 188 169 144 151 110 82 83 189 64 158 142
18 196 57 11 7 198 84 155 200 44 181 183 156 194 12 42 124 97 142
2 196 142
194 70
20 194 193 85 170 63 84 61 198 100 167 196 185 158 121 153 8 88 159 94 70
7 194 38 64 113 83 110 70
2 194 70
198 57
21 198 128 180 168 182 25 174 167 46 23 161 55 11 144 83 165 76 104 194 41 57
18 198 59 90 179 131 14 121 98 147 89 56 100 62 8 68 133 18 57
2 198 57
199 102
30 199 82 46 33 64 141 116 44 124 182 166 18 145 3 187 42 168 70 170 137 8 146 188 148 132 49 77 95 32 102
10 199 26 125 190 135 19 82 55 130 102
2 199 102
193 162
7 193 167 84 25 148 93 162
30 193 67 51 53 155 133 142 26 83 132 14 102 46 152 147 156 128 61 144 10 151 121 88 135 195 134 18 197 113 162
2 193 162
196 31
17 196 101 106 100 109 179 66 1 130 84 10 187 181 78 14 83 31
13 196 183 28 149 89 45 73 189 101 96 115 102 31
2 196 31
197 73
16 197 121 142 57 92 155 75 49 156 124 30 6 109 34 191 73
14 197 101 32 155 8 106 177 141 50 64 74 152 115 73
2 197 73
196 6
13 196 9 47 48 169 29 165 174 87 72 20 30 6
17 196 149 182 194 56 128 97 131 120 88 188 81 84 40 111 33 6
2 196 6
183 128
9 183 148 29 21 170 66 84 192 128
10 183 89 81 95 167 69 15 191 76 128
2 183 128
194 145
2 194 145
18 194 119 91 5 8 177 79 92 120 191 56 134 68 164 53 75 110 145
2 194 145
172 6
14 172 41 7 130 90 86 75 143 190 131 63 35 92 6
11 172 141 142 193 93 166 179 133 158 126 6
2 172 6
179 41
6 179 155 149 45 161 41
2 179 41
2 179 41
197 193
12 197 62 14 155 33 153 141 111 146 30 105 193
10 197 154 74 151 147 48 14 189 183 193
2 197 193
196 194
13 196 121 165 131 178 100 124 156 90 6 186 63 194
11 196 16 124 93 99 97 81 162 151 183 194
2 196 194
195 7
16 195 196 177 87 14 175 60 79 9 127 165 94 126 142 83 7
27 195 155 11 93 71 17 45 97 188 166 144 76 118 74 173 117 52 172 86 112 77 53 23 70 67 125 7
3 195 124 7
199 80
4 199 140 100 80
20 199 61 132 153 25 108 23 173 121 148 163 197 2 189 37 118 85 176 116 80
2 199 80
196 15
25 196 103 194 82 115 28 87 157 13 117 3 80 147 66 125 186 176 189 139 165 76 92 169 105 15
15 196 88 10 194 70 155 191 93 79 177 164 27 84 65 15
2 196 15
197 91
19 197 163 164 108 38 120 12 70 130 143 73 24 8 92 153 168 134 81 91
12 197 23 89 20 9 184 115 179 40 180 34 91
2 197 91
194 184
14 194 62 156 151 55 35 178 18 15 38 76 114 197 184
8 194 2 180 134 1 151 177 184
2 194 184
189 152
15 189 21 159 41 153 132 154 56 64 185 23 147 5 54 152
21 189 83 16 141 125 88 96 90 176 25 150 165 98 62 194 31 61 80 69 43 152
2 189 152
183 55
15 183 175 36 69 58 61 149 103 117 86 79 48 179 59 55
10 183 67 149 114 134 123 145 6 128 55
2 183 55
196 198
6 196 1 132 7 194 198
4 196 93 14 198
2 196 198
185 78
10 185 34 61 23 43 192 118 174 120 78
12 185 186 36 128 62 187 193 183 142 57 198 78
2 185 78
189 185
15 189 14 135 169 196 22 105 54 126 142 111 116 50 64 185
29 189 128 116 42 161 82 63 95 113 77 154 81 52 11 137 71 172 198 7 152 43 20 156 36 85 23 56 84 185
2 189 185
193 59
16 193 82 77 177 37 165 154 175 50 46 22 26 124 134 179 59
20 193 130 175 63 15 56 97 5 156 43 159 107 60 2 33 198 177 142 157 59
4 193 107 66 59
197 91
20 197 157 108 59 38 53 72 129 5 83 94 20 60 170 194 106 16 30 153 91
16 197 96 101 25 162 143 128 85 83 59 103 51 11 183 190 91
2 197 91
196 39
11 196 163 61 2 179 167 73 168 15 149 39
14 196 62 131 114 103 66 118 130 11 95 161 6 76 39
2 196 39
191 10
15 191 138 100 126 101 134 196 181 106 52 114 118 105 80 10
2 191 10
2 191 10
197 37
15 197 58 53 188 179 131 78 166 173 141 199 1 89 50 37
8 197 132 171 116 162 43 98 37
2 197 37
