1 26
1 68
1 34
1 58
1 81
1 55
1 75
1 31
1 103
1 13
1 92
1 8
1 40
1 48
1 87
1 23
1 51
1 45
1 83
1 63
1 22
1 15
1 53
1 61
1 38
1 11
1 30
1 94
1 85
1 79
1 90
1 7
1 47
1 17
1 56
1 52
1 4
1 5
1 97
1 99
1 70
1 41
1 42
1 73
1 19
1 78
1 71
1 77
1 43
1 33
1 36
1 66
1 28
1 37
1 101
1 88
1 50
1 23
1 40
1 71
1 15
1 85
1 61
1 31
1 7
1 88
1 103
1 92
1 11
1 79
0 0
1 11
1 79
1 90
1 68
1 36
1 94
1 92
1 38
1 77
1 66
0 0
1 15
1 77
1 26
1 23
1 23
1 36
1 26
1 23
1 68
1 22
1 56
1 36
1 4
0 0
1 88
1 34
1 78
1 19
1 73
1 71
1 23
1 37
