103 104
0 0 //0
1 0 /138/
2 0 /22/22
3 1 0306
3 1 1001
2 0 /23/23
6 1 5440
6 1 6288
1 0 /3/
9 0 /3254/3254
10 1 0753
9 0 /5530/5530
12 1 1111
9 0 /5876/5876
14 1 5835
9 0 /5962/5962
16 1 4481
9 0 /6450/6450
18 1 5703
1 0 /4992/
20 0 /8/8
21 1 0321
21 1 1242
1 0 /55/
24 0 /929/929
25 1 8633
24 0 /932/932
27 1 7879
24 0 /933/933
29 1 1900
29 1 7008
24 0 /934/934
32 1 2800
32 1 4747
24 0 /941/941
35 1 3126
35 1 3341
35 1 3448
24 0 /943/943
39 1 2104
39 1 2121
39 1 2136
39 1 2331
24 0 /949/949
44 1 5840
24 0 /952/952
46 1 1122
46 1 2411
24 0 /962/962
49 1 0653
49 1 1384
49 1 1650
49 1 3225
24 0 /963/963
54 1 3200
54 1 5875
24 0 /977/977
57 1 1201
1 0 /558/
59 0 /72/72
60 1 7111
59 0 /94/94
62 1 5151
1 0 /76/
64 0 /220/220
65 1 2356
64 0 /221/221
67 1 2646
64 0 /223/223
69 1 8555
69 1 9565
64 0 /224/224
72 1 5511
64 0 /231/231
74 1 1462
64 0 /232/232
76 1 3066
76 1 5555
76 1 6200
64 0 /234/234
80 1 3800
64 0 /245/245
82 1 6450
64 0 /247/247
84 1 8999
64 0 /254/254
86 1 5020
86 1 5081
64 0 /256/256
89 1 5642
64 0 /261/261
91 1 1717
64 0 /262/262
93 1 7605
1 0 /761/
95 0 /22/22
96 1 0120
95 0 /58/58
98 1 1805
95 0 /73/73
100 1 5300
95 0 /77/7
102 1 1234
4 0559298633
5 0762212646
7 0559344747
8 0559771201
11 0762343800
13 0559633200
15 0762311462
17 0559337008
19 0761771234
22 0355301111
23 0762611717
26 0138236288
28 9432104
30 9522411
31 0762545020
33 0499281242
34 9621384
36 9495840
37 0762456450
38 0558945151
40 0499280321
41 0358765835
42 9623225
43 0558727111
45 9413448
47 0332540753
48 9331900
50 0762627605
51 0762478999
52 0762326200
53 0762565642
55 0138235440
56 9521122
58 0359624481
61 0559635875
63 0559621650
66 0138220306
68 0138221001
70 0761220120
71 0761581805
73 2238555
75 0559432121
77 0559432136
78 2245511
79 0364505703
81 2325555
83 2239565
85 2323066
87 0559432331
88 0559342800
90 0559413126
92 2202356
94 0559327879
97 0559413341
99 735300
101 0762545081
103 0559620653
22 81242
83 0559432104
37 0762239565
73 0358765835
34 0762478999
58 0558727111
99 0559337008
47 0138235440
56 0762545081
47 0761771234
73 2611717
97 0332540753
58 0762326200
48 9999999999
23 0332540753
23 0762326200
78 2565642
45 0762212646
63 0559413126
34 0762627605
58 0762611717
101 0559413448
34 0762323066
101 0762202356
63 00559495840
28 0358765835
75 2323066
28 9298633
63 0499281242
66 0499281242
83 0559413126
101 0559298633
85 0499281242
15 0762212646
101 0499280321
70 0559635875
53 9413126
103 0138220306
88 2611717000
45 0762545081
94 0559344747
63 0762325555
38 0364505703
101 0762245511
36 0762239565
48 0499281242
88 0559413341
