1 33615
1 2606
1 84097
1 55446
1 78123
1 26097
1 97023
1 62994
1 47408
1 13258
1 63288
1 67674
1 37065
1 18574
1 19992
1 55454
1 5838
1 80014
1 94003
1 26339
1 90710
1 13772
1 8502
1 9413
1 98755
1 27855
1 56560
1 62467
1 76803
1 34566
1 29877
1 63770
1 13862
1 24938
1 18620
1 80769
1 47246
1 85632
1 10864
1 99003
1 38422
1 74717
1 92992
1 66389
1 59491
1 72086
1 3702
1 45600
1 72818
1 38038
1 39397
1 61729
1 38404
1 84010
1 15055
1 76087
1 80690
1 7776
1 74758
1 72951
1 92481
1 22726
1 79934
1 8589
1 69846
1 13300
1 72806
1 21809
1 84510
1 33520
1 21588
1 79902
1 17358
1 44507
1 16430
1 62441
1 18762
1 40194
1 70144
1 16983
1 2035
1 93697
1 27713
1 7660
1 75743
1 3783
1 1917
1 92227
1 47133
1 91160
1 66911
1 63030
1 64464
1 15546
1 61723
1 10325
1 25883
1 80227
1 67175
0 0
