0 6
0 6
0 5
0 8
0 9
0 4
0 2
0 5
0 2
0 5
0 5
0 5
0 4
0 2
0 6
0 3
0 6
0 4
0 7
0 5
0 7
0 5
0 2
0 3
0 7
0 3
0 5
0 3
1 16661
0 6
0 8
0 4
0 3
0 6
0 5
0 5
0 2
0 2
0 4
0 4
0 4
0 3
0 4
0 5
0 2
0 6
0 6
1 34521
0 2
0 3
0 4
0 2
0 5
0 3
0 4
0 5
0 4
0 4
0 5
0 4
0 3
0 3
1 70642
1 88648
0 4
0 6
0 3
0 2
0 5
0 5
0 5
1 10391
0 3
0 5
1 26177
0 3
0 11
0 3
0 5
0 5
0 3
0 4
0 7
0 4
0 4
0 3
0 4
0 2
1 39743
0 3
1 72346
0 6
0 6
0 6
1 89890
0 4
0 6
0 4
0 2
0 6
0 3
0 4
0 4
1 27242
0 5
0 5
1 77179
0 5
0 3
0 4
0 3
0 2
0 6
0 3
0 3
0 4
0 7
0 2
0 7
0 3
0 3
0 4
0 3
0 5
0 4
0 2
0 2
0 5
0 4
0 3
0 3
0 2
0 9
0 6
0 2
0 3
0 4
0 2
0 7
0 4
0 6
0 4
0 9
0 3
0 7
0 3
0 2
0 4
0 2
0 8
0 6
0 6
0 2
0 6
0 3
0 4
0 4
0 6
1 48384
0 4
0 2
0 4
0 3
0 6
1 50221
1 72651
0 5
0 3
0 3
0 5
0 7
0 7
0 2
0 6
0 6
0 5
0 4
0 8
0 6
0 7
0 4
0 4
0 5
0 3
1 43754
1 84745
0 2
0 2
0 2
0 3
0 4
0 3
0 5
0 7
0 5
1 67349
0 4
0 7
0 5
0 3
0 2
0 2
0 3
0 4
0 4
0 4
0 4
0 5
0 8
0 3
0 3
0 3
0 9
0 4
0 5
0 3
0 5
0 6
0 5
0 3
0 4
0 3
0 3
0 2
0 4
1 72321
0 3
0 5
0 4
0 14
0 4
1 3370
0 5
0 5
0 4
0 6
0 4
0 5
0 4
0 2
0 6
0 7
0 4
0 5
0 3
0 6
0 5
0 5
0 6
0 3
0 6
0 4
0 4
0 4
1 25459
1 13394
0 3
0 5
1 58297
0 3
0 9
1 64347
0 4
0 5
0 5
0 2
0 4
0 3
0 4
0 6
0 10
1 5328
0 6
0 2
0 3
0 3
0 3
0 6
1 68986
0 5
0 3
0 3
0 2
0 2
0 5
0 2
0 3
0 3
0 4
0 7
0 4
0 3
0 6
0 3
0 5
0 3
0 3
0 2
0 2
1 65841
0 3
0 3
0 3
0 2
1 83012
1 54039
0 2
0 4
0 5
0 2
1 11372
0 2
0 4
0 5
0 6
0 4
0 2
0 4
0 6
0 3
0 7
0 2
0 7
0 5
0 4
0 5
0 2
0 4
0 2
0 2
0 6
0 2
0 7
0 2
0 4
0 4
0 3
1 57960
0 6
0 6
0 3
0 5
1 56065
0 4
0 4
0 3
0 3
1 20873
0 2
0 5
0 5
0 4
0 7
0 8
0 6
0 4
0 5
0 5
0 2
0 3
0 11
0 4
0 6
0 7
0 10
0 3
0 2
0 4
0 8
1 46808
0 6
0 4
0 4
1 26841
0 9
0 4
0 4
0 4
0 4
0 6
0 2
0 4
0 4
0 3
1 95327
0 3
1 85818
0 3
0 8
1 37839
0 4
0 2
0 2
0 4
0 2
0 3
0 4
1 64630
0 5
1 59000
0 3
0 4
0 3
1 47266
0 3
0 7
0 3
0 6
0 3
0 3
0 2
0 5
0 3
0 2
0 6
0 7
0 4
0 3
0 2
0 5
0 3
0 4
0 2
0 3
0 6
0 8
0 4
1 22927
0 4
0 3
0 6
0 8
0 5
0 2
0 2
0 5
0 5
0 2
0 3
0 2
0 5
0 7
0 5
0 7
0 2
0 4
0 4
0 5
0 4
0 9
0 9
0 4
0 3
0 3
0 5
0 4
0 5
0 7
0 6
0 2
0 4
1 21259
0 3
0 5
0 5
0 7
0 2
0 4
0 8
0 5
0 3
0 2
0 5
1 49742
0 2
1 96429
0 5
0 3
0 4
0 2
0 2
0 10
1 16585
0 2
0 7
0 4
0 6
0 6
0 9
0 11
0 0
