1 87231
1 98760
1 23039
1 97114
1 91310
1 88397
1 33379
1 73757
1 95429
1 44101
1 8532
1 80088
1 68142
1 84140
1 68230
1 66252
1 83884
1 48191
1 67298
1 75888
1 71969
1 68012
1 92080
1 43730
1 60863
1 94778
1 56983
1 70361
1 95914
1 99287
1 68975
1 75574
1 86191
1 70505
1 29846
1 10947
1 31516
1 86171
1 99561
1 71145
1 87297
1 92722
1 94173
1 41228
1 85672
1 96974
1 38946
1 27399
1 34944
1 59470
1 86562
1 95798
1 20267
1 36258
1 52073
1 89158
1 99494
1 19729
1 98631
1 56065
1 81426
1 94436
1 20105
1 97816
1 52892
1 84056
1 74051
1 65758
1 98836
1 98734
1 47038
1 90800
1 73895
1 31311
1 23029
1 77443
1 80644
1 96215
1 29306
1 47357
1 59622
1 51618
1 37141
1 66027
1 38839
1 71848
1 27402
1 74396
1 65939
1 42954
1 88200
1 65893
1 39259
1 98823
1 35973
1 29715
1 28375
1 97231
1 36877
1 87058
1 87521
1 82297
1 84899
1 38694
1 84210
1 40621
1 99944
1 35727
1 87731
1 79957
1 58589
1 69646
1 92677
1 59030
1 49337
1 82569
1 46664
1 93207
1 60123
1 89648
1 99963
1 67732
1 99119
1 60229
1 53134
1 82653
1 88285
1 77707
1 49795
1 62570
1 33547
1 78830
1 96904
1 72361
1 54633
1 50901
1 94289
1 45075
1 47672
1 40495
1 63438
1 5141
1 49515
1 44893
1 91315
1 94649
1 81599
1 48230
1 98035
1 80687
1 54894
1 37202
1 24674
1 43293
1 73981
1 67528
1 83144
1 11781
1 70512
1 71993
1 65397
1 78499
1 91459
1 73852
1 53188
1 56446
1 81317
1 93721
1 49320
1 58448
1 66995
1 35233
1 77839
1 46961
1 57108
1 49573
1 80582
1 54015
1 58726
1 55534
1 79639
1 70442
1 46738
1 38721
1 57546
1 65252
1 88758
1 31110
1 63071
1 99098
1 52903
1 60327
1 45718
1 85106
1 47641
1 99378
1 31790
1 50389
1 85686
1 86046
1 49531
1 74872
1 55156
1 33952
1 75877
1 64852
1 46834
1 69894
1 61923
1 50512
1 92721
1 53956
1 94228
1 80470
1 41903
1 89950
1 59234
1 71337
1 52337
1 74635
1 33486
1 27700
1 97957
1 48828
1 82852
1 91768
1 94634
1 77392
1 63669
1 37626
1 67439
1 15268
1 88597
1 30076
1 52438
1 57472
1 49853
1 86588
1 68763
1 91185
1 62925
1 89140
1 97788
1 75787
1 99386
1 79117
1 48535
1 80785
1 82149
1 81800
1 40016
1 65519
1 40573
1 96964
1 41651
1 96190
1 65445
1 54861
1 93219
1 57270
1 96099
1 35838
1 79649
1 29198
1 61645
1 82544
1 86229
1 47116
1 61252
1 88267
1 50597
1 54563
1 75128
1 95057
1 30997
1 93706
1 90362
1 52959
1 75264
1 78446
1 36715
1 89122
1 59169
1 88275
1 66369
1 88250
1 35340
1 55097
1 67416
1 45074
1 62437
1 95423
1 80163
1 85910
1 68476
1 60485
1 32071
1 25900
1 89186
1 62176
1 59114
1 22844
1 86378
1 99092
1 62607
1 55961
1 72291
1 93718
1 67871
1 87676
1 21391
1 72772
1 41067
1 87864
1 35856
1 92986
1 83362
1 19992
1 27390
1 86708
1 92484
1 36865
1 67400
1 81580
1 81374
1 17416
1 43363
1 62672
1 95301
1 19411
1 97542
1 63917
1 70700
1 94451
1 42794
1 94822
1 48408
1 74519
1 29801
1 89494
1 85818
1 71681
1 93508
1 95114
1 92218
1 82376
1 98944
1 54922
1 77453
1 70347
1 60357
1 83400
1 58135
0 2
1 70824
1 27831
1 40564
1 58348
1 45483
1 94290
1 54345
1 52682
1 57007
1 51203
1 23360
1 36270
1 52845
1 67032
1 73147
1 79835
1 19949
1 79330
1 97308
1 54351
1 80892
1 77827
1 29592
1 64556
1 12312
1 80442
1 85078
1 58219
1 62396
1 30641
1 81677
1 91490
1 47527
1 61102
1 54586
1 98404
1 92954
1 85515
1 44599
1 25652
1 39097
1 44388
1 12574
1 77415
1 31546
1 50127
1 63297
1 75999
1 30646
1 93139
1 60827
1 11879
1 86967
1 94152
1 55105
1 84197
1 15244
1 82979
1 14902
1 65689
1 41855
1 91204
1 77607
1 27434
1 69958
1 30860
1 61269
1 98027
1 59815
1 56357
1 83905
1 34542
1 80495
1 63436
1 8739
1 87498
1 84764
1 78197
1 30572
1 92914
1 46909
1 62558
1 74759
1 18809
1 43253
1 93041
1 57850
1 61996
1 47611
1 99715
1 69768
1 42116
1 66027
1 87839
1 59873
1 62075
1 78240
1 87813
1 68775
1 78015
1 76949
1 89762
1 85094
1 20575
1 61944
1 58978
1 81505
1 99823
1 52421
1 39310
1 67966
1 47850
1 64743
1 19286
1 91418
1 83233
1 78048
1 97821
1 91773
1 96123
1 94245
1 32781
1 96177
1 51532
1 56496
1 86669
1 58941
0 2
1 67359
1 87010
1 62149
1 74390
1 92797
1 95879
1 81130
1 62171
1 58224
1 55451
1 40487
1 59563
1 54843
1 97658
1 38154
1 56993
1 9253
1 38674
1 63811
1 80443
1 39405
1 76332
1 51007
1 39037
1 92172
1 94972
1 96139
1 45507
1 83009
1 70077
1 64500
1 66814
1 75879
1 89349
1 33876
1 89743
1 94888
1 57645
1 95218
1 21783
1 82409
1 98686
1 57641
1 92727
1 17848
1 59941
1 80431
1 61722
1 62473
1 4971
1 82461
1 66729
1 79682
1 78288
1 60184
1 86470
1 52729
1 37440
1 73250
1 13357
1 72666
1 72461
1 38596
1 40190
1 60498
1 57811
1 55569
1 99436
1 16743
1 25446
1 40939
1 90838
1 80387
1 48501
1 98100
1 96331
1 91230
1 22397
1 96068
1 88020
1 57753
1 46731
1 20484
1 93300
1 43963
1 99639
1 86273
1 76138
1 97637
1 56383
1 71963
1 65130
1 55240
1 38519
1 92033
1 96805
1 57194
1 91280
1 71288
1 76935
1 99627
1 95834
1 63904
1 50519
1 73898
1 53519
1 58492
1 77532
1 94720
1 83995
1 89627
1 37823
1 89832
1 99548
1 58467
1 97331
1 92906
1 93043
1 80666
1 55956
1 90920
1 94061
1 17419
1 85756
1 94302
1 88091
1 94617
1 43293
1 42398
1 77098
1 53312
1 2802
1 59633
1 21190
1 60889
1 36393
1 26531
1 97008
1 95738
1 77055
1 24797
1 79111
1 91845
1 87289
1 75350
1 40852
1 46660
1 70653
1 69036
1 69289
1 69934
1 99914
1 66364
1 49158
1 69977
1 30171
1 96835
1 62257
1 73156
1 40001
1 86511
1 76634
1 13250
1 50487
1 39539
1 89500
1 90814
1 69488
1 32569
1 37210
1 59603
1 72074
1 31188
1 97523
1 54510
1 97788
1 22663
1 78509
1 43299
1 83266
1 48449
1 39322
1 74856
1 53975
1 76908
1 80263
1 87894
1 49846
1 50402
1 60627
1 64003
1 60958
1 62403
1 46408
1 64796
1 14270
1 63893
1 71027
1 98870
1 84864
1 50407
1 26696
1 62490
1 87352
1 49019
1 98466
1 52210
1 78978
1 77040
1 95396
1 99982
1 67321
1 92668
1 47435
1 64423
1 76601
1 48843
1 31403
1 81627
1 74274
1 83861
1 88441
1 38362
1 78876
1 88289
1 93366
1 77409
1 49966
1 56266
1 29885
1 95698
1 9953
1 87256
1 85393
1 82376
1 75801
1 97306
1 59891
1 70911
1 17011
1 64396
1 55007
1 58999
1 85134
1 53202
1 90762
1 98781
1 45050
1 99106
1 76788
1 89949
1 93667
1 93510
1 62090
1 60137
1 77342
1 43212
1 85686
1 91963
1 57315
1 55111
1 64286
1 29197
1 70860
1 58807
1 81125
1 37723
1 70147
1 74481
1 69371
1 96812
1 88258
1 69151
1 90762
1 76468
1 51794
1 93469
1 55420
1 90362
1 51152
1 41716
1 46156
1 91725
1 72085
1 60718
1 86116
1 15273
1 94933
1 74089
1 84390
1 94456
1 57152
1 64611
1 65996
1 87266
1 51202
1 58412
1 88978
1 83198
1 97587
1 66242
1 49440
1 60070
1 95721
1 48782
1 65603
1 40026
1 70621
1 87913
1 29563
1 34533
1 65530
1 75918
1 94295
1 98220
1 96167
1 82052
1 85593
1 60119
1 9314
1 99541
1 25443
1 69914
1 31136
1 48800
1 58914
1 63104
1 56994
1 56854
1 33827
1 13665
1 73214
1 40777
1 49384
1 51091
1 82180
1 80071
1 57364
1 32774
1 98609
1 70909
1 86153
1 88180
1 93358
1 74345
1 54827
1 53688
1 69752
1 80551
1 78894
1 92182
1 69218
1 11332
1 43729
1 68142
1 66805
1 12946
1 82557
1 73858
1 76916
1 78060
1 85036
1 70070
1 98133
1 94592
1 59664
1 74458
1 24176
1 76626
1 61018
1 95875
1 84330
1 98789
1 92645
1 78069
1 78727
1 65799
1 87693
1 19878
1 92700
1 97552
1 82579
1 78552
1 13353
1 90196
1 85516
1 89609
1 52139
1 53137
1 69403
1 50527
1 67851
1 93713
1 31403
1 64449
1 78202
1 91898
1 95981
1 17712
1 17782
1 62853
1 73505
1 54056
1 89226
1 41198
1 58836
1 76590
1 57705
1 19224
1 47131
1 88276
1 63718
1 61110
1 78235
1 89468
1 61334
1 50197
1 92551
1 76459
1 49883
1 70788
1 35887
1 62196
1 61450
1 67810
1 59526
1 72344
1 54847
1 76300
1 95552
1 76219
1 64729
1 38706
1 92042
1 42426
1 32078
1 67757
1 29279
1 63680
1 84863
1 74674
1 93282
1 49674
1 97172
1 97938
1 79361
1 57193
1 83945
1 82100
1 95517
1 68995
1 68195
1 19970
1 66508
1 85985
1 72060
1 60814
1 94326
1 53161
1 78369
1 69052
1 82696
1 86257
1 90130
1 61638
1 10738
1 97254
1 30265
1 49743
1 59166
1 65722
1 47129
1 39227
1 19741
1 63035
1 64103
1 78750
1 47031
1 33923
1 45931
1 60232
1 87069
1 55905
1 86689
1 54958
1 74993
1 16594
1 31230
1 64097
1 71841
1 32027
1 92351
1 67321
1 74718
1 55120
1 70073
1 43737
1 96177
1 33033
1 52069
1 45390
1 80484
1 90845
1 87306
1 98622
1 96441
1 97253
1 91953
1 45009
1 79492
1 98623
1 52517
1 88243
1 63547
1 86529
1 99678
1 94462
1 77839
1 61554
1 59100
1 82327
1 59233
1 74024
1 51894
1 82607
1 58578
1 25572
1 52751
1 97379
1 49055
1 68369
1 96490
1 64763
1 44869
1 68937
1 62932
1 87421
1 60567
1 82732
1 60771
1 98670
1 68686
1 95249
1 80016
1 73543
1 70021
1 28826
1 76024
1 94328
1 80150
1 89242
1 73238
1 89021
1 73172
1 77692
1 28518
1 85437
1 56579
1 32991
1 67573
1 28247
1 98158
1 95194
1 90314
1 99310
1 52653
1 79605
1 45211
1 89724
1 56444
1 78036
1 71972
1 82502
1 72954
1 80738
1 95798
1 95863
1 57657
1 25751
1 81018
1 65044
1 30799
1 95563
1 98332
1 58545
1 59520
1 55849
1 33843
1 98623
1 89092
1 97346
1 40845
1 16229
1 58908
1 85995
1 70487
1 87531
1 57414
1 64490
1 30663
1 86163
1 87405
1 87857
1 88820
1 76151
1 88794
1 94606
1 59649
1 37480
1 57471
1 81781
1 84845
1 42951
1 59973
1 62736
1 62278
1 91962
1 33921
1 33201
1 63678
1 36360
1 68550
1 80585
1 77630
1 58234
1 41519
1 97206
1 74827
1 82114
1 61298
1 73139
1 60067
1 43496
1 93244
1 89073
1 68019
1 78983
1 65724
1 84452
1 83470
1 69432
1 42338
1 87672
1 35227
1 67432
1 74860
1 16801
1 78446
0 2
1 45864
1 72610
1 68632
1 71638
1 26223
1 82137
1 75116
1 81976
1 89917
1 66100
1 32751
1 62783
1 69488
1 49173
1 77361
1 44149
1 59179
1 84250
1 58490
1 87659
1 93981
1 81452
1 71085
1 79202
1 96002
1 73176
1 46361
1 48340
1 97536
1 49372
1 73697
1 50712
1 69464
1 78113
1 90832
1 88577
1 70466
1 56583
1 97471
1 49468
1 92739
1 99953
1 52788
1 18345
1 70221
1 84950
1 59495
1 99865
1 75718
1 41520
1 69952
1 75291
1 65241
1 31686
1 73527
1 91738
1 64772
1 82335
1 95279
1 88184
1 32041
1 99310
1 64958
1 99034
1 91632
1 72919
1 56583
1 93306
1 91875
1 82329
1 56527
1 91871
1 80628
1 92721
1 71690
1 31817
1 88992
1 81953
1 37005
1 81474
1 46946
1 65791
1 83742
1 63313
1 97222
1 29405
1 67927
1 77352
1 30338
1 65853
1 98668
1 54510
1 17804
1 78469
1 76206
1 86991
1 29017
1 64156
1 97505
1 96422
1 30997
1 20288
1 39258
1 69557
1 47200
1 71620
1 82640
1 79397
1 65681
1 87338
1 40275
1 86470
1 84917
1 79281
1 47688
1 60849
1 84209
1 92961
1 63281
1 52795
1 91525
1 60403
1 50895
1 52664
1 95560
1 98382
1 70602
1 57493
1 93565
1 98178
1 84346
1 35436
1 99436
1 62837
1 63089
1 60723
1 49731
1 80963
1 88907
1 50778
1 83028
1 93152
1 62807
1 79653
1 78220
1 98812
1 86796
1 48364
1 94305
1 76877
1 95576
1 66911
1 71211
1 83690
1 58268
1 73563
1 83497
1 80767
1 95985
0 2
1 25189
1 76584
1 91320
1 56414
1 95406
1 81477
1 6017
1 78182
1 22417
1 75036
1 30198
1 79229
1 83464
1 35181
1 93454
1 59550
1 36584
1 94325
1 51479
1 93255
1 86923
1 12404
1 73212
1 45817
1 93243
1 91998
1 57620
1 60933
1 99024
1 44654
1 51946
1 86940
1 71455
1 58408
1 88936
1 28520
1 72988
1 16892
1 66261
1 6503
1 78824
1 87786
1 86107
1 48602
1 59553
1 93874
1 76816
1 63148
1 29667
1 94367
1 48365
1 33148
1 81505
1 84069
1 71275
1 44046
1 92571
1 10418
1 59933
1 86832
1 69115
1 62769
1 82975
1 22686
1 60582
1 30498
1 34364
1 98677
1 96061
1 34499
1 67382
1 27160
1 81850
1 48541
1 92697
1 76271
1 66403
1 26983
1 58959
1 73611
1 49340
1 56195
1 42218
1 63543
1 68185
1 63751
1 87261
1 24704
1 70923
1 67491
1 95189
1 79694
1 42322
1 83221
1 19873
1 70774
1 71297
1 95821
1 89810
1 41266
1 96335
1 61503
1 84316
1 79099
1 75068
1 32077
1 51309
1 94106
1 94111
1 47903
1 19204
1 57021
1 75155
1 93166
1 68939
1 78443
1 51513
1 81348
1 66176
1 32366
1 90142
1 90855
1 97592
1 91212
0 2
1 99264
1 57574
1 97172
1 97138
1 48980
1 85613
1 92105
1 73111
1 54541
1 82506
1 54671
1 48077
1 57711
1 94721
1 21190
1 62582
1 99835
1 96964
1 26363
1 77743
1 62547
1 44616
0 2
1 69186
1 82262
1 72387
1 72047
1 68381
1 43945
1 79923
1 78754
1 35412
1 85876
1 32365
1 60033
1 60524
1 77501
1 39519
1 88295
1 13292
1 51986
1 26357
1 98302
1 22321
1 47915
1 77433
1 58673
1 35728
1 23455
1 85860
1 45234
1 88532
1 60668
1 91615
1 96551
1 17516
1 68408
1 95206
1 85917
1 77737
1 82618
1 80632
1 20822
1 89491
1 36669
1 59973
1 92773
1 22250
1 72746
1 81791
1 52849
1 41647
1 62812
1 88912
1 73476
1 51953
1 80319
1 53405
1 86514
1 68861
1 97757
1 73801
1 80909
1 88076
1 27277
1 95479
1 90815
1 86856
1 93181
1 46262
1 24733
1 71408
1 48449
1 57122
1 86548
1 96606
1 83652
1 82970
1 88366
1 91443
1 91602
1 62222
1 46866
1 98570
1 87137
1 50154
1 92459
1 78618
1 76826
1 75577
1 62841
1 60201
1 79097
1 87913
1 36854
1 81997
1 63463
1 47045
1 53172
1 97359
1 81096
1 97290
1 60749
1 81371
1 23867
1 91897
1 55343
1 74421
1 46468
1 99088
1 21787
1 27419
1 70100
1 64668
1 39161
1 88781
1 91189
1 76138
1 71238
1 26203
1 18276
1 73215
1 93755
1 62207
1 87044
1 96246
1 74241
1 91814
1 70904
1 86762
1 75901
1 85134
1 60737
1 39266
1 92513
1 80865
1 91041
1 60815
1 72874
1 97459
1 75393
1 80032
1 77642
1 74798
1 74943
1 72023
1 59189
1 93793
1 55946
1 77786
1 71141
1 68239
1 22684
1 84280
1 63744
1 64291
1 90761
1 55023
1 57011
1 68822
1 76057
1 77182
1 41082
1 93282
1 59544
1 90634
1 63391
1 55851
1 88459
1 63746
1 69152
1 92988
1 43545
1 45579
1 49268
1 90124
1 53807
1 92075
1 60793
1 64427
1 47657
1 64424
1 56269
1 66005
1 19976
1 94654
1 93240
1 86174
1 64333
1 44827
1 87784
1 62813
1 83590
1 45208
1 71635
1 84729
1 50340
1 54402
1 28249
1 47574
1 64381
1 57258
1 14704
1 24302
1 60599
1 85374
1 73195
1 2938
1 87757
1 24302
1 65968
1 99261
1 44081
1 82211
1 11637
1 79663
1 91341
1 96258
1 49325
1 64852
1 89714
1 34576
1 28352
1 97628
1 69622
1 67253
1 59860
1 28596
1 94214
1 81716
1 49492
1 31157
1 90097
1 88972
1 95594
1 77118
1 70511
1 82785
1 85736
1 91766
1 95244
1 74541
1 71802
1 31700
1 66863
1 62323
1 99862
1 51029
1 64368
1 57477
1 81605
1 84703
1 64488
1 77721
1 36831
1 89290
1 33290
1 92146
1 57946
1 87516
1 84107
1 53049
1 75988
1 38515
1 59311
1 85484
1 98382
1 68051
1 83425
1 66168
1 60485
1 71819
1 55077
1 36854
1 87017
1 68005
1 79462
1 65763
1 95879
1 23845
1 68270
1 94426
1 79285
1 80842
1 61024
1 90790
1 85756
1 75462
1 84514
1 40326
1 13185
1 71298
1 80681
1 42482
1 95156
1 73482
1 48116
1 58004
1 43253
1 59580
1 47468
1 96117
1 76109
1 73269
1 63984
1 74069
1 53604
1 72797
1 20923
1 82459
1 70131
1 93706
1 89659
1 44322
1 99455
1 49558
1 84006
1 36792
1 57820
1 95291
1 31813
1 28954
1 51793
1 77305
1 82358
1 38060
1 42051
1 46585
1 89391
1 77156
1 98561
1 90825
1 49645
1 35589
1 54752
1 46905
1 66784
1 46077
1 78947
1 91143
1 40258
1 92558
1 58037
1 42065
1 20223
1 99697
1 77471
1 92887
1 47731
1 73429
1 90856
1 95494
1 86928
1 25678
1 79710
1 40100
1 29026
1 67894
1 92342
1 83836
1 43681
1 98307
1 41677
1 38377
1 95425
1 95117
1 89695
1 80865
1 99158
1 99378
1 63048
1 78933
1 99418
1 79901
1 78722
1 76952
1 49057
1 44080
1 43124
1 28773
1 65228
1 99086
1 51300
1 87755
1 57191
1 53469
1 57953
1 71377
1 79952
1 43908
1 40470
1 33511
1 94531
1 30695
1 19553
1 64714
1 73344
1 42322
1 65969
1 79796
1 56188
1 89620
1 65451
1 83628
1 99997
1 10090
1 66764
1 86200
1 90427
1 78280
1 61891
1 59963
1 92449
1 65248
1 60952
1 84858
1 81406
1 83984
1 77862
1 63748
1 95483
1 26172
1 71201
1 97327
1 46220
1 59842
1 53231
1 68842
1 58959
1 76736
1 66806
1 81321
1 99552
1 68321
1 99339
1 97301
1 93030
1 4907
1 96447
1 93300
1 54035
1 85670
1 82637
1 89919
1 37318
1 62540
1 79944
1 70086
1 45009
1 97354
1 21469
1 11260
1 64794
1 99049
1 89926
1 41964
1 15693
1 78324
1 69628
1 90327
1 62876
1 88434
1 20096
1 45859
1 45348
1 63176
1 92600
1 58918
1 22831
1 55943
1 55077
1 96414
1 77099
1 98602
1 80770
1 40061
1 42348
1 52941
1 61359
1 59982
1 73033
1 18839
1 73066
1 88602
1 23324
1 19969
1 37705
1 67010
1 77691
1 93131
1 20099
1 87591
1 99990
1 42458
1 88082
1 74254
1 35314
1 81187
1 67548
1 48776
1 55663
1 40578
1 76579
1 77914
1 84520
1 94851
1 60234
1 66300
1 68596
1 78973
1 72546
1 35107
1 96011
1 29458
1 60893
1 74849
1 61194
1 77380
1 69605
1 47936
1 84232
1 40640
1 37893
1 52521
1 74507
1 29962
1 42486
1 64411
1 4512
1 54661
1 97744
1 59456
1 50177
1 75831
1 87743
1 84320
1 64908
1 30193
1 67938
1 93377
1 85283
1 77501
1 96201
1 88665
1 47252
1 86683
1 80186
1 70111
1 64264
1 56134
1 49942
1 61903
1 93354
1 80635
1 68695
1 66870
1 18922
1 98789
1 99449
1 52697
1 98360
1 92041
1 58783
1 50671
1 69068
1 67996
1 64389
1 57381
1 25312
1 70814
1 49955
1 84257
1 71875
1 91138
1 87790
1 36285
1 63730
1 60505
1 59335
1 82945
1 44141
1 30138
1 86197
1 35750
1 66449
1 73084
1 89007
1 92640
1 70460
1 87619
1 86322
1 54069
1 96469
1 95311
1 99403
1 44456
1 59937
1 73165
1 72143
1 93338
1 89355
1 31808
1 71114
1 59660
1 76243
1 50975
1 24695
1 72087
1 60290
1 88431
1 27529
1 48439
1 79576
1 74133
1 26027
1 77204
1 47219
1 36056
1 81061
1 22952
1 98536
1 35410
1 47030
1 80316
1 71337
1 63062
1 88557
1 93128
1 15926
1 89951
1 80804
1 56661
1 79509
1 64632
1 89060
1 70473
1 84498
1 66431
1 31130
1 72860
1 44180
1 82051
1 83355
1 98166
1 84001
1 57197
1 84239
1 53976
1 71882
1 62906
1 84793
1 80644
1 73955
1 29746
1 42132
1 52309
1 42634
1 76922
1 84732
1 25171
1 94228
1 55121
1 61500
1 30550
1 58804
1 85748
1 42895
1 71370
1 95283
1 51436
1 75224
1 40332
1 64032
1 68885
1 52527
1 24379
1 40611
1 92590
1 99233
1 56171
1 42109
1 66795
1 97390
1 88909
1 97030
1 39227
1 68227
1 77062
1 81543
1 43523
1 51592
1 95193
1 97060
1 89748
1 46081
1 96472
1 91083
1 67773
1 81823
1 67319
1 45090
1 20017
1 75391
1 28136
1 91318
1 90829
1 29147
1 42254
1 48453
1 97424
1 89641
1 66785
1 91211
1 77534
1 74690
1 58764
1 76620
1 38649
1 82742
1 67214
1 23698
1 77036
1 71732
1 98891
1 87792
1 94715
1 79807
1 33218
1 63459
1 62925
1 88392
1 51187
1 93903
1 77989
1 47200
1 66829
1 77046
1 80556
1 64889
1 52244
1 88964
1 75168
1 67863
1 66200
1 78798
1 47869
1 72968
1 84569
1 94551
1 81296
1 67123
1 88872
1 41256
1 79096
1 71615
1 64320
1 14508
1 20541
1 67172
1 96607
1 61552
1 95455
1 75621
1 84865
1 95150
1 85482
1 78362
1 97926
1 39784
1 19953
1 77841
1 71330
1 62836
1 58037
1 59918
1 81876
1 53236
1 76061
1 78442
1 94492
1 25303
1 98429
1 63452
1 72229
1 94783
1 62963
1 20369
1 79559
1 64301
1 99173
1 69399
1 71497
1 92782
1 65644
1 98092
1 32749
1 48593
1 11639
1 37866
1 38138
1 44194
1 81470
1 61623
1 46878
1 58649
1 65533
1 91575
1 82953
1 94364
1 72520
1 53586
1 37836
1 93673
1 76910
1 82365
1 70149
1 63364
1 56184
1 70321
1 96357
1 36077
1 24175
1 97234
1 81651
1 84867
1 74163
1 60431
1 85183
1 86618
1 95935
1 93763
1 51527
1 42288
1 82394
1 9673
1 91714
1 82867
1 76530
1 61755
1 74125
1 7236
1 88758
1 92392
1 80006
1 97526
1 63574
1 40553
1 62401
1 78916
1 63500
1 54901
1 82859
1 83507
1 58021
1 28180
1 8502
1 46031
1 77214
1 76415
1 69475
1 75068
1 79618
1 77428
1 96177
1 78351
1 61558
1 31214
1 61175
1 93664
1 70415
1 19403
1 63402
1 64931
1 75888
1 94249
1 86353
1 30817
1 57045
1 21728
1 74084
1 90586
1 75441
1 81649
1 94862
1 83278
1 76384
1 41886
1 10009
1 92890
1 43216
1 11637
1 74135
1 95324
1 39950
1 98183
1 9457
1 78607
1 59067
1 52057
1 51840
1 58951
1 79610
1 94299
1 79991
1 93375
1 90321
1 69700
0 2
1 70376
1 51646
1 82369
1 96817
1 63354
1 37542
1 73065
1 79195
1 82296
1 96506
1 81247
1 84601
1 80889
1 55176
1 70349
1 72233
1 29211
1 47794
1 10006
1 62615
1 67733
1 58566
1 93094
1 57514
1 84114
1 33372
1 52795
1 90424
1 95070
1 20993
1 79640
1 89244
1 70414
1 19347
1 85392
1 77106
1 74136
1 96084
1 73890
1 94745
1 50225
1 28362
1 76042
1 61859
1 94064
1 91915
1 13337
1 38322
1 55255
1 57165
1 17729
1 92053
1 46357
1 99207
1 54079
1 41106
1 39808
1 98257
1 81970
1 29893
1 89007
1 71030
1 83865
1 32021
1 76391
1 59758
1 94082
1 94104
1 72207
1 73416
1 99854
1 96788
1 47869
1 68738
1 96914
1 41701
1 75770
1 89345
1 72650
1 80817
1 59316
1 49727
1 98480
1 37950
1 67136
1 40205
1 98632
1 68805
1 93875
1 86961
1 79818
1 65529
1 89760
1 68693
1 79624
1 74789
1 85401
1 68392
1 84975
1 64568
1 78611
1 86158
1 78807
1 34538
1 95398
1 21340
1 75112
1 79764
1 64090
1 66321
1 61077
1 66996
1 69789
1 53680
1 70285
1 56229
1 99125
1 61724
1 94362
1 76670
1 35364
1 60617
1 68726
1 19488
1 45264
1 58351
1 92978
1 82997
1 71841
1 43811
1 60809
1 31674
1 29004
1 82861
1 86646
1 32438
1 84824
1 85872
1 75125
1 96356
1 74963
1 84631
1 38544
1 37481
1 22530
1 72120
1 99397
1 90662
1 82342
1 55673
1 10177
1 54538
1 92918
1 74900
1 11137
1 97480
1 15857
1 91678
1 47172
1 69140
1 88086
1 92711
1 83154
1 94569
1 49451
1 61231
1 94432
1 56435
1 43487
1 71037
1 37976
1 58417
1 57498
1 80787
1 37156
1 35968
1 66684
1 27029
1 79459
1 72312
1 21747
1 91614
1 55822
1 81596
1 43203
1 18428
1 96388
1 58269
1 93364
1 94426
1 76630
1 33516
1 52549
1 74349
1 27774
1 70780
1 67164
1 63488
1 89539
1 81018
1 60846
1 52076
1 88571
1 79418
1 79373
1 23845
1 91937
1 82913
1 83405
1 56082
1 45170
1 68668
1 30806
1 86587
1 84325
1 24025
1 93326
1 68389
1 17726
1 98759
1 27649
1 97589
1 66213
1 74627
1 55876
1 55785
1 94338
1 63168
1 81524
1 98858
1 80892
1 79645
1 70491
1 18157
1 76322
1 67494
1 99645
1 48929
1 82429
1 36276
1 17122
1 94592
1 93315
1 77699
1 82260
1 30242
1 77539
1 70494
1 29458
1 23944
1 71538
1 65100
1 27167
1 36004
1 72279
1 70107
1 63807
1 83730
1 78338
1 81335
1 69057
1 21240
1 36481
1 26783
1 62745
1 92364
1 62332
1 99518
1 18637
1 96462
1 97000
1 70699
1 84039
1 90623
1 37126
1 44791
1 88834
1 50928
1 17380
1 57396
1 59509
1 63120
1 58734
1 82921
1 49180
1 87568
1 79316
1 72162
1 80643
1 84141
1 87092
1 77333
1 66824
1 69540
1 36269
1 92382
1 67654
1 76470
1 63074
1 89071
1 84558
1 81708
1 99939
1 76124
1 73306
1 98537
1 72718
1 95720
1 98579
1 64773
1 85450
1 59050
1 81296
1 80559
1 43977
1 98895
1 52622
1 69037
1 88978
1 85207
1 84126
1 91010
1 83381
1 72579
1 50655
1 62616
1 62721
1 34349
1 80673
1 33973
1 74896
1 96130
1 87502
1 77473
1 85901
1 91242
1 92703
1 74141
1 59937
1 95718
1 61960
1 78551
1 76667
1 84043
1 55564
1 80076
1 72454
1 91254
1 70253
1 64739
0 2
1 76762
1 48074
1 72188
1 92408
1 25369
1 58779
1 71920
1 95434
1 52959
1 92908
1 81103
1 29939
1 88409
1 64867
1 43635
1 71624
1 63093
1 69856
1 84488
1 96473
1 90259
1 58146
1 72125
1 30860
1 58282
1 22138
1 79315
1 50053
1 87339
1 56846
1 85391
1 97858
1 35802
1 32314
1 43837
1 73510
1 76381
1 65631
1 15720
1 6033
1 91232
1 48193
1 69501
1 68686
1 62038
1 49789
1 72425
1 62529
1 30920
1 76791
1 53788
1 57471
1 58131
1 94611
1 97600
1 72679
0 2
1 91545
1 85134
1 92392
1 66205
1 79731
1 84001
1 92064
1 63995
1 94270
1 71910
1 93266
1 89859
1 94907
1 80858
1 15459
1 28246
1 85150
1 44291
1 90292
1 43104
1 96715
1 53895
1 98096
1 77976
1 89987
1 23685
1 74576
1 35522
1 33186
1 72527
1 65742
1 22260
1 75120
1 87653
1 98332
1 28470
1 37445
1 57373
1 92543
1 96183
1 96846
1 69138
1 86749
1 33719
1 94565
1 63170
1 33489
1 73471
1 98186
1 39584
1 95676
1 76579
1 42250
1 97811
1 78105
1 49328
1 50700
1 46289
1 96586
1 51137
1 79465
1 56669
1 58900
1 66855
1 84579
1 53529
1 71268
1 80851
1 74150
1 79808
1 49463
1 96379
1 87019
1 62446
1 46672
1 49478
1 42311
1 37989
1 29633
1 93766
1 83455
1 46595
1 85156
1 73700
1 54490
1 88240
1 57612
1 34419
1 75337
1 18120
1 56155
1 86121
1 87315
1 88293
1 82265
1 85324
1 98912
1 73689
1 53234
1 73779
1 47933
1 38996
1 42716
1 81195
1 59785
1 37312
1 51500
1 50850
1 64952
1 33663
1 88032
1 82949
1 75281
1 93037
1 67200
1 79817
1 30365
1 86429
1 84954
1 19763
1 70965
1 62437
1 50416
1 95777
1 82893
1 57279
1 68364
1 90637
1 84289
1 82043
1 92958
1 48708
1 66142
1 78802
1 45819
1 73155
1 90369
1 74273
1 6776
1 51044
1 85363
1 66998
1 83508
1 87086
1 85892
1 75054
1 38334
1 17400
1 51230
1 57629
1 97099
1 83792
1 68147
1 30718
1 80020
1 40285
1 70832
1 97599
1 96772
1 40427
1 98687
1 39202
1 19713
1 66375
1 60597
1 64802
1 99067
1 83580
1 30752
1 78098
1 99669
1 80249
1 63352
1 4516
1 91438
1 58786
1 75908
1 83200
1 98605
1 59496
1 17196
1 84298
1 69028
1 49242
1 80140
1 98175
1 83115
1 21494
1 72722
1 13693
1 63636
1 68888
1 38117
1 38038
1 25225
1 88736
1 35595
1 63442
1 37394
1 36780
1 47102
1 73592
1 97253
1 47343
1 99280
1 32790
1 79618
1 70742
1 47216
1 6948
1 77875
1 39932
1 80593
1 73955
1 75401
1 98754
1 77561
1 38635
1 37292
1 54939
1 61346
1 42678
1 96310
1 69435
1 73579
1 53370
1 59486
1 66234
1 98044
1 66965
1 9545
1 28548
1 94992
1 40208
1 82075
1 74713
1 57081
1 75901
1 66013
1 58522
1 88975
1 91821
1 38520
1 92644
1 79699
1 86616
1 81392
1 77313
1 93988
1 19265
1 40003
1 54889
1 29434
1 32769
1 77706
1 92212
1 85262
1 96164
1 66916
1 25147
1 21770
1 37203
1 95854
1 90062
1 42926
1 99484
1 90498
1 98772
1 76350
1 42105
1 95928
1 58174
1 38595
1 86467
1 66501
1 94048
1 45571
1 64096
1 97540
1 90462
1 76297
1 23702
1 30179
1 50320
1 40532
1 49028
1 97305
1 64431
1 77097
1 50552
1 23444
1 83046
1 60429
1 97472
1 91531
1 89277
1 32404
1 67038
1 47416
1 66205
1 60015
1 9781
1 92759
1 41870
1 95761
1 25658
1 15230
1 93607
1 77735
1 43138
1 44301
1 89786
1 92490
1 70645
1 48242
0 2
1 76898
1 78949
1 96939
1 96737
1 82063
1 76620
1 59405
1 77783
1 84652
1 99116
1 66261
1 85477
1 80462
1 56056
1 82413
1 61537
1 75521
1 51286
1 65955
1 95823
1 45819
1 98582
1 61473
1 78111
1 30508
1 83628
1 88943
1 53934
1 72582
1 23928
1 84422
1 59043
1 88889
1 10491
1 87457
1 85463
1 28470
1 67726
1 72858
1 46583
1 79811
1 76373
1 77314
1 84332
1 55511
1 89110
1 28393
1 72258
1 88900
1 95586
1 97814
1 87342
1 53600
1 74220
1 61961
1 44801
1 22133
1 48390
1 97362
1 62800
1 72620
1 49297
1 80888
1 31186
1 34326
1 44422
1 82484
1 89313
1 66686
1 76733
1 80470
1 97675
1 93378
1 96079
1 37293
1 59661
1 61739
1 88545
1 33378
1 70644
1 77247
1 99477
1 42524
1 71028
1 98657
1 30744
1 45665
1 98170
1 51572
1 84904
1 86691
1 74976
1 80646
1 57215
1 28113
1 61932
1 74149
1 95519
1 45880
1 98721
1 50427
1 44350
1 57568
1 97050
1 40722
1 25662
1 99034
1 69187
1 66050
1 48325
1 68902
1 52326
1 79587
1 32749
1 76029
1 26516
1 89195
1 81751
1 24797
1 65696
1 84341
1 97202
1 42461
1 84155
1 57768
1 12405
1 76709
1 85020
1 80968
1 96063
1 39655
1 60999
1 95047
1 89232
1 48332
1 84574
1 99024
1 43854
1 72271
1 71169
1 63525
1 22023
1 24802
1 35072
1 86782
1 93258
1 6019
1 88545
1 87013
1 92023
1 96270
1 99197
1 98547
1 72348
1 66569
1 40721
1 83324
1 64242
1 81187
1 25729
1 92600
1 64107
1 63339
1 46277
1 63549
1 39837
1 74753
1 61614
1 96543
1 91213
1 65330
1 77550
1 42149
1 87112
1 93595
1 92945
1 43962
1 77426
1 16317
1 70998
1 58341
1 77334
1 32045
1 74753
1 55755
1 58286
1 84900
1 71460
1 97285
1 90657
1 71423
1 91365
1 82040
1 41981
1 40665
1 56717
1 95983
1 82838
1 94693
1 48314
1 88281
1 93881
1 38254
1 42961
1 14308
1 96811
1 78748
1 61171
1 55522
1 56701
1 68660
1 73030
1 64950
1 95764
1 67716
1 84308
1 73908
1 84329
1 91181
1 78584
1 90393
1 90273
1 97901
1 76750
1 69016
1 45418
1 96974
1 45110
1 93667
1 87802
1 97967
1 76903
1 53047
1 87218
1 90693
1 30063
1 63343
1 48326
1 89205
1 69225
1 58695
1 80957
1 58341
1 77189
1 61436
1 97700
1 69535
1 26589
1 57504
1 61676
1 77072
1 77491
1 37430
1 20032
1 83379
1 81577
1 66944
1 89749
1 59742
1 86210
1 68219
1 52891
1 27152
1 81081
1 78028
1 74173
1 76714
1 68047
1 97140
1 97374
1 89675
1 58741
1 64462
1 75851
1 53865
1 96416
1 15261
1 92199
1 91571
1 52756
1 54774
1 68502
1 99367
1 57646
1 33878
1 12496
1 30213
1 28130
1 82723
1 48933
1 61230
1 48283
1 93913
1 77635
1 78573
1 40422
1 67959
1 95489
1 66358
1 53073
1 4685
1 42161
1 99908
1 31079
1 96881
1 57271
1 58245
1 98583
1 93308
1 32439
1 96712
1 39304
1 58938
1 94355
1 78258
1 98959
1 56592
0 2
1 28472
1 36209
1 70362
1 24994
1 88411
1 65660
1 80258
1 82409
1 31166
1 52365
1 96914
1 99878
1 45597
1 93601
1 94817
1 89639
1 98336
1 92076
1 19921
1 26210
1 13067
1 99542
1 49089
1 73368
1 61408
1 73890
1 78457
1 92319
1 85499
1 97046
1 84911
1 76429
1 75997
1 98837
1 56372
1 66269
1 73603
1 73984
1 23520
1 62089
1 96561
1 95682
1 30560
1 55663
1 83036
1 55730
1 62030
1 79546
1 47400
1 92472
1 89232
1 82090
1 76416
1 53812
1 81814
1 48585
1 93729
1 85456
1 33744
1 46113
1 16735
1 59114
1 96411
1 34325
1 55750
1 55282
1 72553
1 64688
1 98503
1 76641
1 68148
1 86176
1 92374
1 83221
1 33494
1 51777
1 78046
1 38011
1 91181
1 65436
1 75831
1 92822
1 64849
1 85865
1 51918
1 68094
1 62337
1 68097
1 61584
1 26513
1 79372
1 95303
1 61992
1 96099
1 12967
1 91955
1 23856
1 70935
1 17686
1 54575
1 84015
1 89300
1 81393
1 64579
1 76624
1 79395
1 50335
1 78581
1 64553
1 42780
1 73785
1 65015
1 59782
1 93454
1 73786
1 98209
1 77621
1 90633
1 93954
1 48839
1 82358
1 13594
1 35000
1 88938
1 56780
1 66412
1 62070
1 94347
1 58470
1 64969
1 78499
1 63173
1 48105
1 85892
1 67718
1 8558
1 72773
1 55121
1 66963
1 77412
1 91774
1 82722
1 22393
1 88721
1 79389
1 20363
1 89393
1 15796
1 85029
1 51152
1 64430
1 88251
1 52118
1 95893
1 36974
1 20176
1 95045
1 91326
1 92365
1 99081
1 88595
1 62723
1 58479
1 89670
1 66884
1 60465
1 87096
1 85890
1 27521
1 50305
1 43574
1 48103
1 78373
1 73290
1 69248
1 67495
1 87142
1 97242
1 43970
1 87199
1 91823
1 75754
1 42321
1 88249
1 63071
1 89015
1 97055
1 93295
1 82310
1 91238
1 67073
1 29397
1 75479
1 55281
1 92526
1 61638
1 29867
1 44539
1 94001
1 82368
1 43757
1 48105
1 43009
1 54852
1 70147
1 93578
1 98757
1 66521
1 69723
1 84425
1 98339
1 94392
1 83636
1 82829
1 60312
1 79550
1 81198
1 88053
1 87296
1 35287
1 94468
1 80973
1 79906
1 84492
1 23158
1 22485
1 60206
1 88297
1 69630
1 25312
1 44185
1 53341
1 55050
1 88382
1 70354
1 86806
1 28754
1 62770
1 38993
1 85079
1 54791
1 64717
1 67103
1 65389
1 92536
1 79541
1 10467
1 69151
1 47103
1 82836
1 24898
1 76199
1 76428
1 71765
1 68146
1 59882
1 83338
1 98095
1 55153
1 66417
1 50899
1 23317
1 35129
1 42484
1 90017
1 96313
1 92016
1 57092
1 65379
0 2
1 57853
1 45208
1 24729
1 40362
1 95033
1 58524
1 23845
1 75157
1 76764
1 95810
1 56621
1 33765
1 75173
1 95016
1 70118
1 18428
1 55067
1 91557
1 35736
1 85806
1 84871
1 59681
1 81245
1 79469
1 51115
1 25189
1 89284
1 97288
1 83310
1 91005
1 57956
1 51392
1 57393
1 47257
1 87942
1 63045
1 90423
1 45643
1 85047
1 75274
1 71817
1 99021
1 91727
1 88557
1 96366
1 61063
1 52106
1 59826
1 7146
1 87004
1 76521
1 95917
1 50845
1 58538
1 97275
1 97241
1 53062
1 76832
1 92578
1 87954
1 22575
1 74907
1 82666
1 20859
1 98206
1 67562
1 90112
1 71690
1 9257
1 24299
1 59260
1 37147
1 12032
1 31745
1 32970
1 95229
1 43261
1 17960
1 72282
1 59181
1 65934
1 38850
1 96459
1 68899
1 97123
1 26970
1 68147
1 56038
1 53765
1 68249
1 96540
1 40495
1 49545
1 53205
1 61148
1 93927
1 23265
1 44461
1 24820
1 55488
1 86086
1 87569
1 78445
1 40196
1 99262
1 29856
1 44646
1 95348
1 47602
1 71596
1 68683
1 92000
1 96624
1 79883
1 71148
1 95749
1 69442
1 31106
1 40612
1 70152
1 81218
1 88104
1 69368
1 90003
1 43484
1 38025
1 36980
1 90288
1 57133
1 45244
1 44681
1 40548
1 67207
1 55670
1 33583
1 67609
1 71917
1 79296
1 56848
1 41646
1 72408
1 46827
1 94872
1 43155
1 62036
1 39808
1 25324
1 39565
1 56137
1 49924
1 82143
1 15075
1 59910
1 73602
1 43591
1 79699
1 82895
1 24451
1 67268
1 68944
1 16818
1 27046
1 51998
1 30525
1 40732
1 67728
1 93287
1 98215
1 84470
1 80772
1 91906
1 92799
1 5183
1 36358
1 42043
1 87373
1 75529
1 36002
1 72733
1 93885
1 55925
1 41256
1 65482
1 82674
1 23546
1 32817
1 80930
1 83469
1 53486
1 84818
1 51731
1 53850
1 18325
1 81613
1 38161
1 95926
1 29180
1 74717
1 78283
1 41606
1 74240
1 41615
1 87395
1 91801
1 64689
1 39911
1 67282
1 92534
1 58556
1 88413
1 87719
1 57469
1 72472
1 76511
1 92404
1 65887
1 92580
1 6341
1 50446
1 75244
1 83146
1 69051
1 77509
1 67590
1 75449
1 63543
1 77268
1 91247
1 80580
1 96433
1 87955
1 91428
1 94999
1 85162
1 9118
1 47400
1 70308
1 58168
1 75108
1 61358
1 55623
1 41526
1 72802
1 56586
1 70929
1 31956
1 42469
1 56556
1 70320
1 98170
1 83427
1 82154
1 51717
1 85840
1 90272
1 95758
1 94575
0 2
1 95591
1 87623
1 98342
1 73712
1 34087
1 98048
1 16449
1 96358
1 90966
1 42979
1 88614
1 56650
1 96543
1 95365
1 83611
1 44127
1 72014
1 87475
1 95472
1 78095
1 54995
1 68331
1 55074
1 57554
0 2
1 99857
1 90502
1 91652
1 49554
1 83356
1 47945
1 27176
1 92394
1 63436
1 98341
1 56906
1 71893
1 87200
1 69236
1 33353
1 27788
1 54316
1 75521
1 5279
1 46664
1 90958
1 96592
1 87948
1 60451
1 62599
1 95807
1 69263
1 94800
1 87853
1 74803
1 76464
1 79707
1 77081
1 55699
1 64954
1 59451
1 85027
1 94759
1 48148
1 75003
1 41209
1 82811
1 87234
1 85808
1 86399
1 55373
1 70633
1 47489
1 95011
1 65930
1 80514
1 56787
1 99291
1 87370
1 59755
1 51751
1 83235
1 91058
1 54221
1 61417
1 34579
1 97072
1 72348
1 76318
1 87731
1 24242
1 8126
1 17848
1 33220
1 4389
1 88335
1 21343
1 40832
1 45666
1 64341
1 74651
1 88009
1 97240
1 13030
1 96842
1 83883
1 66000
1 74538
1 49149
1 29928
1 85442
1 79066
1 44518
1 85894
1 92858
1 53731
1 85596
1 29763
1 76254
1 86922
1 94096
1 60666
1 78239
1 92270
1 88797
1 44446
1 10958
1 87791
1 59554
1 91049
1 89122
1 45331
1 64825
1 9347
1 44845
1 93212
1 37862
1 69425
1 78891
1 93922
1 83879
1 91134
1 20407
1 28757
1 90475
1 80023
1 54175
1 81876
1 69113
1 26516
1 80869
1 98019
1 33398
1 40067
1 73559
1 22309
1 60743
1 88927
1 73438
1 59398
1 96775
1 28134
1 62308
1 31962
1 84685
1 37740
1 86549
1 45694
1 91208
1 71817
1 80135
1 73888
1 58692
1 60276
1 43804
1 88589
1 88218
1 88424
1 55203
1 70935
1 20407
1 38980
1 2654
1 47773
1 64233
1 83397
1 82676
1 71758
1 66518
1 83395
1 19488
1 63407
1 83864
1 37606
1 79288
1 60649
1 84286
1 98649
1 34901
1 58343
1 58983
1 72223
1 33019
1 35396
1 44820
1 57700
1 43302
1 55067
1 87430
1 37239
1 69630
1 95501
1 95877
0 2
1 59189
1 84032
1 38302
1 92374
1 82725
1 96606
1 94166
1 95762
1 69159
1 87014
1 72661
1 49718
1 91147
1 32346
1 86323
1 76658
1 99436
1 51392
1 77635
1 66926
1 52960
1 64953
1 63021
1 83976
1 31599
1 73627
1 66426
1 87148
1 89933
1 76970
1 12186
1 68223
1 86640
1 93791
1 79892
1 60121
1 24683
1 95851
1 16940
1 37719
1 98089
1 86635
1 21564
1 98874
1 34996
1 71268
1 86773
1 22246
1 65015
1 96229
1 77005
1 85386
1 46932
1 98891
1 79170
1 89694
1 60801
1 53013
1 67846
1 42062
1 69242
1 78433
1 72610
1 41658
1 72936
1 71225
1 48843
1 19098
1 86718
1 56424
1 48221
1 98548
1 66062
1 41373
1 89904
1 94149
1 28891
1 50515
1 82719
1 51639
1 71571
1 96137
0 2
1 60281
1 22702
1 88462
1 87854
1 59456
1 20016
1 43898
1 73219
1 91193
1 99334
1 89807
1 97487
1 37692
1 81234
1 43918
1 56841
1 88664
1 42851
1 63535
1 62309
1 27696
1 78399
1 66606
1 31047
1 30221
1 76877
1 72154
1 79232
1 87225
1 91482
1 99334
1 89568
1 66038
1 11637
1 96792
1 34462
1 48695
1 42198
1 87050
1 99402
1 55898
1 73257
1 90097
1 76957
1 99817
1 6551
1 34818
1 78776
1 97714
1 98777
1 76556
1 39989
1 58773
1 66995
1 69932
1 89745
1 77945
1 73429
1 85043
1 18392
1 82394
1 52828
1 75103
1 22992
1 79534
1 31618
1 85812
1 95679
1 38451
1 83392
1 73997
1 85609
1 78081
1 76851
1 46615
1 82936
1 85129
1 33138
1 89010
1 84396
1 64327
1 93414
1 68530
1 80200
1 28543
1 88765
1 70494
1 9172
1 79736
1 70379
1 89260
1 82708
1 89502
1 95456
1 43700
1 31276
1 91853
1 66996
1 52681
1 85109
1 98265
1 41228
1 79284
1 81562
1 46454
1 35138
1 95468
1 85731
1 69467
1 78157
1 92675
1 86615
1 53386
1 25103
0 3
1 52960
1 26122
1 45172
1 89579
1 96665
1 82298
1 81236
1 19803
1 38263
1 79237
1 95766
1 55849
1 39273
1 78825
1 84356
1 71497
1 81301
1 57230
1 76784
1 89941
1 71016
1 99491
1 89399
1 80562
1 60631
1 30627
1 39810
1 91656
1 84956
1 72569
1 13317
1 99615
1 49420
1 22609
1 88615
1 97619
1 37060
1 20390
1 95298
1 43606
1 99391
1 66255
1 58532
1 28171
1 78468
1 94010
1 66196
1 87002
1 20034
1 46954
1 75699
1 66100
1 34050
1 97459
1 92458
1 80843
1 90341
1 99874
1 66193
1 82495
1 79483
1 87091
1 93600
1 10648
1 97281
1 63224
1 93765
1 80230
1 33581
1 90175
1 38637
1 79886
1 76894
1 70325
1 92626
1 82996
1 62680
0 2
1 55331
1 53212
1 93091
1 27380
1 81945
1 93632
1 87603
1 38511
1 97750
1 80029
1 66900
1 87897
1 60086
1 36878
1 74239
1 96119
1 53895
1 75110
1 62332
1 10316
1 47666
1 91192
1 52155
1 71620
1 92343
1 62667
1 57708
1 31256
1 72822
1 52898
1 67324
1 28150
1 90884
1 63837
1 95359
1 17686
1 88908
1 50889
1 96968
1 95608
1 36817
1 49336
1 53301
1 75958
1 89205
1 26691
1 41721
1 97549
1 51552
1 92654
1 99251
1 69003
1 75034
1 32497
1 80032
1 21298
1 82506
1 72319
1 75560
1 79219
1 94167
1 18069
1 26159
1 89620
1 97852
1 89645
1 85974
1 95152
1 98748
1 65977
1 91087
1 51873
1 73133
1 77927
1 98634
1 29489
1 52538
1 69472
1 48587
1 39268
1 75280
1 28880
1 96993
1 58641
1 66159
1 91729
1 90838
1 95534
1 47947
1 93372
1 22962
1 77092
1 88725
1 98970
1 41460
1 58947
1 35398
1 50262
1 48091
1 54861
1 54422
1 83040
1 25390
1 90956
1 62807
1 70836
0 2
1 76225
1 91873
1 84564
1 31507
1 71071
1 93005
1 59762
1 60566
1 88190
1 64924
1 96701
1 9850
1 57999
1 77768
1 49173
1 95202
1 43617
1 63838
1 89128
1 86501
1 84609
1 59393
1 92633
1 74658
1 97174
1 88936
1 51151
1 79116
1 32416
1 78498
1 82069
1 55569
1 72643
1 11125
1 65597
1 79922
1 66583
1 89087
1 70880
1 79836
1 65126
1 83026
1 30249
1 86267
1 50210
1 64263
1 87868
1 47263
1 73236
1 20596
1 88879
1 24228
1 83990
1 57508
1 39816
1 17207
1 75320
1 77635
1 41639
1 54848
1 91265
1 18498
1 99077
1 29486
1 62923
1 88853
1 48707
1 42248
1 34969
1 50188
1 24875
1 91447
1 87027
1 69518
1 49897
1 63863
1 90292
1 18940
1 96771
1 91157
1 82517
1 61384
1 51638
1 68045
1 77021
1 97560
1 90246
1 74845
1 98548
1 74558
1 86841
1 40526
1 57434
1 48534
1 56061
1 74363
1 53354
1 97191
1 91933
1 72391
1 48591
1 71321
1 54015
1 45459
1 75869
1 64132
1 94000
1 62365
1 92005
1 39113
1 78410
1 71509
0 2
1 76853
1 50451
1 72856
1 73999
1 28157
1 26519
1 53826
1 89152
1 29198
1 98327
1 14755
1 30603
1 62800
1 41547
1 63744
1 37857
1 94829
1 95682
1 38039
1 44977
1 98684
1 92611
1 54537
1 91627
1 69054
1 91613
1 17729
1 36002
1 73181
1 85075
1 89186
1 52865
1 88252
1 38452
1 61494
1 90895
1 77927
1 52723
1 98549
1 20463
1 78567
1 3378
1 95723
1 22639
1 84573
1 90281
1 72497
1 76577
1 30867
1 23662
1 72976
1 91951
1 87983
1 81801
1 99365
1 54256
1 72378
1 76977
1 40455
1 67630
1 68142
1 58857
1 55986
1 60928
1 23338
1 69882
1 75810
1 86451
1 60433
1 72429
1 47628
1 95077
1 38880
1 40800
1 92267
1 81740
1 45873
1 58531
1 81904
1 85623
1 34348
1 99993
1 49645
1 63244
1 85611
1 26175
1 65526
1 90259
1 40828
1 53788
1 87513
1 60162
1 51891
1 88132
1 90844
1 25824
1 99419
1 18897
1 60319
1 46084
1 68591
1 69548
1 57439
1 10186
1 67259
1 74874
1 76144
1 37147
1 60067
1 67831
1 77142
1 71271
1 80745
1 54586
1 41681
1 41872
1 33732
1 93873
1 91373
1 44729
1 84390
1 81876
1 90971
1 82378
1 28042
1 69774
1 81668
1 84239
1 16307
1 95795
1 78431
1 82375
1 90844
1 95963
1 51384
1 5022
1 63718
1 77703
1 31034
0 2
1 79412
1 70734
1 50016
1 79986
1 95860
1 68143
1 55075
1 70845
1 35839
1 63526
1 29107
1 86509
1 72907
1 91977
1 71949
1 86461
1 36930
1 95885
1 75567
1 57611
1 93031
1 16101
1 91079
1 95949
1 50063
1 94534
1 53306
1 27138
1 65983
1 99774
1 97172
1 17287
1 68545
1 52916
1 98202
1 90595
1 48949
1 71179
1 81491
1 23740
1 65686
1 97601
1 57214
1 90492
1 64770
1 64585
1 31929
1 52073
1 90919
1 94575
1 36948
1 85395
1 72163
1 74488
1 86458
1 51173
1 47805
1 39785
1 57560
1 94705
1 54504
1 62885
1 83628
1 41440
1 85460
1 47304
1 94241
1 60991
1 34969
1 60795
1 74799
1 26741
1 57836
1 59492
1 69520
1 67587
1 42423
1 79290
1 67432
1 34050
1 88997
1 60215
1 89019
1 65901
1 80332
1 40529
1 43502
1 3481
1 15523
1 94607
1 76750
1 49165
1 30829
1 22959
1 96524
1 87948
1 48118
1 85757
1 85698
1 64685
1 56045
1 41723
1 72091
1 83430
1 97499
1 98576
1 36490
1 89200
1 27043
1 91768
1 83518
1 78050
1 41159
1 99818
1 96435
1 83225
1 88778
1 97290
1 47314
1 47549
1 72313
1 49476
1 46398
1 36270
1 75070
1 61000
1 56550
1 94047
1 95119
1 47151
1 99212
1 94157
1 53423
1 94106
1 82259
1 80961
1 47203
1 65123
1 29007
1 75066
1 44336
1 48095
1 78863
1 86974
1 90313
1 73504
1 95575
1 68464
1 49294
1 89979
1 42860
1 93011
1 91458
1 82308
1 45516
1 81268
1 93603
1 81204
1 98272
1 39062
1 37869
1 50092
1 49574
1 65170
1 63820
1 95389
1 99716
1 72771
1 8014
1 56961
1 60649
1 25678
1 56931
1 27302
1 59893
1 5671
1 91056
1 59161
1 70044
0 2
1 50350
1 69543
1 65635
1 37746
1 88893
1 53085
1 65794
1 32450
1 73660
1 99626
1 67158
1 74538
1 52218
1 7352
1 76051
1 52520
1 68227
1 58051
1 85503
1 34083
1 51435
1 57908
1 89915
1 59890
1 73018
1 95044
1 92745
1 97543
1 93733
1 69980
1 80174
1 69340
1 57592
1 58173
1 55080
1 21551
1 88033
1 90690
1 84176
1 62438
1 55354
1 47079
1 99927
1 66405
1 11213
1 34372
1 66445
1 49708
1 52687
1 73493
1 71276
1 74151
1 58315
1 68107
1 14851
1 99545
1 70759
1 81213
1 60288
1 85830
1 28594
1 84430
1 79911
1 38452
1 50405
0 2
1 41670
1 74284
1 32031
1 4246
1 9314
1 33232
1 39871
1 95706
1 92498
1 87517
1 42828
1 85691
1 96650
1 51681
1 56708
1 95951
1 95500
1 59423
1 56262
1 84592
1 75897
1 94184
1 66355
1 76620
1 52427
1 45857
1 79258
1 99851
1 43793
1 86074
1 47388
1 13944
1 63924
1 83192
1 94308
1 92882
1 16104
1 77051
1 49953
1 61411
1 82181
1 60254
1 65686
1 83556
1 90029
1 83932
1 79260
1 41024
1 51065
1 46077
1 23425
1 97579
1 42565
1 59705
1 99057
1 36350
1 97370
1 36541
1 86919
1 53422
1 82239
1 68353
1 56428
1 90079
1 20868
1 57658
1 92221
1 92134
1 80785
1 87283
1 86977
1 81992
1 55825
1 36269
1 67245
1 58709
1 52736
1 81471
1 81612
1 91606
1 71310
1 95410
1 52925
1 99684
1 50985
1 47103
1 82446
1 47920
1 94431
1 93681
1 62120
1 83639
1 78185
1 89305
1 92942
1 10712
1 64022
1 64422
1 83841
1 94885
1 96684
1 46262
1 68482
1 73656
1 58703
1 70440
1 72336
1 74099
1 27411
1 44791
1 90785
1 79711
1 88183
1 85128
1 44110
1 93521
1 90130
1 84439
1 43694
1 64507
1 96008
1 70093
1 64327
1 49634
1 83856
1 70767
1 97929
1 37681
1 5533
1 98142
1 95247
1 77181
1 78256
1 69852
1 58418
1 80794
1 77529
1 91886
1 22844
1 94009
1 53764
1 69539
1 69885
1 73941
1 82232
1 20822
1 55189
1 93254
1 58803
1 71077
1 47641
1 42066
1 45074
1 52986
1 70501
1 60869
1 24481
1 62742
1 94853
1 37199
1 99031
1 29019
1 60158
1 70778
1 62586
1 52731
1 30398
1 68030
1 44138
1 92096
1 95910
1 96173
1 82416
1 65929
1 20045
1 97962
1 77552
1 57929
1 80701
1 75366
1 70137
1 45631
1 98334
1 50245
1 74503
1 92636
1 23263
1 54293
1 53420
1 52461
1 98792
1 98223
1 96054
1 42458
1 94172
1 53655
1 56412
1 68071
1 99632
1 93151
1 98451
1 70233
1 98556
1 72933
1 59408
1 42899
1 69835
1 92766
0 2
1 51151
1 31520
1 60467
1 73975
1 86336
1 94294
1 71994
1 36161
1 91481
1 87496
1 52396
1 74343
1 70660
1 76623
1 43329
1 67096
1 28696
1 87418
1 98076
1 98145
1 71819
1 69743
1 82880
1 48572
1 51676
1 20633
1 43453
1 55726
1 96856
1 91448
1 61968
1 77738
1 7978
1 50868
1 40572
1 69438
1 53144
1 70795
1 93959
1 97106
1 66450
1 69782
1 76810
1 79228
1 66689
1 97605
1 49549
1 43803
1 74480
1 64143
1 20156
1 88501
1 49924
1 78852
1 96792
1 99489
1 73342
1 93043
1 30107
1 31753
1 96014
1 73327
1 44426
1 44416
1 88747
1 52331
1 42653
1 91034
1 42929
1 75251
1 62735
1 56667
1 88908
1 77174
1 95345
1 88783
1 79299
1 86341
1 53605
1 47262
1 63296
1 77975
1 55089
1 68029
1 84718
1 33090
1 17594
1 65468
1 54618
1 96007
1 38662
1 51175
1 90278
1 76018
1 59056
1 92216
1 90977
1 94227
1 83082
1 97045
1 82540
1 78256
1 89190
1 83405
1 58901
1 67884
1 89025
1 84832
1 44111
1 51791
1 91788
1 81160
1 89391
1 9885
1 75873
1 42612
1 33210
1 43447
1 23761
1 75036
1 19309
1 85579
1 99094
1 63684
1 35645
1 87143
1 99082
1 42766
1 52155
1 87721
1 12953
1 96448
1 68046
1 68793
1 74538
1 23123
1 72541
1 89110
1 41645
1 27118
1 41837
1 83241
1 13557
1 80337
1 74591
1 51860
1 47461
1 49665
1 94886
1 31807
1 99836
1 88424
1 60911
1 10720
1 49902
1 39483
1 22307
1 71513
1 96772
1 99306
1 96377
1 50405
1 42666
1 40026
1 16801
1 82715
1 75473
1 78014
1 94874
1 66848
1 42458
1 98230
1 7410
1 68512
1 32746
1 16422
1 96162
1 62988
1 48432
1 98456
1 80168
1 69312
1 55409
1 98936
1 82907
1 89132
1 71960
1 52685
1 82278
1 48693
1 46077
1 91303
1 98935
1 96478
1 97081
1 80446
1 83662
1 16167
1 48638
1 46378
1 56892
1 44215
1 68665
1 72317
1 76322
1 85167
1 80191
1 89446
1 65227
1 81039
1 99149
1 26010
1 24678
1 74241
1 96297
1 78607
1 75952
1 95655
1 89320
1 90093
1 23422
1 47749
1 81733
1 88486
1 71649
1 90150
1 81071
1 87166
1 68653
1 28963
1 93355
1 32446
1 40131
1 97402
1 89526
1 28173
1 98200
1 39056
1 35879
1 69851
1 83196
1 81330
1 68737
1 69753
1 97339
1 72633
1 87363
1 61316
1 79766
1 25426
1 89021
1 36127
1 56409
1 90060
1 84207
1 33112
1 51850
1 59183
1 88027
1 80457
1 60433
1 63966
1 53523
1 49209
1 72915
1 88092
1 21596
1 50738
1 81200
1 99087
1 65528
1 96328
1 61287
1 60174
1 20359
1 75204
1 41626
1 93052
1 66774
1 37789
1 48289
1 84744
1 99961
1 48805
1 77927
1 64811
1 95309
1 76620
1 66178
1 79944
1 37832
1 11793
1 98990
1 39584
1 91528
1 54114
1 44633
1 86493
1 67695
1 68992
1 57780
1 60166
1 47679
1 88030
1 83861
1 43844
1 80373
1 56444
1 82512
1 71972
1 91417
1 41149
1 72175
1 63956
1 81996
1 50029
1 39288
1 55610
1 73755
1 20697
1 87708
1 92573
1 78937
1 76434
1 88148
1 84713
1 84704
1 97687
1 70460
1 85479
1 85023
1 63269
1 83005
1 56480
1 81275
1 79137
1 95070
1 57882
1 63024
1 50089
1 59814
1 44152
1 70322
1 74945
1 54768
1 78579
1 78032
1 14845
1 69004
1 97946
1 99022
1 96288
1 11617
1 91350
1 66291
1 50288
1 93688
1 84891
1 87770
1 98655
1 98632
1 52654
1 74540
1 92114
1 19953
1 88384
1 46945
1 67020
1 54104
1 51206
1 34790
1 22351
1 76394
1 94054
1 74693
1 82091
1 49888
1 50558
1 62715
1 60807
1 99718
1 87911
1 78282
1 55531
1 72085
1 96728
1 96225
1 49104
1 68315
0 2
1 23108
1 97731
1 69211
1 87879
1 82868
1 44831
1 97236
1 93234
1 25171
1 83747
1 78146
1 33626
1 31758
1 61231
1 40173
1 45039
1 65495
1 80644
1 56593
1 89607
1 92005
1 66322
1 82638
1 38283
1 91380
1 73861
1 45525
1 41362
1 88341
1 42716
1 61972
1 97272
1 72099
1 59563
1 85956
1 50899
0 3
1 96048
1 44960
1 49287
1 25103
1 23717
1 26095
1 27012
1 21240
1 91035
1 84842
1 56251
1 54998
1 92260
1 95970
1 58873
1 98035
1 68220
1 98918
1 41056
1 64524
1 77129
1 67710
1 28882
1 51927
1 85133
1 63811
1 46590
1 94616
1 41311
1 94253
1 49353
1 69464
1 97109
1 67757
1 96926
1 46097
1 49639
1 95945
1 81835
1 37158
1 28019
1 39330
1 57459
1 64161
1 93723
1 69774
1 98644
1 91321
1 84528
1 21494
1 72371
1 49744
1 92103
1 32569
1 84658
1 68640
1 95944
1 93225
1 85171
1 35934
1 82705
1 87442
1 65920
1 3354
1 58772
1 53728
1 42920
1 64805
1 28533
1 53108
1 88379
1 99481
1 67032
1 79027
1 52136
1 87519
1 78094
1 82665
1 56253
1 88070
1 96330
1 87354
1 83363
1 78952
1 80535
1 52697
1 76289
1 56439
1 63743
1 73599
1 37588
1 51752
1 40245
1 77510
1 94082
1 84789
1 12748
1 85480
1 38622
1 93819
1 95535
1 55599
1 63658
1 79920
1 90071
1 60863
1 15242
1 46440
1 73139
1 42445
1 90932
1 94634
1 42450
1 96499
1 45952
1 82210
1 86459
1 34303
1 79631
1 94604
1 50861
1 91631
1 63136
1 75933
1 87136
1 17868
1 96876
1 63348
1 94666
1 68190
1 92556
1 64315
1 7363
1 46139
1 73682
1 96282
1 67971
1 53586
1 23006
1 94184
1 61545
1 26753
1 42399
1 63229
1 85986
1 98200
1 43062
1 86799
1 20048
1 86593
1 95681
1 66842
1 58796
1 52387
1 38302
1 70512
1 88583
1 99806
1 32417
1 96704
1 69440
1 85849
1 80421
1 93550
1 51056
1 69473
1 76340
1 30910
1 20445
1 99348
1 73947
1 56961
1 97401
1 96281
1 33486
1 84281
1 51967
1 70408
1 85342
1 75014
1 97093
1 51045
1 55116
1 99788
1 85059
1 97108
1 94841
1 81606
1 83693
1 78258
1 94240
1 56670
1 98235
1 57827
1 84003
1 76109
1 90988
1 80013
1 41708
1 90000
1 78232
1 90483
1 96497
1 81566
1 18825
1 56925
1 70941
1 92722
1 46403
1 50215
1 63879
1 70885
1 78787
1 74884
1 48828
1 58654
1 81171
1 38372
1 33945
1 72520
1 42088
1 75781
1 87328
1 79295
1 74278
1 41673
1 53270
1 88741
1 91854
1 78658
1 5155
1 71237
1 45885
1 46834
1 93206
1 96173
1 76131
1 59864
1 62825
1 24909
1 69418
1 74288
1 72147
1 59448
1 83592
1 67976
1 98955
1 25985
1 79158
1 83023
1 84903
1 84357
1 87121
1 11407
1 78094
1 73089
1 54243
1 61890
1 91976
1 16764
1 9580
1 93589
1 63619
1 56494
1 88395
1 80303
1 87004
1 20026
1 98712
1 83633
1 72337
1 23930
1 64503
1 91493
1 87509
1 54863
1 31695
1 95606
1 55144
1 37954
1 65669
1 60570
1 47261
1 79552
1 51874
1 95292
1 91842
1 98826
1 38708
1 73727
1 92469
1 22792
1 98353
1 90544
1 77411
1 62878
1 91341
1 60593
1 35149
1 23140
1 57961
1 55184
1 90325
1 85221
1 29883
1 39568
1 20619
1 86946
1 95375
1 80228
1 87965
1 90043
1 38049
1 43494
1 89671
1 87076
1 86946
1 98085
1 96725
1 86233
1 96544
1 16892
1 80961
1 39419
1 73262
1 85013
1 41616
1 76668
1 65306
1 99452
1 99377
1 10424
1 41963
1 81464
1 71401
1 53460
1 78427
1 85091
1 82993
1 64670
1 92923
1 46441
1 25711
1 62160
1 69012
1 75392
1 84354
1 16864
1 89668
1 92951
1 93196
1 48179
1 34052
1 92862
1 79659
1 71961
1 19802
1 36849
1 34506
1 15808
1 84869
1 94717
1 82977
1 93112
1 60789
1 91620
1 81275
1 77949
1 62511
1 47403
1 78579
1 58898
1 77919
1 26337
1 86740
1 57284
1 65321
1 85407
1 90145
1 60776
1 63384
1 24515
1 49961
1 35472
1 62143
1 18828
1 90709
1 44785
1 94657
1 62138
1 72696
1 32963
1 85657
1 23813
1 27178
1 95967
1 67629
1 87863
1 87040
1 85095
1 65108
1 95288
1 60777
1 98084
1 94958
1 69642
1 98750
1 33563
1 48723
1 59661
1 97779
1 99766
1 35355
1 58765
1 42188
1 63340
1 92231
1 38609
1 96618
1 90760
1 43455
1 28905
1 97227
1 27643
1 74875
1 13050
1 66287
1 94363
1 43274
1 43387
1 34931
1 75937
1 68955
1 18539
1 91841
1 84872
1 87504
1 80487
1 96336
1 91654
1 54146
1 86083
1 80095
1 32314
1 53337
1 36814
1 59797
1 10429
1 17906
1 77915
1 90937
1 69688
1 91007
1 79354
1 73931
1 93364
1 62576
1 66504
1 37230
1 76767
1 78069
1 93137
1 78203
1 39146
1 48439
1 93070
1 53655
1 47166
1 65324
1 96287
1 76977
1 71697
1 94986
1 44232
1 93775
1 66905
1 42675
1 80964
1 54893
1 94071
1 95706
1 67408
1 86139
1 92304
1 94154
1 65795
1 51233
1 88414
1 49902
1 80865
1 82616
1 94547
1 63629
1 89871
1 98072
1 73488
1 84201
1 71065
1 75163
1 64018
1 94370
1 54535
1 61181
1 41524
1 68775
1 86953
1 43076
1 98304
1 91155
1 76726
1 68056
1 77554
1 56444
1 37134
1 28270
1 60911
1 40368
1 83822
1 51419
1 83564
1 92717
1 93267
1 51437
1 67807
1 69965
1 92781
1 85999
1 49431
1 62479
1 60780
1 88217
1 37410
1 90119
1 61582
1 49188
1 70884
1 70702
1 16323
1 86466
1 31654
1 98329
1 89562
1 79994
1 75117
1 74199
1 93020
1 62245
1 62258
1 60459
1 74668
1 80647
1 92931
1 10581
1 44663
1 72066
1 60877
1 29099
1 89387
1 71323
1 92649
1 40263
1 71180
1 46752
1 89169
1 45779
1 19307
1 82212
1 30334
1 68552
1 73157
1 76444
1 98466
0 2
1 30880
1 53569
1 82680
1 80371
1 96212
1 71574
1 67069
1 31034
1 67579
1 33764
1 70443
1 95542
1 67319
1 78546
1 93772
1 44232
1 94979
1 96779
1 93972
1 95355
1 66618
1 28150
1 30454
1 61924
1 68901
1 80670
1 40084
1 91620
1 80467
1 82354
1 79256
1 39475
1 54923
1 55054
1 58949
1 65928
1 96654
1 27637
1 92758
1 71759
1 70028
1 20619
1 86913
1 36334
1 60474
1 47327
1 63655
1 42399
1 93652
1 81392
1 56015
1 25093
1 98698
1 78354
1 25117
1 51315
1 72750
1 58225
1 81344
1 68567
1 95518
1 92580
1 84111
1 17960
1 94917
1 75888
1 73020
1 89600
1 33472
1 67913
1 62908
1 70215
1 93095
1 17029
1 57961
1 96214
1 63752
1 63682
1 89948
1 48916
1 78445
1 1726
1 71287
1 61847
1 59817
1 62328
1 90275
1 75000
1 50283
1 74440
1 90001
1 9106
1 98199
1 69337
1 79228
1 20586
1 69513
1 99747
1 97664
1 76384
1 8156
1 89867
1 67889
1 65637
1 99522
1 21165
1 77481
1 24832
1 37767
1 26940
1 89695
1 23011
1 69328
1 94184
1 94350
1 74775
1 68751
1 69765
1 12506
1 88962
1 42205
1 66476
1 93697
1 92088
1 70678
1 42821
1 61242
1 80297
1 89480
1 95171
1 76194
1 94448
1 43730
1 19915
1 55154
1 20925
1 37494
1 88693
1 55781
1 98877
1 99826
1 69543
1 59014
1 87064
1 71105
1 88670
1 76742
1 91074
1 25593
1 6976
1 36510
1 53764
1 69151
1 42015
1 82468
1 65265
1 70897
1 83627
1 73589
1 36708
1 76374
1 73347
1 78071
1 31699
1 73280
1 80304
1 87010
1 97893
1 13327
1 76085
1 90995
1 54920
1 90148
1 41783
1 5141
1 61224
1 73314
1 57434
1 80895
1 80029
1 72714
1 43586
1 84369
1 41971
1 67008
1 70132
1 81007
1 34506
1 31111
1 68020
1 94004
1 73626
1 75470
1 79368
1 61724
1 41617
1 80519
1 68376
0 2
1 68387
1 85899
1 47037
1 93428
1 67797
1 53526
1 85815
1 55289
1 71431
1 71312
1 73689
1 62530
1 44948
1 92230
1 63748
1 73348
1 55848
1 32013
1 72718
1 46364
1 34691
1 54246
1 22220
1 63968
1 75693
1 77893
1 91776
1 79307
1 87417
1 23871
1 31531
1 99393
1 98279
1 77867
1 56773
1 97474
1 83486
1 51126
1 78550
1 89206
1 91570
1 75364
1 87493
1 85688
1 72703
1 78885
1 81591
1 72650
1 70442
1 78327
1 69002
1 69553
1 76157
1 82530
1 47294
1 64053
1 90175
1 26315
1 82006
1 79367
1 97780
1 53002
1 95463
1 65745
1 94480
1 34654
1 52517
1 79721
1 89136
1 85056
1 90264
1 73901
1 93578
1 87891
1 84466
1 32398
1 95333
1 89445
1 39871
1 80213
1 87634
1 51134
1 47235
1 21509
1 32313
1 97061
1 95708
1 69637
1 78152
1 72423
1 98684
1 47960
1 29356
1 99494
1 22623
1 33233
1 97210
1 50051
1 45211
1 78850
1 42395
1 36082
1 32997
1 99921
1 41081
1 88900
1 57446
1 6082
1 20619
1 99915
1 24076
1 47071
1 36017
1 89625
1 46251
1 92670
1 44652
1 42164
1 5109
1 21202
1 75036
1 26589
1 83023
1 64704
1 45672
1 17933
1 61195
1 34362
1 26589
1 94343
1 72396
1 94251
1 80543
1 88900
1 35066
1 86339
1 76885
1 48494
1 87180
1 78692
1 27457
1 83824
1 87239
1 71944
1 88511
1 91795
1 61258
1 82104
1 62332
1 43105
1 78774
1 76086
1 81500
1 60153
1 45208
1 85257
1 96174
1 49727
1 97782
1 85160
1 68278
1 32121
1 60013
1 80414
1 63788
1 58951
1 80007
1 75610
1 27369
1 44107
1 99075
1 99613
1 71329
1 64478
1 77738
1 28577
1 94652
1 11845
1 37288
1 94857
1 81016
1 54869
1 95421
1 38451
1 83108
1 87955
1 88818
1 69146
1 64291
1 64214
1 57663
1 87606
1 99726
1 39639
1 67808
1 71726
1 27178
1 90203
1 83182
1 24362
1 19370
1 67113
1 74505
1 47185
1 51967
1 73381
1 41584
1 54841
1 57970
1 52413
1 87613
1 64073
1 99637
1 55024
1 96888
1 49446
1 94930
1 44174
1 94692
1 81832
1 33469
1 40879
1 87189
1 40914
1 99882
1 83427
1 94870
1 48124
1 71416
1 90402
1 87568
1 42898
1 70874
1 84199
1 96524
1 80187
1 63498
1 92469
1 95574
1 39547
1 76152
1 64998
1 72252
1 85232
1 55310
1 91717
1 81205
1 37009
1 96203
1 97488
1 75280
1 85443
1 57431
1 51346
1 42017
1 90474
1 53920
1 22548
1 50129
1 8532
1 66450
1 87994
1 51054
1 75748
1 18994
1 72136
1 71931
1 65762
1 46220
1 96237
1 50673
1 88192
1 64417
1 60743
1 99790
1 45268
1 90393
1 64626
1 88717
1 76607
1 53224
1 59595
1 83916
1 79776
1 91594
1 47200
1 77227
1 46460
1 95386
1 76804
1 27334
1 64053
1 86752
1 69409
1 31560
1 96729
1 60458
1 92646
1 97604
1 93659
1 24045
1 94561
1 27930
1 83300
1 56984
1 49223
1 57532
1 43363
1 61440
1 87893
1 97483
1 73461
1 87230
1 73855
1 57010
1 29434
1 72454
1 93864
1 5357
1 91005
1 63149
1 23463
1 39114
1 85092
1 86601
1 55945
1 3313
1 91213
1 12891
1 16323
1 91559
1 54866
1 54206
1 54247
1 47447
1 84002
1 22518
1 59649
1 98837
1 98504
1 84257
1 68491
1 46497
1 94416
1 58105
1 40893
1 64274
1 23126
1 79091
1 20682
1 70967
1 68974
1 75154
1 71748
1 93003
1 51146
1 99922
1 18119
1 37575
1 88561
1 74815
1 97650
1 82298
1 51202
1 88038
1 95264
1 95911
1 97320
1 54764
1 51695
1 98069
1 8047
1 75684
1 87269
1 82004
1 51625
1 86328
1 32515
1 72277
1 62876
1 99627
1 98130
1 49887
1 83571
1 68424
1 73635
1 94364
1 98879
1 98557
1 96773
1 92892
1 97463
1 60627
1 45675
1 65000
1 82099
1 96244
1 58268
1 69308
1 82647
1 84753
1 25999
1 60992
1 78852
1 76327
1 76527
1 89146
1 58271
1 64047
1 94292
1 90282
1 96065
1 44273
1 81610
1 64699
1 89579
1 51567
1 84479
1 52407
1 91906
1 76276
1 84289
1 97634
1 76225
1 68637
1 15178
1 76433
1 30007
1 48675
1 68756
1 71124
1 80978
1 78227
1 67571
1 46857
1 97701
1 84175
1 69817
1 65528
1 78973
1 83843
1 98685
1 76607
1 76744
1 95854
1 41251
1 69747
1 99860
1 91405
1 89670
1 50224
1 71419
1 70378
1 88164
1 89228
1 75700
1 6618
1 85448
1 58131
1 78268
1 13057
1 70291
1 56661
1 78519
1 54337
1 52406
1 86332
1 67514
1 87133
1 85263
1 66027
1 97047
1 69736
1 67274
1 87184
1 59749
1 44458
1 29704
1 78083
1 90212
1 41606
1 41095
1 80907
1 69012
1 98102
1 12327
1 87370
1 34823
1 95988
1 88779
1 89210
1 84840
1 50468
1 91944
1 35566
1 48904
1 87535
1 84516
1 84413
1 92770
1 55781
1 14845
1 76684
1 51813
1 88548
1 93510
1 78432
1 73053
1 26123
1 62083
1 87120
1 77837
1 79594
1 84281
1 83009
1 75520
1 89890
1 94835
1 52796
1 54696
1 81489
1 81621
1 84678
1 75790
1 22678
1 74612
1 77416
1 97568
1 72900
1 67043
1 54459
1 73985
1 71632
1 63300
1 67692
1 80350
1 73643
1 93955
1 59941
1 29394
1 87077
1 92930
1 23642
1 30912
1 45889
1 84941
1 91646
1 57385
1 57274
1 80967
1 87163
1 82239
1 94346
1 94137
1 37186
1 74045
1 77417
1 64813
1 91484
1 49757
1 90634
1 87326
1 65188
1 25352
1 75697
1 96740
1 13361
1 48721
1 99457
1 77650
1 87309
1 70997
1 13228
1 69997
1 71697
1 74811
1 88301
1 88995
1 32428
1 26912
1 99936
1 42533
1 37292
1 92848
1 50127
1 37900
1 16721
1 61998
1 31758
1 66883
1 92783
1 94563
1 53076
1 24076
1 89295
1 87602
1 75067
1 79069
1 50279
1 85834
1 98552
1 44704
1 46992
1 80718
1 76249
1 41447
1 67519
1 46690
1 36800
1 49377
1 79710
1 98051
1 79290
1 85665
1 71771
1 35632
1 84887
1 70169
1 98986
1 44421
1 79649
1 59168
1 88303
1 94241
1 99768
1 62569
1 57800
1 97982
1 96757
1 63607
1 26013
1 77274
1 43533
1 88833
1 73437
1 76730
1 62325
1 64896
1 56248
1 54238
1 63082
1 69930
1 32641
1 59291
1 66522
1 87980
1 62623
1 84925
1 82633
1 87428
1 69851
1 41410
1 98305
1 98599
1 20357
1 38775
1 37954
1 94155
1 92348
1 95029
1 41264
1 35830
1 78363
1 97851
1 10539
1 76048
1 20336
1 94321
1 93696
1 66938
1 84446
1 67196
1 80487
1 38426
1 48953
1 85407
1 59064
1 30627
1 66728
1 97096
1 57799
1 39194
1 86587
1 98606
1 65457
1 51946
1 99470
1 51212
1 48723
1 72040
1 91013
1 86654
1 46460
1 68056
1 98070
1 92009
1 93317
1 14828
1 74015
1 32887
1 88627
1 10603
1 82898
1 70339
1 44628
1 61873
1 82123
1 44560
1 40173
1 34509
1 46285
1 78336
1 36936
1 47744
1 88207
1 61326
1 24109
1 95430
1 63617
1 38249
1 98059
1 54577
1 44816
1 69894
1 81961
1 68481
1 65378
1 64412
1 39129
1 78296
1 98208
1 56164
1 54033
1 99406
1 51598
1 69335
1 97675
1 57098
1 64573
1 97524
1 67464
1 75373
1 50033
1 77365
1 45840
1 50992
1 59437
1 40490
1 30242
1 30663
1 63871
1 84346
1 42623
1 41056
1 67151
0 2
1 92280
1 80838
1 94272
1 48866
1 65061
1 28113
1 88768
1 59750
1 94119
1 96947
1 98707
1 97909
1 46691
1 87161
1 43977
1 19382
1 53824
1 37312
1 77158
1 89234
1 79787
1 86983
0 2
1 91814
1 47947
1 29231
1 71196
1 63073
1 41487
1 61643
1 95707
1 93796
1 29801
1 38482
1 81424
1 99230
1 77656
1 8380
1 83306
1 35635
1 91515
1 25668
1 62126
1 98667
1 81645
1 71365
1 66152
1 84059
1 88213
1 77719
1 94608
1 58729
1 74619
1 98575
1 92213
1 98459
1 53836
1 70124
1 93825
1 21746
1 98794
1 47842
1 92007
1 27189
1 86763
1 85297
1 64894
1 59396
1 48013
1 69608
1 86853
1 64617
1 86537
1 59473
1 78485
1 89745
1 98902
1 9954
1 77437
1 97592
1 66949
1 71758
1 47999
1 85444
1 84923
1 93188
1 63537
1 83429
1 80032
1 95170
1 98191
1 46406
1 95304
1 54170
1 7815
1 95439
1 70938
1 91428
1 20806
1 11905
1 47203
1 65254
1 78239
1 38362
1 86394
1 87561
1 66411
1 86990
1 63146
1 98403
1 47978
1 95927
1 95436
1 94182
1 23444
1 97155
1 94155
1 50752
1 28743
1 81251
1 40321
1 86865
1 93532
1 48728
1 60069
1 92162
1 47268
1 16483
1 17726
1 67196
1 72457
1 87224
1 86242
1 85190
1 69665
1 63859
1 39668
1 92082
1 85266
1 84029
1 95060
1 30889
1 26586
1 80943
1 78209
1 86717
1 58124
1 81538
1 91649
1 88062
1 86650
1 91526
1 60160
1 89287
1 29802
1 57085
1 64659
1 88895
1 84870
1 48103
1 93567
1 5134
1 31251
1 53490
1 96977
1 72176
1 75685
1 51389
1 83981
1 92757
1 72825
1 81321
1 75634
1 87182
1 97310
1 77977
1 77391
1 44116
1 98195
1 46773
1 24875
1 88433
1 58319
1 14443
1 75638
1 91885
1 93087
1 85579
1 83159
1 81678
1 84236
1 86916
1 19636
1 81051
1 70622
1 92453
0 2
1 61273
1 41667
1 82815
1 82282
1 8071
1 96451
1 63807
1 89381
1 58191
1 51492
1 62088
1 99161
1 56770
1 82118
1 87988
1 22509
1 74110
1 3123
1 36605
1 95162
1 99491
1 99807
1 23202
1 54039
1 62047
1 33443
1 99720
1 94663
1 20861
1 71292
1 52887
1 7775
1 70334
1 75216
1 83483
1 57880
1 68973
1 85247
1 76303
1 34466
1 80506
1 69642
1 59716
1 58326
1 85131
1 99203
1 73310
1 82386
1 79238
1 55240
1 48627
1 77099
1 80764
1 37199
1 68131
1 97129
1 14854
1 78984
1 96322
1 81604
1 73154
1 71321
1 80881
1 72911
1 37728
1 57680
1 87496
1 64866
1 62707
1 73524
1 73334
1 48229
1 61954
1 80364
1 64706
1 37396
1 81923
1 38263
1 42828
1 36510
1 71816
1 20801
1 69334
1 95121
1 84813
1 68450
1 85257
1 27637
1 46699
1 55671
1 39046
1 90575
1 62089
1 53142
1 47624
1 33825
1 82570
1 97016
1 21539
1 79946
1 97969
1 27726
1 64167
1 89503
1 94770
1 95217
1 93218
1 48321
1 64709
1 54401
1 10515
1 25365
1 59158
1 49353
1 31478
1 45622
1 78996
1 84278
1 35174
1 65794
1 65656
1 94804
1 22705
1 86428
1 82845
1 75030
1 95057
1 43221
1 16104
1 79858
1 34506
1 84230
1 56496
1 86912
1 70407
1 28342
1 72045
1 98113
1 41046
1 50750
1 9141
1 65278
1 86368
1 55766
1 52010
1 6033
1 74334
1 92384
1 58618
1 48706
1 35795
1 97892
1 65576
1 76701
0 2
1 41545
1 90559
1 83501
1 89247
1 26764
1 49761
1 31259
1 37684
1 90814
1 90312
1 92483
1 81946
1 91451
1 19156
1 67890
1 98351
1 77943
1 91658
1 72564
1 89924
1 82764
1 89820
1 79102
1 72497
1 99111
1 57399
1 92920
1 25210
1 53747
1 39374
1 75034
1 82856
1 25689
1 32114
1 82468
1 40757
1 58938
1 99597
1 66665
1 32077
1 97143
1 49252
1 66441
1 17620
1 38511
1 79386
1 77152
1 96737
1 32296
1 99009
1 46934
1 58078
1 34379
1 97948
1 79888
1 23200
1 66403
1 88992
1 95981
1 97416
1 90630
1 85595
1 35949
1 57790
1 71037
1 92486
1 68242
1 69161
1 22337
1 81920
1 77428
1 31546
1 77353
1 95829
1 30847
1 80169
1 84551
1 95457
1 83863
1 93661
1 64569
1 71296
1 65389
1 80770
1 80284
1 47890
1 30422
1 98952
1 90617
1 77662
1 54804
1 84471
1 60969
1 83684
1 36936
1 40012
1 88887
1 20986
1 70334
1 62291
1 97274
1 50138
1 49285
1 55693
1 85631
1 99596
1 67155
1 83473
1 95813
1 32092
1 59238
1 84555
1 87276
1 88523
1 27158
1 40771
1 13522
1 85167
1 90462
1 40908
1 64301
1 73464
1 95096
1 37980
1 76163
1 55162
1 30829
1 80151
1 52250
1 39969
0 2
1 29657
1 73092
1 74993
1 30142
1 87850
1 70941
1 84351
1 96718
1 72298
1 74657
1 37945
1 38638
1 98179
1 92831
1 80830
1 7815
1 78721
1 29619
1 99080
1 75246
1 78545
1 89946
1 98774
1 85595
1 49610
1 82512
1 94025
1 75214
1 39042
1 62857
1 29126
1 49259
1 36558
1 51678
1 95120
1 87594
1 69721
1 76525
1 25918
1 19872
1 54175
1 58609
1 91091
1 82667
1 43227
1 67829
1 79087
1 81085
1 91251
1 39068
1 78385
1 55299
1 50710
1 24778
1 43126
1 75748
1 83479
1 95713
1 87954
1 21404
1 14900
1 48340
1 77006
1 85904
1 97283
1 94723
1 63612
1 77845
1 57487
1 60150
1 67200
1 29140
1 25171
1 9488
1 54468
1 17380
1 98727
1 74321
1 46447
1 31927
1 85695
1 91706
1 73389
1 77364
1 58863
1 78327
1 98186
1 86532
1 48350
1 87180
1 89982
1 53912
1 61870
1 80337
1 42179
1 72305
1 27577
1 84999
1 33560
1 91976
1 65381
1 69082
1 24670
1 85024
1 97568
1 81339
1 17538
1 43034
1 61785
1 89600
1 95322
1 61156
1 95847
1 44899
1 86917
1 75333
1 65435
1 66149
1 96383
1 89902
1 46792
1 50349
1 89041
1 51203
1 78166
1 33134
1 66143
1 41951
1 26881
1 91849
1 49961
1 27831
1 79023
1 62707
1 61797
1 71836
1 35805
1 95802
1 45465
1 22383
1 67257
1 96657
1 63646
1 71062
1 59501
1 60800
1 52902
1 97662
1 78918
1 86898
1 93852
1 80121
1 65290
1 52684
1 72645
1 89555
1 30815
1 78017
1 80989
1 93034
1 68733
1 97737
1 76172
1 90631
1 65897
1 58418
1 75483
1 27780
1 91387
1 73935
1 13716
1 65133
1 45392
1 59515
1 57443
1 95720
1 44771
1 27471
1 31130
1 19316
1 56507
1 56727
1 91107
1 49789
1 53599
1 30625
1 64274
1 29024
1 57251
1 97061
1 49471
1 25743
1 41881
1 88058
1 75997
1 75120
1 72239
1 86289
1 69959
1 69703
1 78570
1 80930
1 48012
1 93606
1 52347
1 38201
1 9348
1 63415
1 96986
1 43957
1 36994
1 49679
1 87390
1 85593
1 83569
1 15796
1 73283
1 67184
1 88835
1 71738
1 73256
1 80343
1 92770
1 92210
1 17175
1 93543
1 30680
1 74794
1 30944
1 49826
1 85210
1 46305
1 29175
1 57680
1 97342
1 56054
1 79187
1 88725
1 99308
1 53640
1 41906
1 94467
1 26481
1 62761
1 95052
1 81662
1 95225
1 17673
1 89362
1 77821
1 58093
1 99956
1 45805
1 31359
1 96426
1 40652
1 72350
1 18836
1 78402
1 45108
1 60137
1 79088
1 67395
1 44934
1 80659
1 77840
1 95196
1 46166
1 99177
1 89126
1 53716
1 95281
1 32758
1 69188
1 79058
1 78752
1 93203
1 45151
1 72896
1 98800
1 80535
1 36356
1 99681
1 54038
1 78090
1 93540
1 66830
1 82214
1 59522
1 23202
1 65181
1 24103
1 76992
1 72235
1 83519
1 73655
1 84279
1 66906
1 30531
1 75925
1 59514
1 90926
1 91858
1 50845
1 46778
1 88621
1 83363
1 82113
1 38763
1 37763
1 17870
1 75844
1 84328
1 63387
1 71408
1 66875
1 83652
1 84405
1 88264
1 91842
1 60101
1 73068
1 84906
1 55568
1 95417
1 48572
1 92503
1 77150
1 70125
1 20323
1 64302
1 60256
1 90309
1 86903
1 65490
1 83720
1 72399
1 82991
1 45561
1 43871
1 16751
1 52883
1 86131
1 47833
1 98934
1 65710
1 87244
1 86842
1 72907
1 62164
1 81961
1 76956
1 25291
1 79472
1 77636
1 3481
1 82143
1 61688
1 67296
1 40348
1 76343
1 85707
1 72443
1 71273
1 91220
1 65943
1 66134
1 60812
1 92306
1 39717
1 96053
1 50359
1 97059
1 70508
1 64046
1 61573
1 65781
1 81738
1 66015
1 45936
1 86472
1 52102
1 85232
1 94183
1 72818
1 6903
1 63508
1 71414
1 63794
1 68562
1 78226
1 93429
1 67436
1 19636
1 50566
1 64618
1 62763
1 96635
1 66426
1 70441
1 89243
1 72441
1 92093
1 72691
1 95676
1 23208
1 21916
1 68598
1 81453
1 55151
1 89074
1 52265
1 90382
1 84483
1 49018
1 84670
1 95133
1 50717
1 68495
1 73870
1 18916
1 51037
1 36422
1 58535
1 77258
1 90157
1 45972
1 43415
1 75534
1 27392
1 81235
1 45007
1 80657
1 99406
1 51289
1 98777
1 20986
1 93371
1 64804
1 83455
1 84006
1 74635
1 79988
1 98954
1 66239
1 68809
1 73437
1 67533
1 82913
1 92219
1 92751
1 68264
1 42036
1 77408
0 2
1 62584
1 24264
1 48926
1 98259
1 61219
1 30476
1 82295
1 27231
1 44717
1 74752
1 63013
1 73135
1 83202
1 99866
1 90548
1 49059
1 42537
1 59893
1 84483
1 58673
1 39123
1 37284
1 70774
1 71434
1 60768
1 60532
1 38542
1 82287
1 10016
1 56442
1 78255
1 49401
1 44406
1 79033
1 82872
1 70426
1 5846
1 60561
1 29356
1 84880
1 87760
1 95388
1 84854
1 58922
1 71178
1 80838
1 69486
1 65096
1 93997
1 86877
1 56998
1 54602
1 54660
1 94269
1 81817
1 98277
1 94530
1 57074
1 53976
1 73783
1 48272
1 87153
1 89612
1 71885
1 80377
1 99446
1 48325
1 21746
1 91472
1 18314
1 44644
1 12437
1 44452
1 95262
1 92028
1 92757
1 55563
1 71404
1 45090
1 75253
1 81422
1 96410
1 85810
1 87550
1 49234
1 35489
1 62955
1 85715
1 79836
1 19448
1 71164
1 97492
1 63550
1 20466
1 78881
1 84370
1 37692
1 58110
1 80527
1 51637
1 99513
1 68818
1 89703
1 23839
1 93684
1 82597
1 41985
1 68443
1 94432
1 43473
1 60493
1 94231
1 71290
1 73506
1 64952
1 38679
1 67242
1 74402
1 59669
1 85668
1 28583
1 80903
1 93030
1 72383
1 29826
1 98217
1 91750
1 16409
1 86267
1 17239
1 92815
1 58490
1 70833
1 83780
1 67867
1 31010
1 76216
1 64962
1 30265
1 60447
1 35350
1 86377
1 36482
1 75889
1 80538
1 24961
1 49033
1 90596
1 97980
1 33613
1 34552
1 82212
1 27737
1 98550
1 89596
1 40095
1 89056
1 54938
1 7204
1 64097
1 39575
1 83235
1 61670
1 43099
1 63743
1 94611
1 87351
1 94205
1 77244
1 55687
1 86184
1 77971
1 75898
1 97670
1 65109
1 88741
1 56788
1 83279
1 64301
1 43753
1 91276
1 81473
1 61620
1 50528
1 93834
1 64740
1 97605
1 72198
1 33766
1 55568
1 94678
1 51373
1 94925
1 89531
1 79375
1 38946
1 16395
1 42687
1 95696
1 32515
1 45018
1 35198
1 62415
1 97754
1 64858
1 81501
1 31047
1 62596
1 76230
1 78079
1 78277
1 57048
1 49901
1 80571
1 36181
1 80279
1 74570
1 43464
1 61258
1 60308
1 24404
1 83066
1 77770
1 22256
1 64795
1 90995
1 68903
1 30654
1 92739
1 62657
1 51323
1 39801
1 79115
1 67288
1 31303
1 97766
1 93138
1 25872
1 68717
1 67345
1 97254
1 69172
1 78926
1 62438
1 83222
1 89280
1 97989
1 60657
1 99669
1 35337
1 16107
1 67193
1 67078
1 80033
1 68970
1 59113
1 14854
1 74085
1 98879
1 38529
1 50594
1 85985
1 78224
1 57338
1 73117
1 98901
1 29107
1 99208
1 24283
1 88568
1 89872
1 66839
1 46991
1 97770
1 93172
1 90358
1 77244
1 78399
1 74338
1 45927
1 56384
1 70149
1 67464
1 90427
1 88307
1 87478
1 46121
1 55250
1 99571
1 86319
1 92966
1 9332
1 76786
1 57300
1 75347
1 21624
1 73601
1 87209
1 30836
1 55372
1 68061
1 45542
1 48786
1 75411
1 94788
1 62780
1 89259
1 90305
1 39105
1 71481
1 70132
1 37434
1 71377
1 62288
1 16108
1 40989
1 56424
1 89008
1 99581
1 44066
1 96929
1 79467
1 51196
1 54637
1 88504
1 94671
1 60947
1 43664
1 83620
1 65633
1 87786
1 89609
1 42373
1 77981
1 50401
1 97519
1 86377
1 61211
1 29106
1 26122
1 72722
1 80814
1 77408
1 5357
1 76182
1 90630
1 31127
1 58673
1 86875
1 90054
1 95770
1 95274
1 99050
1 85187
1 34181
1 71062
1 15385
1 34155
1 78220
1 41307
1 67933
1 84349
1 78931
1 92113
1 73465
1 20859
1 36711
1 84696
1 74880
1 97789
1 56324
1 92248
1 72899
1 37293
1 85562
1 30342
1 77832
1 98596
1 50827
1 70993
1 68545
1 64792
1 85136
1 19838
1 37679
1 52919
1 84272
1 39240
1 67795
1 98058
1 79489
1 30900
1 55550
1 66046
1 88381
1 47884
1 94764
1 89307
1 90865
1 32503
1 49504
1 38906
1 51491
1 34181
1 28211
1 55420
1 82814
1 37928
1 55530
1 33085
1 89834
1 26252
1 72023
1 94428
1 28967
1 55706
1 23107
1 81056
1 87818
1 67298
1 97125
1 84501
1 84876
1 82365
1 74628
1 91387
1 30889
1 96633
1 60465
1 93757
1 42956
1 84239
1 75666
1 44213
1 95358
1 98829
1 23518
1 73156
1 66267
1 38100
1 22794
1 70482
1 93400
1 85575
1 90978
1 75465
1 98804
1 41641
1 87967
1 49080
1 73004
1 89234
1 94282
1 68349
1 82842
1 76360
1 90152
1 50926
1 98145
1 76773
1 65955
1 99041
1 59440
1 84980
1 78452
1 96887
1 88054
1 55315
1 36290
1 95445
1 87354
1 77343
1 73838
1 79625
1 67966
1 81763
1 95344
1 65522
1 72615
1 83019
1 87439
1 89233
1 66059
1 26741
1 99680
1 99996
1 20499
1 50713
1 82290
1 90671
1 69820
1 56429
1 97668
1 62257
1 50176
1 58594
1 96894
1 96336
1 62010
1 72783
1 99731
1 64911
1 59029
0 2
1 88574
1 85396
1 59067
1 27209
1 94673
1 80207
1 83931
1 51734
1 79598
1 94604
1 95106
1 96710
1 49851
1 98945
1 65210
1 55802
1 57367
1 63453
1 80017
1 77159
1 94087
1 50876
1 65385
1 60019
1 40273
1 69473
1 82369
1 62130
1 96461
1 77528
1 13765
1 62405
1 82047
1 93358
1 79073
1 39904
1 94781
1 51592
1 51111
1 50243
1 58901
1 51864
1 56848
1 93492
1 34197
1 61419
1 37728
1 62762
1 99456
1 90061
1 91144
1 40023
1 54363
1 72268
1 59116
1 75556
1 87267
1 87748
1 10287
1 51566
1 93473
1 63107
1 74987
1 48685
1 72512
1 55437
1 99061
1 98257
1 25649
1 92036
1 88908
1 92931
1 65971
1 57161
1 92680
1 82834
1 66459
1 42595
1 89699
1 67527
1 57700
1 53105
1 52778
1 97089
1 48364
1 75879
1 52104
1 70504
1 47800
1 75325
1 66196
1 12782
1 89615
1 59783
1 54221
1 89550
1 40431
1 77432
1 52256
1 75888
1 86270
1 93477
1 89891
1 50109
1 74625
1 32694
1 84058
1 87048
1 39912
1 77752
1 75633
1 69883
1 63361
1 70241
1 54044
1 69592
1 88705
1 57853
1 54345
1 77290
1 91096
1 84406
1 93739
1 31772
1 50113
1 83344
1 55812
1 58471
1 65706
1 53077
1 96281
1 56230
1 79146
1 79488
1 71104
1 95051
1 82750
1 99456
1 95498
1 54458
1 68963
1 88422
1 89862
1 94342
1 94835
1 92687
1 63261
1 61988
1 86204
1 98944
1 56042
1 79462
1 97775
1 93973
1 35368
1 58092
1 89948
1 69469
1 58853
1 20506
1 40682
1 97625
1 68969
1 60739
1 53277
1 53991
1 76460
1 65467
1 72590
1 81900
1 73028
1 62255
1 73107
1 88437
1 92394
1 58044
1 95329
1 78649
1 29011
1 76313
1 50384
1 90672
1 53324
1 26786
1 59552
1 78540
1 79944
1 65990
1 94389
1 89315
1 31393
1 77406
1 66905
1 52641
1 90777
1 92728
1 82523
1 61398
1 56853
1 40196
1 82751
1 45574
1 77442
1 4711
1 22643
1 94054
1 80012
1 90264
1 43502
1 43637
1 58102
1 54323
1 65813
1 56295
1 78514
1 81117
1 73268
1 88105
1 58430
1 57658
1 10869
1 68644
1 90031
1 73063
1 35718
1 89577
1 37763
1 39279
1 75322
1 95443
1 41776
1 97698
1 77141
1 91989
1 90830
1 31956
1 70271
1 84542
1 80673
1 39844
1 40926
1 86337
1 75814
1 63020
1 62566
1 25972
1 70839
1 30283
1 96521
1 61722
1 9781
1 51995
1 21075
1 79146
1 53137
1 85534
1 38249
1 52391
1 96445
1 61256
1 96597
1 68697
1 21826
1 25887
1 98334
1 94188
1 85031
1 63870
1 78605
1 78167
1 37938
1 75201
1 90338
1 32570
1 22728
1 17860
1 48512
1 42641
1 32182
1 77207
1 41914
1 90023
1 48891
1 41701
1 29870
1 60078
1 99888
1 69642
1 75779
1 42954
1 82024
1 32882
1 86833
1 93385
1 53179
1 99180
1 65178
1 94921
1 80403
1 89546
1 83256
1 22943
1 86659
1 34865
1 83878
1 99442
1 86305
1 58009
1 93209
1 82103
1 58066
1 80864
1 77089
1 72814
1 47949
1 69782
1 57912
1 89502
1 66100
1 46953
1 27257
1 63166
1 72385
1 9917
1 75728
1 94807
1 96899
1 68239
1 66364
1 89032
1 71017
1 94229
1 92192
1 51699
1 41521
1 97025
1 60665
1 58877
1 99884
1 93446
1 64080
1 66631
1 86752
1 89219
1 64716
1 75096
1 70510
1 69310
1 60201
1 87867
1 31099
1 87716
1 46402
1 71025
1 38494
1 34881
1 76844
1 91998
1 83476
1 59727
1 95880
1 78089
1 18941
1 94756
1 91623
1 45385
1 85042
1 36539
1 80022
1 79167
1 75273
1 22683
1 67206
1 96503
1 74396
1 19475
1 80288
1 34831
1 59841
1 90953
1 84352
1 70706
1 49036
1 60234
1 41851
1 96287
1 91491
1 93355
1 32067
1 73069
1 19878
1 12488
1 36278
1 69442
1 70339
1 28339
1 88574
1 30342
0 2
1 82934
1 36230
1 70204
1 55822
1 70388
1 78568
1 73784
1 97521
1 96943
1 85663
1 18568
1 37843
1 55902
1 67134
1 80933
1 52843
1 95853
1 98239
1 65564
1 74331
1 67403
1 99100
1 51872
1 91355
1 94592
1 62375
1 45971
1 82100
1 38134
1 88800
1 58273
1 70224
1 95980
1 20070
1 54596
1 36849
1 93273
1 13022
1 99348
1 64420
1 96805
1 98168
1 71881
1 75608
1 68791
1 95306
1 50651
1 62655
1 77753
1 74793
1 52333
1 43785
1 76381
1 39628
1 44006
1 92454
1 99374
1 36505
1 72822
1 58023
1 93725
1 95928
1 68764
1 99807
1 92340
1 97156
1 89282
1 96941
1 36430
1 91027
1 91794
1 46864
1 84281
1 36179
1 33220
1 51182
1 89266
1 21249
1 49678
1 80103
1 91354
1 96566
1 45633
1 82183
1 57839
1 39451
1 95132
1 78869
1 71419
1 90066
1 60823
1 89160
1 66008
1 96574
1 83184
1 75125
1 22627
1 53323
1 94587
1 88890
1 59888
1 93646
1 54741
1 51876
1 31144
1 86397
1 95516
1 47649
1 87612
1 99185
1 22952
1 31117
1 72305
1 55046
1 96091
1 92874
1 99634
1 63053
1 98420
1 64466
1 79653
1 78932
1 59810
1 74872
1 85613
1 36445
1 68947
1 21299
1 99105
1 99000
1 94835
1 83608
1 90921
1 78315
1 44680
1 33186
1 63893
1 75107
1 94223
1 78630
1 98571
1 84545
1 32867
1 76035
1 87791
1 93794
1 90516
1 88438
1 97188
1 97644
1 70951
1 84247
1 31565
1 84259
1 62831
1 53047
1 89773
1 67675
1 56126
1 49242
1 77971
1 95638
1 77114
1 43094
1 55806
1 97375
1 5258
1 85043
1 83809
1 84630
1 54725
1 54369
1 86653
1 39288
1 71522
1 97745
1 77005
1 97879
1 73497
1 33835
1 90799
1 47610
1 39116
1 83816
1 42102
1 94509
1 51214
1 91260
1 83353
1 91768
1 31310
1 98410
1 59015
1 92674
1 95010
1 43076
1 61522
1 96771
1 73626
1 39916
1 95029
1 51219
1 91112
1 56185
1 65356
1 86749
1 82973
1 40181
1 82889
1 90296
1 90770
1 68052
1 11268
1 94694
1 66229
1 25296
1 84354
1 86066
1 64423
1 59662
1 91281
1 68065
1 51872
1 54502
1 74235
1 98757
1 73308
1 68365
1 85492
1 66536
1 72353
1 67682
1 33148
1 96036
1 83506
1 71319
1 57178
1 87635
1 78312
1 96870
1 90575
1 87897
1 97519
1 94279
1 58288
1 84203
1 76707
1 67438
1 96482
1 65819
1 98415
1 43005
1 83529
1 12054
1 53859
1 43523
1 78258
1 45266
1 81608
1 85921
1 70009
1 91405
1 91563
1 54499
1 89779
1 63940
1 90778
1 95569
1 69678
1 31965
1 34559
1 36157
1 85166
1 73690
1 69051
1 87273
1 15992
1 97689
1 75679
1 59041
1 99764
1 95124
1 23097
1 74419
1 85860
1 93192
1 50504
1 98250
1 57078
1 68782
1 46187
1 44312
1 46311
1 81515
1 34222
1 88755
1 80317
1 77711
1 97663
1 70591
1 6647
1 21616
1 12424
1 75125
1 92503
1 96687
1 55937
1 69405
1 98586
1 22048
1 62896
1 98402
1 84197
1 25881
1 20440
1 77932
1 73578
1 73154
1 39624
1 19803
1 82817
1 95898
1 37430
1 13626
1 22239
1 84728
1 85552
1 77782
1 90174
1 92664
1 40274
1 95234
1 63027
1 99262
1 8746
1 77213
1 59116
1 50082
1 68265
1 87006
1 46053
1 72565
1 60280
1 96661
1 80032
1 95173
1 62664
1 58376
1 42462
1 46348
1 50139
1 89296
1 38379
1 89933
1 68662
1 26348
1 32446
1 95180
1 40302
1 85300
1 83760
1 65961
1 52841
1 73500
1 92207
1 68468
1 34992
1 70676
1 64233
1 97318
1 56798
1 82736
1 58393
1 19656
1 99647
1 81221
1 82981
1 74288
1 63617
1 40777
1 84268
1 91350
1 57233
1 24441
1 83849
1 89937
1 47131
1 47726
1 48098
1 53515
1 96529
1 26397
1 99557
1 37141
1 62551
1 94726
1 58573
1 87345
1 69972
1 56623
1 82573
1 30030
1 97240
1 55545
1 87805
1 81353
1 61041
1 55279
1 70146
1 14875
1 10670
1 48540
0 2
1 95684
1 63202
1 63370
1 98422
1 73069
1 13661
1 33277
1 68610
1 29512
1 41570
1 62950
1 33764
1 92665
1 90403
1 98696
1 34215
1 78729
1 65696
1 95000
1 43384
1 88907
1 84833
1 88780
1 84711
1 83203
1 53008
1 97387
1 55806
1 85110
1 42789
1 99124
1 85687
1 65665
1 94650
1 94321
1 71679
1 53719
1 87926
1 90247
1 44532
1 23135
1 61561
1 38403
1 95217
1 65289
1 65653
1 11257
1 81026
1 84701
1 98734
1 91403
1 57886
1 74955
1 98596
1 96995
1 38567
1 46744
1 91154
1 53047
1 82977
1 91986
1 15199
1 59427
1 63782
1 86190
1 60812
1 58376
1 58591
1 49297
1 72115
1 10287
1 92400
1 34572
1 91356
1 68945
1 58903
1 27152
1 90710
1 66722
1 80012
1 95481
1 30509
1 94496
1 63732
1 84855
1 93419
1 46008
1 50210
1 93966
1 79031
1 85883
1 60517
1 69973
1 78138
1 68210
1 46755
1 94314
1 83181
1 70910
1 87917
1 82403
1 26881
1 66449
1 73288
1 79887
1 49679
1 25005
1 96568
1 32458
1 19370
1 79884
1 6916
1 63574
1 43203
1 62126
1 71236
1 40560
1 95663
1 70473
1 82770
1 35958
1 78493
1 66017
1 83920
1 39468
1 96898
1 75275
1 32560
1 51689
1 21103
1 48029
1 46660
1 66859
1 89419
1 74808
1 61227
1 80236
1 77248
1 43644
1 64046
1 97065
1 79974
1 86650
1 74272
1 69588
1 43865
1 66013
1 86599
1 34655
1 29022
1 78062
1 24460
1 32590
1 99622
1 89844
1 56757
1 81471
1 58839
1 74019
1 59345
1 90416
1 98269
1 51676
1 79352
1 70527
1 50744
1 59418
1 41094
1 21892
1 70185
1 96009
1 75752
1 65338
1 41701
1 22627
1 47726
1 90630
1 94519
1 49778
1 78769
1 42022
1 99422
1 59469
1 40910
1 78554
1 47428
1 61454
1 61478
1 79404
1 13053
1 95443
1 82577
1 41506
1 80279
1 73186
1 90746
1 88676
1 73830
1 59609
1 88942
1 95171
1 67922
1 87664
1 82156
1 22307
1 86542
1 73912
1 55009
1 92095
1 57539
1 30318
1 60946
1 68104
1 99567
1 44920
1 17057
1 85969
1 84806
1 74508
1 92187
1 43464
1 59902
1 63931
1 73256
1 68974
1 40650
1 86347
1 90632
1 67389
1 46849
1 60779
1 92555
1 61661
1 57680
1 90971
1 60256
1 89054
1 94449
1 68294
1 90611
1 82927
1 17696
1 93075
1 62485
1 78354
1 79555
1 55742
1 39452
1 70595
1 39634
1 93111
1 63685
1 98834
1 76460
1 95239
1 88052
1 70742
1 88018
1 94484
1 64414
1 95281
1 87490
1 44197
1 69584
1 48898
1 65120
1 84673
1 89146
1 60177
1 66358
1 29020
1 41817
1 46846
1 21348
1 99172
0 2
1 84346
1 99317
1 82900
1 73090
1 82929
1 81295
1 53235
1 73580
1 53034
1 59551
1 64711
1 72172
1 58091
1 72658
1 44239
1 79994
1 64938
1 62176
1 47969
1 87227
1 46575
1 88656
1 79480
1 55986
1 94228
1 5515
1 9106
1 59890
1 49904
1 88380
1 90803
1 94430
1 58698
1 24674
1 94993
1 24278
1 28384
1 80777
1 28397
1 54567
1 70259
1 15377
1 69441
1 81200
1 50335
1 98944
1 23697
1 70817
1 54865
1 91657
1 50928
1 78465
1 52674
1 76057
1 55230
1 34312
1 50928
1 48660
1 67530
1 45795
1 93122
1 77592
1 93556
1 51363
1 74640
1 24509
1 66512
1 39808
1 76746
1 83406
1 94492
1 86648
1 76912
1 99962
1 93392
1 85639
1 95566
1 73488
1 15159
1 93303
1 88514
1 67637
1 58374
1 94800
1 70230
1 81035
1 49682
1 49049
1 45795
1 94239
1 24264
1 75272
1 87249
1 95324
1 88084
1 45834
1 19816
1 95564
1 83383
1 71756
1 93180
1 34879
1 45851
1 93493
1 14611
1 53315
1 17673
1 84935
1 85938
1 87930
1 91787
1 94100
1 69658
1 67328
1 63950
1 64659
1 81290
1 78794
1 17933
1 33201
1 35600
1 94719
1 31517
1 71087
1 25228
1 72850
1 90763
1 89003
1 80535
1 77284
1 89955
1 27392
1 92017
1 85860
1 47610
1 63934
1 53167
1 88000
1 99685
1 33372
1 22801
1 50435
1 90627
1 41085
1 78062
1 89182
1 90814
1 95990
1 86868
1 85710
1 94938
1 17960
1 60202
1 52606
1 75137
1 71876
1 75955
1 49381
1 23338
1 88713
1 55438
1 80651
1 75603
1 19981
1 89705
1 71152
1 79628
1 72088
1 79403
1 72704
1 98350
1 16331
1 32092
1 84740
1 39167
1 56336
1 12993
1 77261
1 74919
1 14855
1 56486
1 57650
1 78348
1 38008
1 64800
1 78938
1 46058
1 62085
1 77061
1 61873
1 56920
1 79751
1 37842
1 76818
1 76804
1 75032
1 97201
1 60434
1 63838
1 84056
1 67936
1 24606
1 44264
1 78579
1 94479
1 61661
1 79509
1 61584
1 57328
1 51221
1 87639
1 70950
1 75820
1 92415
1 68131
1 65920
1 89639
1 60728
1 79236
1 71111
1 27567
1 71262
1 51146
1 56251
1 72824
1 97688
1 86347
1 59548
1 89125
1 97809
1 39539
1 68463
1 13730
1 18119
1 83908
1 18327
1 26419
1 95419
1 96519
1 69571
1 89899
1 83453
1 69174
1 58217
1 44480
1 97385
1 64143
1 96344
1 21299
1 47030
1 93425
1 93817
1 68829
1 72715
1 83042
1 94657
1 72863
1 57877
1 55610
1 49625
1 51735
1 81095
1 95299
1 73234
1 92362
1 20311
1 16532
1 54464
1 81428
1 25951
1 94327
1 75759
1 98240
1 94927
1 71676
1 4320
1 24759
1 76677
1 70635
1 52026
1 29590
1 94730
1 68572
1 60798
1 22909
1 79470
1 12109
1 79824
1 67354
1 59499
1 98245
1 74232
1 72674
1 58811
1 71911
1 99018
1 95442
1 66223
1 17817
1 77529
1 44472
1 96565
1 51591
1 56841
1 31856
1 65765
1 86428
1 33514
1 59563
1 70525
1 71558
1 62429
1 73215
1 84482
1 78591
1 80968
1 60588
1 39237
1 87882
1 84269
1 85432
1 99858
1 69303
1 38180
1 71769
1 47754
1 99822
1 44585
1 54536
1 89197
1 74674
1 63212
1 56374
1 56171
1 52585
1 17736
1 66259
1 82919
1 47032
1 92731
1 80148
1 86855
1 85151
1 97127
1 64417
1 94630
1 8609
1 77652
1 63776
1 96374
1 96908
1 12866
1 95885
1 36051
1 31817
1 94751
1 74901
1 40412
1 68398
1 74294
1 61273
1 22675
1 61115
1 61476
1 69619
1 68646
1 84245
1 90279
1 68447
1 80900
1 96702
1 31047
1 42399
1 96435
1 96166
1 77491
1 99486
1 96924
1 92241
1 47144
1 91529
1 7317
1 94694
1 24836
1 67605
1 97979
1 21516
1 44956
1 79624
1 53721
1 78221
1 64295
1 80631
1 67205
1 98222
1 72637
1 95711
1 46454
1 71465
1 76496
1 72901
1 87199
1 73268
1 50100
1 44453
1 71770
1 99898
1 87334
1 55089
1 50097
1 83814
1 77356
1 89947
1 96220
1 82491
1 80882
1 35372
1 97779
1 66215
1 17804
1 12363
1 79749
1 60665
1 54042
1 12000
1 76336
1 41095
1 73013
1 89915
1 68490
1 89306
1 50879
1 93670
1 95181
1 50683
1 55657
1 88449
1 85250
1 77902
1 57972
1 51476
1 66487
1 72902
1 38199
1 46696
1 45386
1 32898
1 35681
1 20312
1 43549
1 91854
1 80107
1 97025
1 22941
1 38536
1 97795
1 72465
1 11257
1 25076
1 50180
1 98657
1 59933
1 92210
1 76503
1 41886
1 48891
1 62584
1 86387
1 90532
1 79755
1 96432
1 47591
1 78316
1 78512
1 68213
1 12905
1 64537
1 75785
1 81093
1 90153
1 97151
1 67297
1 87653
1 83153
1 67415
1 90835
1 98624
1 45229
1 29436
1 59298
1 59799
1 91222
1 95594
1 42438
1 81303
1 71506
1 90349
1 97072
1 57069
1 73856
1 62196
1 78881
1 99410
1 47726
1 52642
1 96874
1 11966
1 81930
1 97018
1 99549
1 39808
1 45411
1 44743
1 37161
1 33635
1 52195
1 72750
1 53355
1 14845
1 79247
1 76085
1 91818
1 21225
1 69732
1 82243
1 98859
1 33046
1 94662
1 30674
1 81879
1 92004
1 62997
1 79676
1 43642
1 46873
1 73280
1 23200
1 33468
1 28861
1 62276
1 98486
1 43510
1 77436
1 86335
0 2
1 20541
1 79048
1 33563
1 41629
1 88845
1 74131
1 86205
1 47628
1 94953
1 76901
1 42012
1 88346
1 55324
1 65640
1 8182
1 36304
1 50524
1 98338
1 77564
1 64962
1 80259
1 50221
1 59072
1 65643
1 99374
1 40876
1 78239
1 67875
1 77737
1 18221
1 81475
1 47795
1 46788
1 81647
1 77660
1 86566
1 63619
1 93429
1 57296
1 80382
1 35697
1 28243
1 99423
1 99668
1 71892
1 31531
1 31073
1 28506
1 93371
1 70333
1 93948
1 31215
1 74058
1 77417
1 77039
1 69603
1 59375
1 77213
1 89132
1 69326
1 45454
1 68173
1 35926
1 70912
1 89302
1 73796
1 98178
0 2
1 42817
1 94264
1 53283
1 84219
1 65147
1 67570
1 89547
1 80262
1 90895
1 74520
1 88876
1 91154
1 97794
1 90677
1 86961
1 77385
1 92721
1 52747
1 33992
1 19922
1 32652
1 62731
1 44108
1 21396
1 57640
1 33935
1 36587
1 96040
1 52487
1 99438
1 55715
1 61666
1 65889
1 74949
1 54024
1 95108
1 87137
1 68308
1 97031
1 47191
1 74248
1 26033
1 23663
1 38725
1 97635
1 69447
1 85920
1 69678
1 76733
1 57546
1 68502
1 88207
1 95953
1 60360
1 57098
1 75405
1 51054
1 41708
1 99017
1 98844
1 62012
1 37772
1 60822
1 19831
1 21049
1 51276
1 48088
1 75867
1 82184
1 45033
1 76945
1 72096
1 79366
1 97740
1 65467
1 90704
1 80132
1 69452
1 67486
1 70711
1 63537
1 30062
1 30180
1 23484
1 76605
1 98989
1 89919
1 96908
1 70507
1 84579
1 86392
1 53252
1 67510
1 69336
1 48225
0 2
1 82715
1 88313
1 67234
1 75701
1 97346
1 71041
1 24087
1 66814
1 57844
1 42012
1 97783
1 89011
1 70079
1 95641
1 42170
1 62218
1 31407
1 20861
1 91043
1 38698
1 83905
1 46713
1 88808
1 61706
1 45600
1 69566
1 97841
1 84554
1 63611
1 41618
1 48249
1 38448
1 80092
1 61318
1 65690
1 94598
1 75621
1 57666
1 33845
1 54711
1 79464
1 70105
1 75588
1 91195
1 88250
1 92582
1 92426
1 62011
1 97881
1 98229
1 73103
1 87886
1 72226
1 82340
1 47111
1 82352
1 95455
1 8823
1 33764
1 52534
1 20390
1 92301
1 81971
1 60167
1 64614
1 59768
1 54081
1 67505
1 82586
1 95510
1 52328
1 59754
1 91798
1 97996
1 98764
1 56065
1 95434
1 51405
1 32178
1 69665
1 72947
1 91605
1 63532
1 58545
1 84555
1 95701
1 94916
1 56017
1 14828
1 87080
1 64722
1 72582
1 89028
1 75063
1 54460
1 80793
1 78474
1 49356
1 95701
1 15794
1 53385
1 66875
1 91251
1 43129
1 41138
1 50599
1 34612
1 57853
1 96474
1 63136
1 99112
1 75526
1 60416
1 56805
1 35039
1 76590
1 20735
1 32479
1 55281
1 89415
1 92158
1 34576
1 75901
1 88289
1 95327
1 91923
1 77633
1 64273
1 47738
1 49639
1 50512
1 73690
1 95746
1 71181
1 10471
1 81423
1 44111
1 54147
1 79409
1 55919
1 74996
1 87536
1 84303
1 58322
1 73096
1 70991
1 65947
1 48866
1 51739
1 18498
1 87362
1 67606
1 84499
1 76206
1 72658
1 56359
1 73917
1 62829
1 90447
1 14091
1 61336
1 95820
1 65584
1 91279
1 71853
1 19670
1 26028
1 91193
1 70660
1 55964
1 56078
1 94227
1 31453
1 78143
1 45756
1 89314
1 24596
1 78448
1 58996
1 77456
1 59327
1 58326
1 38627
1 90742
1 99979
1 43648
1 43447
1 20102
1 52378
1 88378
1 55074
1 78346
1 60645
1 62931
1 99838
1 95659
1 44539
1 88976
1 38805
1 82482
1 65657
1 81288
1 76395
1 26207
1 59735
1 32306
1 75102
1 81141
1 82641
1 94361
1 92681
1 33482
1 69367
1 22030
1 4361
1 63929
1 90175
1 35692
1 69306
1 74875
1 24541
1 24306
1 42486
1 51936
1 74206
1 86007
1 90709
1 54763
1 96885
1 81198
1 92470
1 83623
1 89254
1 85174
1 95874
1 97657
1 73438
1 94181
1 62192
1 52794
1 87912
1 94400
1 94309
1 20206
1 46834
1 95730
1 4054
1 98684
1 75041
1 23810
1 16146
1 88961
1 31007
1 52172
1 47577
1 91343
1 47839
1 88342
1 49742
1 54355
1 59185
1 93651
1 99868
1 86203
1 93124
1 93603
1 61041
1 78944
1 98248
1 64126
1 64762
1 33669
1 24926
1 94632
1 84955
1 80626
1 95455
1 26773
1 77553
1 57038
0 2
1 60736
1 38010
1 47478
1 46910
1 39492
1 74668
1 95189
1 73031
1 77133
1 42039
1 52420
1 57105
1 78162
1 37358
1 81807
1 80211
1 79566
1 18982
1 91372
1 93664
1 74398
1 91259
1 86456
1 78493
1 69659
1 88965
1 6300
1 62230
1 81795
1 74159
1 95693
1 79676
1 71925
1 77402
1 79229
1 95099
1 64852
1 12477
1 50188
1 52932
1 85579
1 93422
1 97860
1 89615
1 46389
1 79489
1 66159
1 22195
1 27354
1 88972
1 75149
1 50885
1 15881
1 92382
1 51142
1 57955
1 54734
1 66218
1 30271
1 78427
1 83239
1 94331
1 61458
1 44993
1 78143
1 79213
1 61316
1 43627
1 20440
1 67687
1 87535
1 96886
1 74997
1 58489
1 38874
1 42666
1 76765
1 74387
1 25498
1 51853
1 37047
1 45971
1 60286
1 52547
1 62701
1 95787
1 86312
1 94272
1 66539
1 46923
1 94279
1 97119
1 97051
1 42247
1 34950
1 93247
1 53978
1 97699
1 98222
1 92638
1 99553
1 78022
1 51199
1 70172
1 57407
1 90236
1 63208
1 57274
1 47027
1 70088
1 98500
1 55899
1 22792
1 76155
1 47116
1 45498
1 95377
1 62418
1 41647
0 2
1 64278
1 53862
1 80297
1 94410
1 94796
1 24587
1 49113
1 22032
1 45686
1 71294
1 45102
1 90325
1 95134
1 87598
1 30439
1 75407
1 68871
1 73150
1 68872
1 14508
1 84455
1 95165
1 89557
1 71522
1 82857
1 10078
1 99108
1 89443
1 88362
1 47143
1 89680
1 82898
1 53275
1 57896
1 99995
1 51462
1 78324
1 53225
1 27287
1 60647
1 86972
1 63321
1 77090
1 65279
1 93343
1 80093
1 52308
1 97689
1 70160
1 90006
1 57210
1 92707
1 74950
1 64676
1 28150
1 79041
1 82036
1 82221
1 50856
1 97535
1 91248
1 46354
1 68154
1 62908
1 73257
1 54270
1 59712
1 45397
1 76406
1 52733
1 75749
1 32004
1 13950
1 71527
1 67517
1 78973
1 27107
1 52392
1 99775
1 32149
1 57232
1 46292
1 93097
1 50319
1 58272
1 29250
1 86558
1 33489
1 86788
1 98643
1 42079
1 70984
1 87859
1 82736
1 63308
1 74518
1 99714
1 98592
1 12024
1 96273
1 46434
1 68185
1 87760
1 98402
1 51186
1 87068
1 41001
1 14863
1 86282
1 47338
1 92765
1 95868
1 34520
1 96502
1 36723
1 62184
1 95361
1 79569
1 78068
1 75191
1 54536
1 24234
1 47436
1 80590
1 93178
1 74663
1 38310
1 52860
1 68291
1 99596
1 90717
1 76475
1 51522
1 73636
1 29231
1 95966
1 85550
1 29007
1 89945
1 36205
1 29786
1 89215
1 81522
1 68598
1 46993
1 50504
1 83159
1 80918
1 51522
1 88579
1 26024
1 51054
1 75363
1 76941
1 97364
1 43564
1 24836
1 84184
1 18945
1 72155
1 50524
1 91212
1 55456
1 29675
1 70682
1 65719
1 34253
1 51799
1 81459
1 82858
1 85879
1 24811
1 54782
1 27798
1 22759
1 21984
1 58326
1 69225
1 74731
1 76245
1 42577
1 90059
1 66123
1 47884
1 80725
1 81595
1 73312
1 64167
1 67477
1 66363
1 75358
1 78574
1 96650
1 89394
1 70357
1 34633
1 92494
1 4695
1 76455
1 41881
1 59688
1 72960
1 41685
1 85571
1 54079
1 49301
1 68134
1 46657
1 76703
1 85583
1 66445
1 99461
1 97205
1 95979
1 56004
1 70469
1 62530
1 89535
1 81435
1 97327
1 77606
1 59520
1 69553
1 65817
1 69504
1 35327
1 66572
1 83152
1 78412
1 32781
1 84940
1 38933
1 97618
1 56234
1 23225
1 56674
1 83100
1 71567
1 83736
1 89147
1 86901
1 64401
1 81886
1 66414
1 84385
1 71870
1 17380
1 94900
1 85706
1 59937
1 84052
1 77707
1 59050
1 52963
1 80562
1 64963
1 34055
1 11195
1 42599
1 83556
1 30683
1 98638
1 41682
1 73028
1 40881
1 68776
1 73884
1 77809
1 60182
1 90772
1 63100
1 41779
1 66686
1 89514
1 99072
1 80001
1 52089
1 70381
1 25828
1 27966
1 57892
1 91740
1 86870
1 69151
1 83478
1 35748
1 59178
1 58540
1 31452
1 39674
1 82406
1 67003
1 94212
1 99640
1 74217
1 50496
1 97354
1 55335
1 78511
1 32743
1 63875
1 89679
1 22144
1 23344
1 34622
1 48002
1 21634
1 91030
1 2086
1 92881
1 74779
1 93254
1 54738
1 50689
1 58589
1 45737
1 97554
1 73212
1 83119
1 40290
1 18825
1 71981
1 40970
1 48189
1 89404
1 66610
1 49681
1 47027
1 91750
1 77144
1 62328
1 52026
1 83469
1 76429
1 71586
1 43764
1 70154
1 92951
1 38312
1 78766
1 62397
1 76941
1 9370
1 67493
1 91962
1 42452
1 65671
1 94466
1 54583
1 44521
1 56185
1 81958
1 18993
1 89770
1 64731
1 34992
1 88929
1 78638
1 98174
1 79787
1 72703
1 63845
1 74443
1 57103
1 20257
0 2
1 65757
1 57729
1 77495
1 54627
1 31022
1 29763
1 88597
1 96648
1 88410
1 87369
1 75168
1 75579
1 66393
1 57745
1 96402
1 78494
1 91204
1 99855
1 76885
1 96347
1 95811
1 45967
1 62546
1 46169
1 42898
1 56175
1 74458
1 36018
1 53210
1 21003
1 69618
1 81801
1 96328
1 84545
1 36082
1 82601
1 70197
1 44725
1 90785
1 90810
1 20085
1 36735
1 86809
1 93361
1 63826
1 46158
1 62085
1 73035
1 81309
1 97735
1 62803
1 88069
1 21650
1 16821
1 24531
1 74048
1 98886
1 68891
1 90250
1 59662
1 64226
1 38984
1 51769
1 42411
1 55807
1 76552
1 61660
1 19528
1 97531
1 47444
1 76917
1 72456
1 79449
1 48959
1 67385
1 20134
1 78567
1 84763
1 95951
1 16065
1 99851
1 31129
1 98286
1 80995
1 84455
1 93775
1 46529
1 98557
1 79078
1 91972
1 49023
1 93812
1 26633
1 98837
1 75797
1 62904
1 35445
1 72679
1 31839
1 99866
1 42738
1 89809
1 98733
1 59666
1 74618
1 46927
1 52256
1 63942
1 68808
1 55709
1 85581
1 61665
1 80398
1 41657
1 58408
1 90532
1 21323
1 89284
1 49480
1 77457
1 95064
1 96199
1 92369
1 15586
1 75520
1 78253
1 87135
1 88665
1 55569
1 75054
1 81446
1 28097
1 74103
1 98834
1 71836
1 90506
1 67053
1 91730
1 89426
1 34655
1 80279
1 55531
1 27317
1 42308
1 49532
1 53601
1 13265
1 76470
1 84971
1 49447
1 49059
1 52176
1 87652
1 81842
1 65043
1 80402
1 81970
1 80545
1 96291
1 79755
1 74062
1 64970
1 48002
1 86182
1 80006
1 72133
1 85894
1 51428
1 82972
1 97649
1 96119
1 96432
1 58951
1 58210
1 98274
1 23928
1 55681
1 56441
1 50700
1 44371
1 33320
1 56976
1 35398
1 81675
1 36161
1 90399
1 64091
1 42415
1 80057
1 76243
1 51062
1 75304
1 75454
1 71389
1 36256
1 65178
1 25675
1 98577
1 82494
1 80180
1 84285
1 27022
1 92044
1 89393
1 97200
1 64511
1 87378
1 97418
1 55272
1 33159
1 63829
1 78901
1 74090
1 60808
1 32406
1 16781
1 29277
1 20042
1 86840
1 88788
1 75635
1 39758
1 98056
1 65777
1 56531
1 66758
1 39776
1 64745
1 89716
1 97604
1 65265
1 78714
1 89734
1 90752
1 50053
1 76047
1 45928
1 77625
1 79373
1 96169
1 73214
1 46311
1 79634
1 37141
1 63172
1 28983
1 95531
1 73445
1 81227
1 96037
1 91290
1 61812
1 92064
1 92644
1 54201
1 26486
1 42154
1 86561
1 89129
1 96539
1 75968
1 6968
1 90378
1 61283
1 49857
1 92965
1 53061
1 75426
1 24397
1 94534
1 22133
1 12905
1 73389
1 36777
1 76830
1 61804
1 20450
1 61243
1 3378
1 27205
1 66844
1 91642
1 84920
1 80910
1 65622
1 11159
1 49301
0 2
1 86337
1 80019
1 50478
1 62887
1 49860
1 65881
1 69511
1 97542
1 12109
1 58877
1 21049
1 59177
1 89498
1 79555
1 19656
1 79933
1 24797
1 92484
1 14345
1 58488
1 84102
1 60205
1 41847
1 68087
1 96017
1 10144
1 86063
1 42218
1 64591
1 96984
1 80538
1 72120
1 39575
1 75240
1 85909
1 91804
1 72296
1 44193
1 58728
1 78339
1 73939
1 42205
1 66532
1 72003
1 43053
1 87502
1 70156
1 28068
1 96842
1 44111
1 95139
1 19624
1 35808
1 36740
1 94625
1 8290
1 47277
1 26646
1 40080
1 54033
1 87883
1 88780
1 46737
1 14295
1 75994
1 86103
1 22683
1 52970
1 33206
1 62615
1 88539
1 61736
1 65386
1 93420
1 82124
1 91270
1 58814
1 58424
1 61880
1 78457
1 91264
1 41392
1 94250
1 86994
1 18897
1 56352
1 69792
1 73030
1 61048
1 90289
1 50334
1 74001
1 83009
1 48682
1 46091
1 49889
1 92527
1 70721
1 95832
1 76017
1 59644
1 10471
1 51410
1 53725
1 56900
1 38679
1 42964
1 67194
1 76491
1 85273
1 96417
1 38924
1 74286
1 63331
1 50084
1 88336
1 66635
1 75680
1 69842
1 55765
1 66997
1 29715
1 17801
1 85265
1 50405
1 87363
1 62698
1 67718
1 78813
1 86803
1 80878
1 81605
1 77603
1 87721
1 62876
1 97183
1 79080
1 39227
1 92479
1 90769
1 91400
1 30627
1 44633
1 40657
1 28535
1 55750
1 43804
1 54962
1 87592
1 85999
1 95723
1 92168
1 77365
1 67493
1 69558
1 92940
1 83413
1 97188
1 95326
1 58490
1 82973
1 96677
1 97089
1 79181
1 88595
1 25447
1 80319
1 57021
1 75072
1 33493
1 50245
1 90153
1 42780
1 59264
1 76860
1 35819
1 84771
1 63391
1 94044
1 49584
1 58343
1 97752
1 63408
1 66758
1 95764
1 53810
1 32441
1 85801
1 41535
1 76292
1 71485
1 69279
1 74160
1 71089
1 61958
1 36949
1 55817
1 55902
1 10742
1 29489
1 45624
1 35848
1 97684
1 19803
1 76236
1 45526
1 78386
1 58439
1 40189
1 97589
1 36563
1 77416
1 60051
1 33146
1 82511
1 84010
1 84089
1 94481
1 93334
1 88524
1 81865
1 86814
1 75023
1 97689
1 90932
1 53765
1 81579
1 23518
1 68952
1 55503
1 86955
1 90486
1 71544
1 72958
1 61031
1 70884
1 68107
1 51078
1 58141
1 83174
1 82942
1 8550
1 74963
1 96840
1 64228
1 90291
1 79428
1 85098
1 95689
1 94279
0 2
1 5515
1 84460
1 88649
1 82471
1 82127
1 78335
1 37454
1 32626
1 3205
1 81342
1 96043
1 74011
1 42685
1 52999
1 8783
1 67642
1 34212
1 69818
1 26031
1 86371
1 52900
1 49321
1 82900
1 86075
1 12212
1 90871
1 88659
1 34462
1 57470
1 92866
1 91833
1 59544
1 52572
1 77021
1 91389
1 86264
1 71655
1 99258
1 90732
1 95624
1 80377
1 65176
1 98847
1 76447
1 95550
1 81730
1 30998
1 85866
1 52517
1 5748
1 83473
0 0
