5
99 97
0 2 4 0 0 2 0 1 1 1 0 1 0 3 0 1 1 1 1 0 0 1 0 0 1 2 0 0 1 3 1 2 0 2 1 1 1 3 3 1 2 1 0 1 0 1 0 2 0 0 0 0 1 2 3 1 1 1 0 1 0 1 0 0 1 2 1 2 1 1 1 2 2 3 1 1 0 0 1 1 0 0 1 1 2 1 2 2 0 1 1 1 2 0 1 3 1
2 56 63
2 52 45
4 26 56 80 10
2 27 19
1 81
2 38 64
1 83
1 8
3 14 81 60
3 63 28 15
5 59 33 80 88 56
1 14
5 81 24 50 2 8
3 39 23 88
0
2 77 57
3 80 59 40
4 69 5 58 88
0
4 22 87 54 71
0
3 30 69 54
2 46 5
4 50 30 51 36
1 97
5 19 7 11 69 28
3 16 55 69
4 27 68 10 66
4 34 25 94 64
4 72 47 23 86
0
4 72 90 53 81
1 54
3 65 74 5
4 79 5 26 13
2 35 33
4 38 59 74 40
0
1 17
1 41
3 33 10 47
4 91 2 86 77
1 13
5 65 47 9 39 68
3 94 54 3
4 34 70 83 29
2 7 95
2 74 79
4 9 29 23 69
2 90 7
1 33
5 16 49 38 74 73
2 46 84
3 59 74 67
3 86 63 37
0
3 95 41 70
1 26
5 35 39 95 14 72
2 91 6
0
4 97 58 68 17
4 88 7 24 16
3 74 27 60
3 96 14 52
5 96 37 95 54 63
0
4 39 38 78 11
0
2 19 81
3 48 92 68
5 80 32 66 58 37
3 15 86 29
0
3 82 24 11
5 11 17 7 4 44
3 76 17 83
5 51 62 24 46 79
4 7 33 25 16
0
2 64 69
5 55 39 29 77 22
1 16
2 82 27
4 4 45 91 42
1 51
1 90
0
0
5 68 20 74 51 22
2 55 94
1 64
0
2 57 85
5 7 21 75 82 1
3 42 24 36
1 35
5 19 49 18 14 75
4 31 54 56 42
96 97
0 3 1 1 0 3 1 2 2 1 0 0 1 1 1 0 0 1 3 0 1 0 0 1 0 1 1 1 1 2 0 1 0 2 2 0 1 0 1 3 0 2 1 0 0 1 0 2 1 0 2 2 3 1 0 2 2 0 1 0 4 3 0 2 0 1 1 3 1 1 1 1 1 1 1 0 2 2 0 1 0 0 1 1 1 1 1 0 0 0 0 1 2 1 0 2 0
5 88 24 53 48 13
3 61 81 20
4 46 83 71 56
2 82 65
2 13 3
5 59 51 96 19 57
1 64
2 48 64
2 69 73
1 63
1 34
1 18
0
0
3 80 46 91
2 93 88
0
0
4 60 8 51 37
0
2 71 17
3 29 42 39
2 61 94
3 21 66 68
2 89 69
4 39 74 21 96
2 84 22
3 92 78 51
3 5 25 75
5 62 66 11 48 72
4 8 33 80 90
3 34 86 1
5 85 66 80 64 65
0
2 75 64
4 53 60 44 65
5 10 62 95 27 37
0
5 49 84 92 17 60
4 96 72 93 14
5 38 7 70 57 17
3 26 29 95
0
5 88 12 70 93 95
0
0
5 64 1 80 41 14
5 70 48 5 55 95
3 92 66 49
2 24 89
2 81 75
2 15 51
2 81 68
0
1 23
1 75
1 25
2 16 30
5 9 10 12 26 48
2 59 28
5 31 25 20 68 1
1 13
1 39
4 58 22 59 74
4 25 16 97 44
3 73 67 45
1 30
0
4 42 65 2 14
0
3 55 84 9
2 84 45
1 30
4 43 90 34 10
3 44 25 28
3 58 2 51
0
0
0
3 28 75 22
2 14 42
2 34 30
0
0
2 31 51
2 9 53
4 95 68 25 31
5 64 46 9 16 80
1 83
4 56 74 49 47
4 61 5 59 40
2 2 43
5 34 13 87 74 11
2 20 22
5 61 84 50 80 82
4 54 58 86 78
97 100
0 2 2 0 2 2 1 3 1 0 1 1 3 1 0 1 1 1 3 1 0 2 1 3 1 0 1 1 1 5 1 1 1 1 0 0 0 1 0 1 2 1 2 1 2 1 1 0 1 1 1 1 0 1 1 2 0 0 0 0 3 1 1 3 1 0 1 0 0 0 1 0 3 1 1 0 0 2 1 0 0 1 0 0 0 2 1 3 0 0 1 0 0 2 0 1 1 0 1 0
0
2 4 10
2 9 79
1 45
5 71 92 56 21 44
1 4
5 87 99 51 54 59
0
0
0
3 66 79 92
1 97
5 99 9 5 75 69
2 51 33
4 56 83 8 45
3 1 14 26
2 73 89
3 15 21 7
0
3 3 58 41
0
3 86 4 37
5 34 53 30 46 48
3 45 46 33
1 81
3 74 25 58
4 54 55 52 29
4 23 10 94 76
1 40
5 100 6 82 73 31
0
1 17
5 20 70 47 62 59
2 89 52
1 93
1 92
4 77 53 45 41
2 85 98
1 5
4 98 90 61 49
1 13
1 66
4 41 40 25 97
4 83 36 97 30
1 51
2 93 23
1 40
0
4 3 10 84 41
4 26 43 21 33
2 40 52
1 94
5 37 23 100 27 73
1 95
5 62 3 7 49 99
4 35 75 24 60
3 76 7 17
1 83
5 26 94 25 1 74
2 17 44
5 28 3 10 82 1
5 81 93 13 58 20
3 38 80 66
3 57 80 89
2 31 87
5 90 93 83 6 34
1 3
2 52 87
2 90 50
0
4 28 58 29 64
1 95
5 86 85 4 51 56
5 79 8 49 26 47
2 58 49
2 100 87
4 32 85 5 33
3 87 25 69
5 58 12 65 47 15
3 15 29 93
3 64 85 74
5 84 58 68 28 23
4 82 14 20 7
0
3 51 20 37
2 46 80
1 30
3 81 72 85
2 90 81
1 86
1 64
4 45 43 22 76
4 66 33 96 24
4 49 18 50 62
1 75
0
0
95 95
0 0 1 1 0 1 0 1 2 0 0 5 3 1 3 1 1 1 0 0 0 1 1 1 1 1 1 0 1 0 1 2 1 0 0 2 4 0 1 1 0 0 2 2 2 1 4 1 1 2 1 1 0 2 2 1 0 2 0 5 1 0 0 0 1 0 1 0 0 1 0 0 2 0 2 0 1 0 3 1 1 1 0 0 1 0 1 1 3 0 0 2 0 2 1
3 22 50 95
2 71 84
5 78 45 6 31 95
5 80 92 36 57 46
0
3 83 3 7
2 42 7
0
4 36 11 33 38
0
4 80 72 66 13
1 35
3 12 19 71
1 26
5 67 12 42 94 10
1 64
0
0
3 10 65 35
0
2 69 39
3 44 50 71
2 60 88
2 50 67
2 11 19
5 89 7 54 71 94
5 4 12 85 44 42
2 22 91
0
5 71 32 55 15 7
1 74
0
1 83
5 29 85 76 20 84
0
5 36 23 3 31 27
5 13 35 47 58 64
2 43 46
3 74 31 58
2 84 45
1 48
0
5 60 5 50 57 54
1 8
0
5 92 81 21 91 83
4 35 27 28 66
2 45 25
0
4 7 30 12 9
4 4 67 68 64
2 7 78
2 4 73
3 95 57 78
5 46 34 30 90 59
4 3 69 12 87
5 47 1 82 58 71
2 72 73
4 22 16 24 38
4 20 31 90 48
1 91
4 52 72 93 76
5 17 24 31 2 6
4 26 94 71 93
2 5 38
0
5 89 6 95 57 81
2 35 15
1 53
0
2 47 62
0
2 62 16
0
3 7 67 36
2 56 92
1 9
3 50 37 15
1 21
1 66
5 94 81 19 37 54
0
5 78 81 35 41 21
3 23 25 71
4 53 42 69 89
2 4 57
1 8
4 22 14 64 53
2 92 79
3 53 30 65
5 61 11 36 52 8
2 76 29
5 7 14 22 65 49
1 45
1 72
100 98
2 2 0 0 0 1 2 1 2 1 2 1 2 1 0 1 0 0 1 0 0 0 0 2 1 0 0 1 1 3 1 3 1 0 1 1 2 1 0 0 1 0 2 1 1 2 4 0 1 0 1 0 0 1 0 3 3 1 0 2 2 1 0 2 2 1 0 1 1 2 0 0 3 2 2 0 0 1 0 1 1 3 1 1 0 4 1 0 0 2 1 1 1 0 0 2 0 1
2 94 22
5 93 76 26 66 44
2 97 94
1 11
4 11 59 74 77
0
4 35 76 4 43
2 88 6
5 63 47 23 43 40
5 62 9 66 91 13
1 81
1 29
0
5 34 77 18 47 64
4 17 49 76 58
3 36 5 79
2 45 35
2 81 73
0
3 82 93 12
1 29
5 37 72 84 43 88
3 54 78 90
5 21 22 33 71 15
1 38
5 66 78 2 68 18
1 10
3 25 22 30
1 24
1 2
1 39
0
3 61 60 62
5 57 69 79 32 8
4 2 34 90 87
1 4
1 8
0
3 6 85 61
4 59 33 35 84
5 20 28 10 38 69
1 30
5 92 98 5 87 47
3 7 31 53
1 97
0
3 34 42 46
2 52 93
0
3 95 17 40
4 94 21 28 72
5 24 54 71 58 10
5 52 30 24 63 33
0
1 39
3 24 28 80
2 63 73
3 18 23 58
0
4 44 66 19 18
5 36 75 44 74 37
4 79 65 29 86
5 39 93 42 24 55
0
2 6 4
2 1 50
0
3 49 22 48
2 5 40
5 93 94 72 38 97
2 9 90
3 71 80 98
0
2 60 25
3 22 33 21
0
2 78 25
4 4 47 1 44
2 8 34
5 88 23 83 20 29
5 27 39 74 12 56
3 18 83 67
3 34 39 63
4 7 45 24 76
2 90 38
4 14 45 17 64
5 83 23 80 32 53
2 69 2
5 38 74 22 41 8
2 37 35
5 75 85 25 17 58
4 27 24 9 55
1 64
3 88 11 23
0
4 69 37 13 28
3 74 14 9
5 29 70 84 98 63
3 18 91 86
3 29 12 71
