5
99 98
4 0 1 1 3 2 0 1 4 0 1 1 2 2 1 2 0 0 1 2 1 2 0 1 1 1 2 0 2 0 0 3 0 2 0 0 1 1 1 0 1 1 1 2 0 1 1 0 1 1 1 0 0 1 0 0 2 1 2 3 3 0 0 0 0 0 1 2 1 1 0 3 0 0 0 1 2 0 0 0 0 1 0 2 2 1 2 1 0 1 0 0 1 1 2 3 3 0
5 72 78 90 7 60
6 69 37 10 41 4 59
10 61 85 79 5 7 58 3 55 1 50
6 59 24 30 26 77 21
2 29 21
10 78 97 85 21 47 13 38 7 98 12
0
2 1 31
4 65 45 55 48
5 46 45 97 22 19
3 9 74 72
4 28 80 52 58
1 52
2 85 5
10 61 27 86 56 32 45 55 87 47 79
7 51 26 93 31 25 90 97
1 56
1 64
7 21 82 35 22 1 47 69
4 23 71 81 27
5 74 2 47 24 27
0
7 20 14 70 22 87 21 51
1 27
5 55 67 76 60 47
4 46 17 86 20
7 56 71 27 84 36 88 82
10 38 54 34 13 59 4 37 70 82 86
1 94
2 85 21
4 97 95 39 57
10 72 71 43 36 67 26 23 3 59 13
5 24 74 94 50 38
8 76 57 95 91 83 60 49 13
7 71 13 88 98 44 51 58
1 53
6 84 21 43 96 40 81
4 16 91 90 67
10 55 58 90 30 46 21 28 10 50 77
2 44 12
8 16 83 88 63 93 78 2 71
2 27 9
9 2 40 54 97 65 98 17 13 56
4 86 56 34 51
0
8 7 93 83 65 51 40 75 76
7 95 9 8 36 15 31 16
1 55
7 4 70 7 42 48 15 38
8 92 62 2 20 28 83 35 6
8 12 77 56 73 58 57 76 46
0
2 52 24
7 26 28 94 90 78 66 79
6 93 58 79 78 17 75
1 35
7 88 55 72 66 58 87 80
4 49 95 62 3
2 65 42
4 74 90 85 32
3 91 81 62
6 40 74 5 94 98 79
8 22 14 35 54 80 49 65 17
7 65 31 26 80 57 50 73
10 49 47 21 13 96 29 26 91 34 58
5 22 47 19 74 9
7 66 23 67 34 8 71 2
4 42 19 93 49
2 43 84
3 68 27 3
3 4 86 90
1 11
8 35 74 40 44 82 43 63 20
8 76 71 26 2 80 9 62 19
3 14 73 69
4 78 24 25 17
5 90 91 8 24 14
3 20 60 21
6 50 55 46 27 66 40
9 51 76 39 5 10 13 82 70 26
10 9 74 21 18 65 98 6 35 83 45
3 82 4 61
2 46 56
2 68 26
3 35 22 9
3 55 59 5
7 52 72 82 33 61 16 75
1 33
1 72
10 4 32 15 30 3 65 17 51 94 27
3 49 81 60
0
3 92 9 70
2 88 14
4 14 3 17 64
10 77 42 88 41 20 97 53 36 69 56
3 83 14 35
2 46 54
6 15 78 52 76 2 29
99 95
1 2 1 0 1 0 0 2 3 0 1 1 2 3 2 1 0 1 0 1 1 0 3 0 0 2 0 0 1 0 1 0 0 3 2 0 1 3 1 1 1 3 0 1 1 0 0 1 0 1 1 1 1 0 1 2 2 4 2 0 3 2 1 1 0 4 1 0 1 1 1 0 1 1 0 1 1 1 2 1 0 1 2 2 2 0 1 1 1 0 1 0 0 1 1
4 49 78 13 57
7 82 46 19 61 35 36 33
1 35
6 22 42 37 8 82 86
6 52 43 65 77 13 44
4 34 32 95 94
2 91 76
10 95 37 63 86 69 42 58 29 56 39
5 39 10 80 1 35
7 57 6 76 9 67 45 87
4 8 39 20 48
6 19 42 5 61 32 77
4 84 81 38 77
8 54 67 23 53 52 84 10 42
0
3 51 15 55
3 37 83 5
0
5 11 32 24 40 70
4 52 38 64 55
9 43 7 47 20 87 44 24 28 95
7 37 31 29 46 49 44 92
3 45 64 50
2 77 65
6 46 69 78 35 8 57
3 19 86 23
5 14 24 19 45 31
10 12 44 95 35 27 24 1 31 65 32
10 25 14 92 64 8 50 57 72 42 27
6 39 62 95 12 47 40
6 36 56 14 48 86 41
4 6 91 31 21
1 71
7 78 42 7 68 34 85 11
10 61 49 70 63 75 94 7 25 57 10
8 29 64 83 73 82 92 39 65
6 44 87 16 76 71 72
9 9 61 44 45 88 24 20 27 65
9 79 34 10 93 43 84 88 31 18
4 91 35 88 32
4 53 27 93 58
2 91 75
8 7 9 65 60 19 83 36 82
0
6 88 29 78 5 56 22
2 50 64
1 19
7 63 68 49 38 12 18 20
7 88 94 22 89 47 18 93
0
2 54 58
8 63 74 59 72 13 40 41 77
6 73 86 3 55 41 93
10 70 12 21 11 67 87 4 13 53 36
8 24 86 57 7 22 92 54 33
0
5 17 84 1 26 22
10 91 47 64 23 83 28 7 38 77 52
6 35 49 23 46 63 72
1 46
5 60 46 72 80 74
9 52 74 79 45 48 8 78 65 1
3 34 54 92
8 61 87 83 60 82 51 27 69
4 16 64 93 31
8 5 66 82 77 88 61 75 72
7 78 11 79 83 10 15 16
3 52 65 59
5 64 65 6 43 92
0
3 88 1 54
0
6 73 49 68 13 11 80
7 55 24 20 26 62 23 77
5 46 20 35 71 88
10 83 5 93 3 15 90 82 67 1 22
10 7 71 16 84 37 69 19 56 36 11
4 11 19 60 53
3 2 64 72
9 72 67 80 73 82 68 39 77 62
2 24 27
2 91 7
10 84 71 61 64 81 47 5 93 29 18
7 45 38 54 85 76 78 83
4 5 18 7 39
5 74 41 4 6 90
9 36 10 19 92 42 81 47 75 6
0
5 4 90 91 75 39
6 27 72 14 21 67 12
8 87 42 65 80 49 40 78 14
9 70 41 39 71 77 37 54 74 36
8 95 68 27 76 80 60 47 87
4 68 16 77 38
3 37 40 15
5 44 89 77 59 15
10 30 90 14 20 51 33 66 10 32 83
10 33 70 43 53 45 20 12 19 26 17
7 4 22 46 10 88 11 2
96 100
0 0 1 0 0 1 1 2 1 0 1 1 2 0 2 0 1 0 0 0 1 0 3 3 0 2 0 2 0 3 1 1 2 0 2 0 0 2 3 1 0 1 1 0 0 1 2 0 0 0 2 1 5 2 0 0 4 2 0 0 0 1 0 2 0 1 1 4 4 0 1 1 0 1 0 3 1 0 0 1 0 0 0 0 2 0 1 0 1 0 2 1 2 0 0 1 0 3 0 2
1 43
2 14 100
7 84 15 3 33 8 80 59
2 90 47
10 42 44 38 35 84 41 22 78 53 37
7 72 66 61 84 31 21 20
1 89
4 67 49 97 6
0
4 33 21 2 32
7 85 55 68 58 98 91 77
1 87
5 63 73 89 79 49
5 41 47 60 34 10
10 56 42 61 37 20 3 64 84 74 59
9 33 11 69 55 2 15 61 3 38
9 76 44 69 2 61 4 42 48 99
10 98 18 82 19 61 30 77 45 62 46
4 6 44 48 20
10 41 45 56 35 86 27 15 12 98 18
0
1 68
9 43 85 45 34 90 83 18 97 84
1 11
3 37 2 14
0
8 66 35 40 54 21 78 53 48
8 78 67 98 85 45 96 35 7
7 51 11 74 49 18 58 9
5 32 47 56 17 11
4 91 35 53 24
5 14 17 9 16 76
5 45 79 3 78 22
1 84
9 17 36 10 4 31 56 21 100 44
1 87
6 55 20 87 62 95 82
0
6 51 98 69 66 100 2
4 50 35 6 45
5 19 66 52 36 62
10 6 94 82 72 54 11 89 76 70 42
7 35 92 8 47 88 25 51
10 77 25 76 97 78 80 52 29 26 59
3 99 86 48
6 90 80 68 4 42 76
3 35 46 21
5 49 41 50 94 85
3 89 30 39
9 96 83 8 60 46 53 71 43 55
1 90
1 75
5 7 16 97 45 94
6 33 94 92 19 40 1
5 49 69 87 39 22
3 77 95 66
6 62 80 60 72 91 26
0
9 55 68 100 59 84 12 78 35 16
10 2 27 81 40 93 48 3 92 94 55
9 10 33 73 31 71 37 40 12 94
10 5 34 46 40 4 85 89 75 29 70
10 2 39 74 16 15 75 26 85 67 10
6 56 39 84 93 89 48
4 96 4 21 74
9 68 63 44 76 34 10 86 96 69
7 28 51 3 36 21 40 46
7 6 10 4 90 56 77 55
10 54 2 19 58 38 65 39 87 78 12
1 39
8 25 46 95 89 35 84 70 19
6 32 78 66 22 79 47
1 93
3 46 91 56
2 8 50
7 88 42 64 73 66 4 37
10 52 41 37 16 28 80 92 81 46 13
4 84 25 26 57
4 3 61 49 88
7 39 75 83 1 52 57 29
3 5 79 82
3 80 3 60
8 31 27 83 7 100 61 64 84
6 71 17 27 65 20 82
3 39 47 60
2 53 67
0
5 55 68 62 11 73
9 53 54 55 45 86 21 48 20 98
8 21 47 23 42 74 11 7 91
8 4 75 52 99 94 68 41 45
7 12 51 18 35 13 41 16
7 22 42 56 54 17 44 88
10 11 57 54 10 96 65 38 62 36 26
9 98 92 27 13 73 89 82 64 38
8 48 55 6 96 85 32 20 53
100 100
1 1 0 2 0 2 1 1 1 0 0 2 2 1 1 0 2 2 0 0 0 0 0 0 0 3 0 1 0 2 1 0 2 1 1 0 1 1 2 2 1 2 2 0 0 0 2 2 4 1 1 0 3 1 1 0 0 0 0 1 0 1 1 0 1 3 1 2 0 4 0 0 0 2 1 0 1 2 3 1 3 4 0 1 0 0 1 1 1 1 0 2 0 2 1 1 1 1 0 0
4 19 8 80 22
6 32 25 93 34 41 87
7 91 60 37 75 15 40 39
6 48 43 20 59 88 49
3 67 84 26
5 87 69 52 28 51
1 11
9 33 87 41 64 22 70 23 8 76
6 32 64 43 4 27 86
0
4 65 38 46 53
7 93 66 39 86 46 100 59
2 89 6
6 5 83 63 70 75 21
1 68
1 56
0
10 20 66 61 48 41 73 54 62 25 43
5 87 94 36 12 65
8 2 15 34 48 45 52 61 4
9 35 18 34 37 76 86 48 91 12
7 37 76 53 45 93 72 50
8 79 2 32 4 93 28 58 23
8 10 6 96 19 87 64 15 98
0
5 27 20 48 89 77
5 28 87 84 75 18
8 54 100 48 30 90 99 93 63
1 28
10 85 44 94 92 53 39 19 15 58 80
10 91 100 14 56 64 98 79 57 5 10
6 58 46 27 70 4 32
0
4 8 25 33 46
5 68 74 88 84 86
9 97 25 94 21 83 56 73 66 59
10 94 33 15 48 54 53 13 14 4 21
3 37 91 15
5 70 5 1 55 64
3 5 13 60
1 57
6 71 27 56 17 20 6
0
1 42
3 55 67 98
0
1 32
3 57 23 38
5 65 57 99 48 62
6 60 57 4 1 34 58
9 72 17 22 33 86 7 75 87 15
5 89 84 70 76 62
4 42 57 91 71
5 64 38 92 78 89
7 72 24 59 49 44 3 63
10 5 22 76 15 19 29 83 8 92 100
3 9 10 16
5 2 27 79 34 96
7 76 99 82 64 75 29 81
5 50 18 6 72 74
10 26 84 21 60 8 52 2 53 50 55
7 86 96 66 95 6 2 36
8 42 43 25 4 1 93 58 87
1 13
6 68 77 24 56 93 57
3 33 98 9
5 37 78 61 55 62
10 99 37 2 6 8 31 33 98 23 52
1 99
1 80
8 87 92 100 74 81 85 49 20
5 62 55 21 30 98
6 47 77 82 79 92 68
2 56 40
6 25 56 21 83 14 72
5 67 48 75 19 50
7 97 61 55 45 26 32 15
3 11 25 91
5 36 88 39 76 32
4 63 43 9 26
8 53 60 71 40 62 37 80 28
6 72 12 80 95 78 84
3 17 46 24
7 48 53 18 50 83 47 10
5 68 95 24 70 13
5 1 80 6 15 45
1 18
7 7 19 44 48 17 74 93
2 27 42
3 33 40 9
2 22 48
2 89 71
6 32 37 54 45 31 58
3 38 88 72
9 67 2 62 1 25 16 56 64 29
1 73
3 32 43 18
3 85 9 59
3 20 18 33
10 79 49 1 23 84 26 60 36 15 14
95 100
1 0 0 1 2 2 2 4 0 2 0 0 1 2 2 1 1 1 0 0 2 4 1 2 0 1 1 0 3 2 0 1 1 0 0 1 1 2 0 0 0 3 1 1 0 0 1 0 0 1 1 1 0 2 1 2 0 1 0 2 0 1 0 0 0 0 1 1 1 1 0 1 0 0 3 0 1 2 1 1 1 1 2 0 2 2 0 1 2 1 1 3 0 0 1 0 1 0 2 0
8 84 6 5 100 95 82 22 16
5 34 36 87 43 16
6 21 72 96 39 22 78
2 60 51
9 24 17 7 78 86 46 49 80 6
6 63 70 17 61 92 87
3 11 12 33
4 60 79 57 84
2 29 19
7 30 85 25 67 39 31 22
5 77 79 46 98 69
2 17 69
10 79 42 84 56 20 61 69 92 96 85
10 90 20 38 54 64 32 67 3 61 42
0
1 99
8 21 5 79 78 11 54 42 81
8 16 75 3 20 32 26 46 25
1 13
8 39 41 57 38 25 9 8 18
10 76 91 68 95 81 100 83 52 74 25
6 91 89 92 64 56 81
7 71 55 29 69 4 61 64
3 6 83 90
8 75 3 25 23 39 98 53 66
4 15 11 64 40
5 29 43 8 65 69
0
10 26 34 44 97 40 81 7 19 89 79
4 62 78 41 77
7 87 62 52 26 91 10 70
5 70 66 9 85 67
1 34
0
3 27 69 37
7 38 75 71 51 77 11 5
1 95
6 21 67 64 84 72 11
2 83 52
1 36
2 67 18
10 99 77 6 96 50 52 14 40 24 71
2 19 35
3 38 10 18
3 59 87 66
4 37 60 22 57
8 41 98 6 65 18 59 93 54
3 6 35 55
6 46 16 48 95 30 44
2 85 49
2 85 43
9 26 48 75 87 39 44 37 64 34
4 48 10 51 17
0
6 21 5 37 75 22 61
10 38 86 33 89 62 46 52 65 42 11
9 38 84 89 43 21 45 88 56 81
3 50 31 72
0
8 32 100 76 45 89 37 40 24
3 67 52 42
2 20 41
3 33 31 80
10 46 74 44 78 55 36 80 50 64 92
7 85 23 6 97 94 5 33
10 94 48 76 12 59 8 99 56 88 80
3 18 44 32
2 92 87
5 32 65 76 58 82
0
10 91 44 47 96 36 69 60 86 67 12
1 31
6 40 82 72 99 59 66
8 63 59 53 75 28 23 22 64
1 92
7 98 44 87 21 4 27 47
0
10 73 19 3 58 25 55 71 48 20 99
2 21 33
3 63 34 55
9 73 71 70 29 13 68 59 16 80
8 46 85 55 21 74 25 80 47
6 84 100 25 54 94 1
7 36 29 16 91 94 24 93
10 4 15 25 20 95 76 42 67 29 79
9 97 17 74 3 40 87 86 81 42
1 3
8 9 78 94 45 52 55 72 31
10 77 45 73 22 74 20 63 15 38 13
0
1 28
6 70 36 86 66 57 96
4 39 56 53 99
3 59 13 77
10 61 55 79 83 99 32 36 54 96 63
