5
97 100
1 1 1 0 0 1 0 1 1 2 0 1 2 0 1 0 2 3 0 1 0 1 0 1 0 0 1 0 1 2 0 3 2 2 1 0 1 1 2 3 3 1 0 2 1 1 1 2 2 2 0 2 0 3 1 2 2 2 0 1 0 1 1 0 2 0 0 0 0 3 1 0 0 1 0 1 1 0 0 1 1 2 1 2 0 0 1 2 0 1 1 0 2 0 0 1 0 0 2 2
48 80 1 66 89 71 73 40 2 50 99 68 91 31 76 25 67 94 37 6 88 86 28 22 43 62 21 16 17 39 70 14 30 15 63 13 59 45 47 100 42 79 98 18 56 93 85 12 7
29 85 13 94 54 70 33 1 44 2 60 40 96 90 15 47 97 56 49 53 17 99 7 73 41 12 23 77 18 55
25 11 1 41 59 31 69 54 72 70 57 38 86 8 42 91 93 48 100 16 52 60 64 74 37 22
6 18 20 82 42 58 22
30 64 70 16 20 80 19 90 62 11 2 27 6 77 57 97 92 79 45 25 26 72 99 1 86 44 4 41 68 15 38
40 67 92 18 55 27 6 11 100 40 23 35 59 12 82 34 93 3 51 72 96 89 43 99 1 88 56 74 22 13 54 50 78 86 28 70 29 66 9 45 60
47 7 45 3 54 49 38 57 9 47 13 82 35 40 71 59 84 37 55 56 72 10 46 42 66 94 51 91 60 18 4 65 23 41 22 39 76 58 78 69 32 92 6 26 79 48 27 77
7 35 64 42 96 61 22 36
3 37 22 21
10 40 50 8 59 99 97 44 25 6 87
26 14 69 81 28 52 32 49 97 87 11 53 41 91 35 83 20 85 68 31 7 8 80 38 15 70 30
19 100 96 45 13 44 65 95 42 24 39 17 35 59 87 7 74 55 64 2
8 81 30 40 21 48 100 33 51
23 67 65 57 12 81 34 29 80 39 51 83 33 27 23 58 31 45 8 40 11 15 63 99
12 2 71 51 55 69 5 92 37 76 45 27 80
1 1
27 59 64 85 10 97 84 1 4 38 17 65 24 81 77 79 14 66 2 63 100 69 19 82 88 48 58 51
11 55 85 21 6 90 73 31 34 91 11 19
9 74 62 12 53 7 86 69 38 14
29 88 38 27 94 44 13 3 24 30 29 31 12 62 28 91 78 95 37 2 96 25 65 47 5 76 50 81 85 49
36 3 62 73 35 48 10 27 23 1 32 82 59 66 50 17 9 2 40 95 91 94 15 70 83 6 7 93 78 67 96 14 29 76 49 97 72
3 60 91 65
6 54 92 98 27 69 2
12 37 3 19 90 63 96 56 28 46 92 43 14
1 32
27 99 92 59 22 25 94 96 13 60 41 20 29 11 74 71 16 42 46 47 84 34 4 98 15 1 90 72
21 79 33 53 65 88 6 5 43 92 46 29 27 99 70 64 14 26 77 8 19 75
37 90 20 100 45 84 61 17 92 26 14 99 9 37 76 48 70 10 43 34 41 53 33 47 75 77 35 5 72 80 18 64 50 32 91 2 39 40
7 44 97 42 14 25 70 62
8 58 57 74 44 21 68 11 81
45 32 74 79 5 78 53 17 84 65 68 22 18 98 4 72 41 51 48 66 10 39 30 7 13 63 25 71 15 1 24 34 97 61 36 27 9 75 62 38 21 3 37 57 45 73
46 3 48 63 26 70 15 83 73 68 97 24 9 47 82 14 58 40 32 38 96 30 88 4 81 52 10 43 60 91 19 79 89 42 5 75 22 7 87 65 31 6 35 90 50 20 80
29 82 37 75 44 16 90 60 28 42 92 30 89 95 8 71 79 62 57 80 63 68 31 11 86 70 52 76 27 88
12 32 46 37 76 72 20 69 92 45 64 44 38
47 64 78 92 68 66 71 95 96 67 93 3 77 88 18 53 85 98 13 23 30 58 5 36 86 73 56 97 19 32 63 21 24 43 39 51 94 11 37 22 79 17 34 90 74 55 42 48
17 25 2 99 52 19 29 48 22 42 3 33 54 39 65 63 13 76
2 96 57
47 30 26 41 20 73 62 13 61 31 21 81 77 6 59 43 52 82 84 18 83 19 68 70 15 5 67 65 50 37 46 39 4 58 86 1 2 24 12 44 79 64 23 60 66 11 90 69
26 14 63 87 95 53 75 7 39 93 25 56 55 90 97 91 94 84 32 38 1 41 83 86 31 9 92
42 78 72 71 48 42 41 6 44 33 21 68 9 5 26 79 54 3 17 89 61 31 93 22 97 51 12 50 1 34 100 64 38 24 58 49 18 90 36 2 7 39 35
39 63 13 72 26 38 100 62 93 10 88 96 54 58 6 99 56 37 55 43 42 11 50 14 7 74 53 66 95 32 83 22 61 1 67 8 39 87 21 84
14 100 29 47 26 88 90 36 3 28 6 66 5 2 55
30 82 52 77 58 90 11 83 41 16 87 73 6 96 7 15 2 20 51 42 57 80 53 76 34 66 3 32 46 1 48
17 95 56 32 52 64 22 25 30 84 85 18 73 45 16 96 83 67
43 58 68 87 26 88 4 31 5 60 39 33 83 55 51 18 70 89 37 75 66 86 9 20 78 79 17 85 56 80 11 94 34 46 67 12 2 92 27 72 6 96 28 93
2 5 72
11 10 16 68 28 40 81 54 34 84 55 44
7 92 8 37 96 28 91 78
43 48 79 89 49 5 54 95 66 34 7 51 57 28 36 73 18 59 60 50 74 29 39 80 22 15 27 67 45 71 100 65 40 75 16 82 2 56 46 19 64 13 32 91
10 92 8 2 88 95 57 67 28 86 68
11 83 58 46 22 96 20 82 55 94 18 14
11 16 35 3 18 37 71 95 96 13 72 56
23 8 25 60 29 53 74 11 52 27 28 82 92 48 26 70 32 97 36 42 18 64 88 34
18 30 32 1 16 58 18 31 71 65 38 60 63 44 75 66 91 2 72
21 59 90 7 66 27 55 61 44 17 77 37 16 71 89 91 85 45 76 60 80 48
10 66 73 61 49 53 62 90 18 76 20
15 33 8 30 1 83 10 81 36 47 49 94 82 86 90 40
37 46 36 78 75 6 33 74 83 1 92 27 88 69 17 58 63 93 72 51 62 68 50 16 97 15 3 56 29 4 43 30 40 23 61 44 77 66
29 89 42 97 44 73 80 57 2 47 88 82 98 39 38 91 60 20 5 21 11 37 16 81 92 33 10 86 75 49
15 97 94 30 92 9 87 47 22 65 81 41 66 51 56 79
11 20 4 38 82 71 91 15 73 29 22 12
35 39 75 47 68 7 48 45 42 3 11 80 25 17 31 69 1 40 58 43 18 74 27 51 19 30 59 76 65 52 55 12 20 67 57 15
7 2 50 22 28 36 31 93
2 68 22
6 46 89 72 43 19 84
50 59 37 50 90 88 78 98 20 7 54 32 30 51 55 23 11 39 72 75 81 85 77 22 76 13 3 56 64 67 36 83 95 5 97 80 89 24 60 40 9 49 26 34 62 96 94 2 16 61 79
36 43 37 95 59 75 15 49 8 22 21 78 66 23 86 71 90 39 84 25 12 85 17 61 97 44 9 29 58 79 18 54 73 87 24 82 89
0
48 81 16 68 43 90 48 17 20 29 9 13 35 37 70 39 52 59 34 12 47 24 10 38 3 100 32 18 14 84 57 65 5 99 63 7 98 69 55 72 8 83 60 22 85 73 41 91 25
24 79 41 37 44 72 30 2 35 64 10 29 14 40 56 89 47 15 69 17 76 74 39 88 60
21 57 43 95 15 69 70 53 28 8 77 42 92 25 65 100 56 11 50 33 5 23
8 37 28 9 96 53 89 1 67
21 57 31 97 76 62 90 83 47 26 5 43 21 99 50 45 59 22 78 46 41 58
42 55 96 78 89 76 56 90 28 9 45 77 59 94 37 35 82 80 10 2 83 93 57 68 16 60 26 73 72 95 65 88 39 87 97 91 71 99 30 12 100 58 85
45 83 93 17 3 53 21 33 22 69 95 94 20 36 57 7 75 60 96 4 32 15 61 39 30 50 54 23 48 68 11 13 79 62 14 66 91 43 74 90 29 12 35 59 18 78
36 4 30 39 63 5 24 98 29 65 58 57 83 46 36 44 73 64 56 59 27 77 13 62 17 26 20 16 75 47 53 31 11 33 34 81 91
44 95 85 54 79 57 17 15 96 63 60 74 31 30 7 8 84 68 81 1 72 10 59 42 71 18 51 37 26 90 89 100 53 38 32 6 21 25 67 73 69 45 61 4 2
36 7 80 97 73 32 30 78 86 75 13 2 83 22 68 1 40 70 24 71 54 49 56 15 39 37 36 93 44 42 23 5 35 85 96 99 63
3 45 5 96
8 23 64 93 69 76 9 24 39
27 92 26 98 88 76 83 99 68 6 30 24 94 39 59 67 63 12 72 35 14 23 20 13 47 93 40 36
13 71 60 27 32 8 61 42 14 43 69 54 28 66
16 3 50 4 77 72 9 89 40 78 81 19 21 96 39 74 15
47 61 79 53 3 50 58 17 38 99 65 69 26 19 66 21 82 57 9 77 46 55 91 92 73 85 11 43 28 23 39 76 31 25 20 90 45 62 42 59 54 70 81 63 6 30 15 88
41 35 1 13 49 46 82 70 93 6 15 90 3 98 14 44 18 56 74 7 19 68 57 95 10 4 34 85 42 84 45 26 2 61 17 27 62 99 65 86 80 71
38 22 98 59 52 92 42 48 80 32 61 99 33 51 3 8 38 100 58 68 43 20 93 84 26 16 25 47 39 66 45 31 7 2 36 12 37 14 86
14 92 12 100 73 13 77 7 11 47 5 34 61 86 59
4 100 48 54 73
8 63 53 36 88 64 37 72 62
42 5 42 61 18 31 70 91 96 30 21 98 59 72 45 2 27 15 86 57 8 83 58 52 28 40 76 99 13 92 32 51 65 56 49 26 16 77 84 29 85 25 46
21 10 67 66 86 41 48 29 12 51 19 93 21 69 44 99 85 100 4 90 74 70
29 47 85 74 88 89 80 5 14 27 33 36 42 73 70 3 11 95 52 92 26 9 75 57 10 23 13 54 76 49
8 39 59 1 83 78 15 24 49
42 87 57 79 12 72 36 20 56 21 31 53 6 54 93 32 73 7 37 67 84 89 65 90 46 68 58 52 95 85 24 43 25 42 13 30 35 96 60 2 48 94 5
1 95
17 19 55 78 64 10 39 18 73 74 99 32 29 45 72 48 100 51
49 29 61 66 31 9 7 68 65 88 41 98 45 11 6 58 75 36 63 14 79 8 74 64 96 28 76 20 93 84 23 87 90 67 16 69 77 38 57 15 44 78 50 47 49 3 37 26 30 43
96 100
0 0 2 3 0 1 0 1 1 2 0 3 0 2 1 0 2 1 0 1 1 2 0 2 2 0 1 3 1 1 3 0 2 2 1 0 1 2 2 1 0 1 1 1 0 1 1 1 1 1 0 1 0 2 0 0 1 1 1 1 1 2 0 1 3 2 1 1 2 0 0 0 0 1 2 0 0 0 0 2 0 0 0 1 0 1 0 1 1 0 0 1 1 1 3 0 2 1 1 2
10 48 69 81 80 72 64 63 74 53 11
15 30 90 98 67 1 77 60 56 43 15 94 70 31 46 25
42 91 43 46 35 28 2 72 69 27 58 23 1 38 33 16 54 25 7 63 11 32 3 64 98 61 81 67 4 66 74 49 22 40 39 24 68 71 15 21 77 65 36
22 68 61 78 23 83 65 67 55 95 86 28 12 2 42 66 3 91 47 70 43 57 45
34 67 15 76 79 45 33 11 56 35 80 9 42 57 46 17 2 32 71 93 54 26 86 20 50 18 31 62 77 44 95 100 83 22 34
31 80 11 99 88 33 78 46 77 95 50 74 87 32 91 54 19 72 39 23 58 60 31 7 20 14 65 82 36 17 79 67
50 31 46 95 49 34 64 23 89 82 37 90 42 67 69 6 54 5 30 88 36 14 27 33 61 13 2 59 60 19 77 53 72 96 52 26 57 32 11 68 35 70 18 63 83 24 76 7 51 99 100
45 11 46 53 7 69 80 88 13 35 44 36 49 8 71 38 20 54 92 89 6 39 27 55 34 96 2 85 61 70 22 43 58 24 94 91 26 1 78 5 64 66 62 75 98 90
10 32 8 57 69 37 90 34 15 75 48
21 58 11 81 86 15 21 26 20 19 36 28 52 56 25 48 40 45 43 78 59 17
47 71 81 45 63 98 90 21 31 32 61 3 65 18 64 26 10 94 33 80 36 11 95 42 28 93 38 100 54 66 60 96 35 44 27 7 40 2 86 84 24 75 62 55 19 34 99 9
2 59 62
35 5 33 50 84 58 97 23 20 16 34 73 82 56 57 4 90 27 14 64 81 29 28 12 75 17 72 13 74 1 48 11 36 99 76 44
21 49 32 12 41 82 31 47 7 43 81 46 58 13 4 23 3 1 22 94 30 84
11 14 58 61 73 87 86 54 59 27 77 74
32 3 37 40 93 27 58 74 6 31 34 48 46 4 38 21 53 98 67 50 15 84 25 77 59 54 82 24 13 55 56 61 62
20 48 37 54 57 35 75 29 3 5 77 22 92 93 81 24 12 61 53 60 69
29 93 81 97 59 23 88 68 92 31 96 27 55 69 98 8 45 18 19 70 46 14 34 29 79 75 17 62 28 10
27 36 7 4 51 76 3 77 98 55 72 78 56 90 6 10 34 18 52 39 24 38 71 12 35 44 83 30
38 7 36 76 66 83 93 48 59 34 33 88 14 99 85 10 30 62 68 5 41 86 81 42 40 53 25 37 97 65 17 100 20 89 45 98 47 12 27
24 71 68 34 81 25 63 76 45 99 83 24 6 94 29 56 77 21 18 52 30 26 100 92 7
32 57 1 83 56 78 2 82 32 54 30 93 85 13 62 76 6 31 19 27 11 86 89 68 23 64 84 12 28 21 67 59 43
3 37 47 34
28 35 58 64 7 66 31 42 80 89 79 94 2 10 81 46 69 16 20 14 17 25 49 56 40 92 87 63 76
2 60 51
8 16 10 8 29 78 62 79 61
20 15 89 93 87 5 3 2 54 71 79 24 65 76 17 90 26 7 30 95 84
40 89 7 22 27 31 42 65 45 32 60 36 24 61 85 57 92 87 91 9 78 52 68 67 4 100 71 77 14 79 38 46 40 58 21 17 63 62 76 50 3
42 92 10 5 17 73 35 7 82 2 14 43 16 64 42 47 44 18 8 58 23 62 97 4 34 81 65 21 27 51 52 49 60 19 72 100 96 88 74 26 22 70 85
46 27 93 21 46 15 54 89 71 67 60 34 13 52 55 11 38 17 47 7 79 69 51 2 31 50 16 77 94 65 3 25 22 98 99 14 86 96 40 56 35 1 78 72 36 74 63
10 93 47 27 88 66 19 97 45 59 53
39 69 65 39 78 13 98 24 57 77 82 8 64 27 43 74 28 36 15 29 88 76 72 81 60 89 19 93 33 84 54 79 99 94 34 38 25 40 86 85
36 28 25 94 22 16 73 47 5 18 91 52 36 29 43 77 41 53 88 7 54 100 90 66 98 63 20 49 70 24 21 48 33 76 58 74 9
15 24 73 72 69 74 10 20 95 3 23 77 58 63 39 21
13 41 50 68 5 83 76 19 92 62 93 28 11 31
15 13 76 91 81 61 14 80 74 28 95 75 18 23 100 41
12 97 37 54 6 83 23 17 59 88 53 91 44
3 93 99 46
37 38 53 50 87 48 42 39 18 76 34 75 28 88 63 81 86 12 99 3 31 74 15 79 80 69 54 77 92 40 35 66 56 57 11 62 72 45
28 41 93 78 67 100 2 1 69 64 11 98 68 59 50 5 75 90 22 95 46 77 62 13 94 84 7 15 83
16 54 94 92 52 8 50 76 18 71 41 43 53 20 28 5 46
18 26 37 49 31 57 24 51 28 13 35 20 2 48 68 97 91 45 46
13 59 57 100 49 9 48 32 74 83 5 93 42 90
43 68 88 49 86 40 54 64 69 90 62 99 6 76 63 2 46 16 57 28 67 35 23 65 56 7 31 34 32 42 85 20 17 24 77 73 72 3 33 91 41 37 26 61
32 96 22 11 23 52 55 50 20 98 70 30 58 78 57 37 85 86 18 77 35 36 68 7 8 93 6 63 48 90 31 72 39
46 69 5 95 83 41 99 29 87 67 23 6 10 63 28 92 14 73 53 1 81 96 66 27 68 75 61 36 43 22 13 12 9 49 76 35 11 100 44 62 98 3 21 40 47 86 60
50 96 10 62 30 13 4 34 54 74 18 28 25 66 69 17 58 45 41 23 70 31 89 9 86 76 32 50 88 61 72 5 91 73 77 90 99 47 24 98 55 2 64 82 80 52 21 95 42 79 97
50 29 7 46 80 77 81 82 2 72 73 93 70 88 67 13 37 58 5 51 16 43 60 10 52 32 49 99 76 91 11 33 38 59 41 100 6 65 3 56 61 68 84 53 90 31 89 18 92 69 36
9 79 38 100 5 65 36 8 63 54
9 18 67 24 63 58 19 54 43 3
45 91 29 79 11 63 84 46 81 98 26 47 87 72 77 37 34 71 78 99 54 100 94 33 62 44 42 23 86 70 39 22 21 40 24 8 75 20 53 69 41 30 17 2 50 82
18 50 38 35 29 26 23 97 1 24 59 52 72 94 56 77 28 88 100
39 86 70 68 69 2 8 28 17 52 51 81 19 82 99 74 4 56 23 76 40 39 21 1 60 25 65 22 47 87 62 84 91 3 7 48 10 90 66 92
3 71 63 84
14 23 49 75 78 15 7 58 47 83 31 32 82 28 73
15 92 48 32 85 76 17 42 81 87 5 95 28 36 15 72
8 26 78 27 51 29 59 74 21
27 71 27 79 20 70 97 39 11 48 33 61 13 17 12 75 59 7 69 8 57 23 54 93 16 21 86 55
35 96 18 51 76 99 89 21 90 67 88 8 16 87 14 11 44 27 48 56 49 17 20 54 66 91 23 28 52 70 5 94 7 29 74 24
6 43 2 63 37 95 73
50 46 38 83 28 9 63 43 50 1 8 79 17 87 76 58 27 3 36 99 6 19 81 20 40 68 72 55 91 25 56 75 10 61 5 74 32 37 90 70 2 88 69 57 52 31 33 30 77 53 80
48 61 100 34 48 50 64 80 49 87 57 63 94 38 99 5 32 83 1 15 68 31 2 53 14 16 29 78 74 66 41 69 54 81 58 73 76 71 8 62 46 44 27 9 89 51 7 55 18
40 11 38 23 65 32 95 80 27 31 98 76 75 40 19 49 81 82 29 9 90 97 66 88 99 42 21 28 35 87 24 37 59 25 36 15 2 96 89 20 8
50 93 82 57 20 3 37 58 79 83 85 46 28 53 81 45 88 99 10 24 71 76 34 2 22 80 39 13 36 49 55 98 91 77 14 100 27 72 59 48 68 84 75 15 33 11 18 67 19 63 16
11 79 4 45 77 69 27 74 98 84 100 75
24 10 77 16 22 31 17 14 3 51 74 85 78 55 28 71 82 60 62 84 44 50 81 54 79
7 20 61 2 15 56 87 12
24 66 82 98 12 72 64 54 26 31 3 24 58 4 61 19 73 37 100 22 75 21 86 33 1
47 57 1 10 66 98 28 36 46 52 3 32 74 38 97 65 62 69 50 60 43 23 77 27 68 40 59 45 11 42 54 88 8 56 85 21 20 64 90 24 48 2 7 78 70 12 4 94
28 14 87 78 82 54 68 36 76 84 96 20 88 31 56 13 60 37 7 99 64 79 93 66 46 91 86 1 26
23 36 56 19 86 43 5 30 17 77 100 71 89 73 61 78 38 45 48 94 42 20 15 72
2 46 5
17 44 41 75 91 22 15 36 86 45 65 19 98 6 2 46 21 71
11 40 30 100 12 72 61 38 11 84 92 85
23 41 50 38 35 27 83 20 34 47 86 78 60 91 89 48 96 15 29 49 67 1 44 42
7 76 94 59 39 10 15 5
39 34 89 13 21 80 14 94 73 75 83 52 63 28 71 18 27 19 77 58 8 97 10 88 29 78 69 48 42 49 12 67 5 41 7 85 72 54 95 86
1 56
34 20 36 26 2 31 72 59 84 16 81 91 50 56 11 42 51 10 18 48 12 75 69 79 39 71 64 62 46 47 98 82 55 54 5
2 27 6
47 48 70 13 78 74 80 91 39 8 73 2 11 69 50 19 67 25 17 12 71 53 5 15 4 93 35 58 23 62 59 92 52 95 36 57 81 99 44 64 30 31 42 61 47 54 10 32
4 82 67 85 47
44 22 92 45 63 4 83 55 58 49 67 88 37 26 76 85 34 32 8 69 15 44 12 42 50 30 20 23 72 62 90 68 6 57 36 31 60 59 94 13 71 91 16 52 7
31 17 87 85 11 45 58 32 37 80 48 31 70 18 77 62 30 53 41 83 67 76 79 10 5 72 34 49 8 19 14 99
11 95 14 41 24 39 79 6 66 77 74 92
39 81 88 93 19 21 27 2 33 48 43 76 41 77 28 26 13 92 11 72 96 34 100 44 66 37 95 91 15 90 68 64 69 65 42 71 78 36 6 8
24 6 97 34 65 90 69 9 73 58 57 54 71 55 70 60 20 80 56 25 28 63 27 74 68
41 68 5 99 72 64 94 26 86 58 16 48 4 33 15 92 44 67 45 28 54 2 77 69 41 76 13 93 81 39 38 29 73 1 8 25 74 57 47 71 62 18
49 26 77 38 95 63 2 23 13 87 19 79 97 52 4 35 99 21 30 89 90 14 71 33 92 34 76 40 56 39 59 17 94 96 7 16 11 15 43 28 31 24 22 70 46 27 20 62 29 1
2 52 72
31 92 26 96 6 86 11 37 68 35 27 49 3 77 42 52 97 80 98 40 72 24 57 34 28 81 66 16 56 46 73 53
22 57 78 9 12 96 8 18 44 4 80 59 21 92 91 83 25 86 26 61 47 84 79
0
25 2 1 36 89 52 23 78 18 19 31 66 61 59 72 21 35 34 42 82 39 9 75 20 81 77
46 10 82 56 78 83 11 51 93 4 45 66 57 60 81 99 2 5 48 18 39 1 3 90 61 21 100 32 28 63 76 14 68 69 34 46 38 67 31 98 25 44 91 50 65 79 22
48 44 27 93 26 56 89 47 29 100 17 32 33 60 75 53 86 90 18 35 49 23 8 76 70 64 55 98 4 61 65 16 6 5 74 66 62 39 85 12 2 19 28 96 40 22 52 50 68
97 96
1 1 1 0 0 0 0 2 2 1 1 1 1 2 1 1 2 0 1 2 1 2 1 0 2 3 1 0 1 1 0 0 0 3 2 1 0 1 1 1 0 0 1 1 0 0 1 1 0 1 0 2 1 2 0 1 0 2 4 1 0 1 0 0 0 1 0 2 0 0 0 5 2 1 2 1 0 1 0 1 1 1 1 1 3 0 1 2 1 1 3 1 2 1 1 1
25 96 65 48 50 66 31 34 19 6 94 92 84 1 14 45 86 17 25 90 47 80 24 49 30 67
48 33 64 60 47 28 27 5 81 87 35 38 80 30 95 29 50 40 1 51 66 63 84 21 45 79 73 76 91 53 77 14 85 82 57 7 88 96 9 42 75 23 3 11 49 55 59 26 61
14 7 73 85 25 18 38 60 78 70 96 57 61 74 15
15 82 65 53 67 39 8 10 44 15 51 29 46 63 74 59
46 25 63 67 7 45 19 17 71 55 33 94 28 40 37 21 41 75 12 60 62 72 5 66 18 42 4 36 86 1 24 32 14 26 39 57 70 64 81 82 73 76 44 23 6 38 89
16 79 28 35 3 76 42 7 92 72 18 37 17 15 48 85 93
22 73 52 83 72 23 5 37 70 58 12 9 8 31 69 93 49 56 67 68 41 34 42
50 53 14 16 4 69 11 20 76 18 45 87 23 40 57 60 2 30 32 42 37 86 49 39 6 92 95 38 59 51 72 28 33 75 12 83 68 66 43 19 54 35 56 21 74 44 55 61 63 77 17
40 46 72 78 82 3 75 80 44 21 42 17 10 30 84 28 38 39 60 27 45 32 81 68 59 2 53 52 8 35 64 86 1 9 76 41 63 77 89 43 92
29 58 19 60 66 86 89 13 26 64 17 93 71 33 82 81 68 95 6 1 29 27 45 11 32 83 51 12 28 48
38 35 56 69 28 15 73 6 2 88 94 71 22 83 47 72 80 95 39 92 52 18 14 48 91 86 4 75 25 24 55 82 93 31 13 21 51 23 8
47 64 79 24 3 44 14 90 56 93 77 31 6 45 78 84 69 59 75 32 82 25 86 40 87 65 26 58 60 12 70 1 52 74 27 62 23 33 9 22 57 89 54 19 81 11 48 30
22 27 8 65 41 3 46 18 37 35 38 9 5 52 45 85 82 49 44 28 11 78 21
31 46 4 92 3 57 52 61 54 93 19 7 80 96 47 37 50 2 87 51 83 42 36 88 60 64 45 70 55 33 84 5
45 75 35 26 6 33 16 91 84 86 18 41 29 45 77 60 87 65 38 19 53 24 90 71 49 40 36 95 52 68 11 5 67 62 96 25 17 70 7 39 34 92 42 10 54 89
6 90 31 25 61 21 9
13 60 17 24 28 64 78 95 40 49 56 44 48 94
10 71 56 74 4 66 7 46 78 24 12
40 57 17 58 5 9 20 69 16 35 93 77 85 3 63 49 70 14 21 53 12 78 13 11 1 48 67 18 7 45 26 28 47 61 40 41 30 73 29 96 64
46 88 95 74 40 42 65 66 56 90 52 44 30 75 77 19 28 31 35 85 60 49 27 72 96 26 94 12 3 69 45 80 13 87 46 83 54 4 5 43 20 67 37 17 68 59 61
1 9
34 37 21 12 29 75 34 23 70 28 55 25 33 32 3 31 58 16 4 30 72 74 71 19 26 13 57 20 42 35 39 17 67 27 95
30 59 61 8 30 41 42 38 37 79 50 56 13 32 80 16 29 96 23 33 14 82 71 11 6 53 84 27 95 10 67
46 35 54 48 22 73 49 94 87 4 86 3 12 80 47 92 65 42 32 9 14 91 18 2 59 77 5 56 16 27 82 28 19 7 69 36 40 66 89 71 11 74 23 38 8 17 93
3 48 38 61
10 19 32 24 29 16 31 40 87 89 3
50 65 46 77 54 16 12 28 53 81 83 19 62 1 93 39 51 43 14 89 75 58 25 18 56 6 9 31 95 57 30 4 91 42 64 61 87 34 79 20 35 55 21 88 10 59 22 96 52 82 32
25 32 90 78 91 36 62 10 8 59 66 94 26 11 96 15 16 54 30 18 89 21 7 3 49 6
50 9 78 11 56 83 31 1 53 30 52 3 59 47 35 61 28 51 58 75 16 66 57 6 21 22 86 19 67 15 87 2 25 96 68 50 27 20 37 45 49 40 33 43 76 90 39 80 54 8 95
34 4 12 17 57 41 65 80 44 26 88 32 90 54 14 39 24 79 9 18 45 49 73 68 23 48 8 67 93 6 13 75 37 84 59
9 91 8 78 31 70 67 60 7 43
6 87 60 69 25 67 48
2 93 3
41 49 51 78 53 61 2 32 36 10 86 65 88 45 66 71 33 3 74 48 7 19 43 69 29 60 81 55 57 40 8 70 59 44 47 50 30 67 25 38 64 93
0
39 73 60 77 85 52 63 71 23 75 20 40 59 9 33 83 38 17 31 19 16 48 61 56 50 74 93 47 84 30 21 80 26 22 78 68 70 24 3 79
41 91 21 63 64 72 1 27 78 35 5 39 95 17 42 81 93 32 69 62 3 6 51 53 16 65 54 48 61 86 44 12 60 29 56 89 18 85 47 50 88 15
50 57 6 4 46 62 44 30 50 27 54 23 92 15 96 63 83 55 32 33 56 89 25 47 51 10 91 8 36 82 75 69 71 20 84 74 38 67 9 70 7 24 43 77 93 35 45 60 22 86 16
33 43 75 92 21 24 19 48 34 78 61 26 42 52 46 77 70 62 40 17 58 66 67 79 7 95 54 27 55 91 23 83 65 18
16 3 72 79 92 28 86 65 51 48 4 95 16 34 43 30 85
6 72 42 41 53 95 30
20 68 75 50 62 90 80 82 3 61 52 73 48 64 24 66 95 4 29 53 59
12 34 35 24 20 27 11 74 81 62 6 89 72
35 4 75 45 61 15 89 52 66 16 36 9 90 72 18 91 11 25 73 1 49 63 17 2 86 26 42 34 83 5 93 80 58 95 44 62
9 88 69 37 92 75 82 90 39 18
1 69
34 82 86 67 41 59 15 47 2 18 83 63 10 65 61 46 74 94 29 96 30 85 13 64 77 48 87 6 45 12 50 58 34 80 60
7 92 75 1 3 30 20 26
18 27 16 40 22 55 90 85 61 44 63 62 66 74 89 6 21 64 78
31 72 13 28 47 33 63 30 82 54 87 9 5 79 45 95 16 64 70 36 50 56 77 34 32 86 68 44 37 42 2 31
12 13 41 58 53 93 24 76 54 27 40 66 48
31 7 48 64 21 67 8 74 52 69 6 63 84 79 85 96 19 3 86 71 60 93 59 61 62 57 68 51 4 81 47 42
44 72 52 70 16 68 93 28 53 29 56 8 22 7 67 34 45 75 59 63 1 24 10 65 84 19 36 64 90 17 2 94 81 69 77 47 89 61 54 40 62 88 66 79 80
15 18 23 47 36 91 71 54 52 55 29 61 42 81 46 56
46 46 64 42 10 88 94 44 1 53 34 60 51 72 57 81 21 39 93 65 7 61 55 38 14 68 84 78 59 27 24 79 30 62 96 73 33 40 45 36 87 8 26 54 67 74 80
48 58 24 18 65 81 42 71 85 68 33 96 40 64 35 30 50 26 72 69 76 34 84 15 70 53 13 94 48 19 86 79 66 38 1 6 88 57 21 83 63 49 16 75 25 56 44 11 93
15 13 62 44 16 17 39 41 83 25 42 34 37 52 59 78
34 73 66 83 70 95 54 78 23 79 3 30 89 35 76 32 82 19 87 53 74 15 96 86 14 10 18 48 62 60 49 44 26 1 38
5 64 16 42 14 2
28 96 93 19 37 91 44 78 18 76 36 81 69 26 24 54 25 11 63 67 59 14 87 12 30 90 43 70 65
3 64 15 59
30 9 33 56 48 57 12 53 18 74 38 68 76 3 83 85 79 71 32 17 62 29 1 73 27 77 51 8 7 45 40
12 47 42 34 26 61 15 14 24 86 21 64 6
32 20 51 47 89 52 57 8 25 55 34 66 64 74 54 38 49 2 9 77 87 1 26 19 88 56 72 53 6 21 67 60 13
22 32 21 76 77 74 89 29 61 82 63 52 85 10 26 80 94 25 56 43 17 41 70
17 20 72 18 81 40 82 25 26 84 88 91 41 80 8 3 16 69
28 13 93 70 23 55 26 2 11 3 71 57 21 73 29 64 48 20 5 67 60 94 1 49 74 84 58 89 83
1 8
12 86 47 72 63 19 87 80 50 54 36 35 57
43 40 31 78 58 37 22 64 55 1 12 74 15 28 25 89 32 42 73 94 19 53 49 67 93 87 70 17 83 3 27 88 16 13 24 69 10 30 86 44 11 47 85 61
6 88 63 79 24 53 31
10 15 18 55 67 21 84 51 14 19 28
14 57 25 23 59 28 96 60 89 64 82 5 81 61 78
12 26 63 96 1 56 71 43 15 13 29 30 86
2 50 9
5 34 42 73 64 54
45 31 65 80 33 16 51 56 90 49 3 62 6 8 5 2 37 10 15 24 4 89 13 9 55 78 96 39 30 66 12 43 86 26 72 64 19 79 42 93 74 75 17 88 91 60
0
40 64 37 17 75 93 16 48 41 96 1 26 8 52 65 34 30 38 46 27 45 47 31 40 82 24 33 56 4 83 25 87 29 5 92 71 18 66 6 58 19
5 1 79 72 6 49
13 27 17 44 40 34 26 43 67 46 49 90 69 70
21 28 65 47 49 71 75 33 53 95 38 79 70 62 94 92 1 14 93 43 11 2
22 36 53 80 87 46 47 84 92 76 63 62 10 89 81 19 30 61 44 93 7 82 75
3 63 70 32
25 40 20 42 32 62 44 21 8 45 4 89 15 81 56 11 61 55 50 16 75 66 77 85 3 18
24 33 21 40 71 80 32 49 53 26 95 41 65 11 56 58 63 83 89 16 6 42 88 74 37
2 77 45
37 22 94 18 25 11 39 37 82 91 49 32 7 34 2 58 10 24 19 59 29 15 74 1 57 50 84 23 78 95 45 56 13 64 68 79 76 93
5 6 65 34 11 23
23 34 65 70 58 86 69 93 72 71 2 39 51 40 61 47 50 22 23 90 89 43 31 63
34 65 30 85 57 70 42 1 83 14 20 79 88 7 11 53 90 49 9 46 40 23 16 36 60 68 63 80 10 93 37 50 3 87 69
0
36 43 36 94 31 86 96 38 79 24 74 13 53 46 77 75 56 37 16 65 19 70 7 25 15 3 61 85 27 55 41 30 95 89 42 11 40
10 95 9 49 7 44 43 59 31 60 87
4 37 28 25 23
23 17 12 96 41 13 14 78 75 91 20 64 66 67 57 54 4 35 77 76 74 15 47 21
41 15 32 45 52 76 63 5 27 7 93 75 41 1 14 39 80 24 79 83 64 40 6 72 89 96 67 94 58 56 44 70 10 51 22 84 66 38 43 35 26 61
96 96
3 2 1 0 0 1 1 1 0 2 0 1 0 3 1 4 0 2 1 1 0 1 1 0 1 1 1 1 1 2 3 1 0 0 2 3 2 0 0 2 0 1 0 1 0 0 2 1 0 2 2 2 1 2 1 0 0 0 1 1 1 0 0 0 1 2 1 0 3 1 1 1 0 0 2 1 0 0 0 1 0 1 2 0 0 2 0 2 0 2 0 0 4 0 3 2
23 5 91 94 7 61 1 52 26 42 14 83 81 48 18 24 23 56 79 50 85 13 43 11
20 81 57 23 74 32 30 31 9 96 69 83 84 58 5 70 89 86 24 91 51
12 6 46 16 33 24 58 68 15 12 22 19 93
47 6 56 92 79 75 21 18 40 82 5 88 83 50 24 28 10 23 94 34 27 64 1 22 61 4 49 32 69 17 77 63 37 81 44 71 30 3 29 96 60 38 25 52 8 51 73 85
43 49 42 80 78 85 50 48 37 32 53 10 63 60 44 34 68 56 92 15 25 24 3 46 36 12 39 89 28 30 86 61 31 51 21 77 35 1 96 4 23 29 38 87
20 29 6 48 87 86 37 84 33 91 74 11 42 78 69 62 89 77 25 47 13
2 41 7
17 58 19 23 11 59 9 71 86 41 24 44 72 7 80 28 34 20
48 67 44 87 7 81 62 77 31 53 71 51 36 75 43 39 86 41 24 38 50 29 73 1 78 40 15 18 66 49 94 91 28 76 47 93 84 4 9 19 92 56 32 23 54 33 30 96 88
26 1 11 48 72 76 67 53 69 92 38 21 45 96 46 52 64 9 17 89 44 28 68 3 79 16 83
26 46 35 86 88 94 65 90 12 27 48 11 22 29 40 93 1 57 63 8 2 9 31 17 24 68 10
32 61 42 33 52 25 20 53 14 36 88 66 65 69 85 63 79 17 75 83 64 40 58 94 96 5 15 23 82 67 60 80 70
39 17 52 34 2 49 94 21 30 88 70 54 62 4 60 3 84 86 45 15 55 51 58 11 74 67 95 27 36 31 44 38 23 78 32 80 92 9 14 13
21 23 56 65 79 30 59 43 9 49 75 24 2 4 20 12 62 72 61 57 27 82
44 93 71 67 43 23 45 27 79 78 55 2 14 69 8 25 84 29 68 28 58 47 81 86 57 36 63 5 41 92 62 35 22 24 6 42 59 73 19 75 37 4 52 20 65
26 14 8 89 80 75 13 78 46 33 23 54 31 64 16 36 19 11 81 68 45 26 58 57 72 76 38
4 94 14 32 67
46 70 84 14 38 60 2 62 89 69 48 30 66 83 91 52 18 5 29 21 49 6 78 72 79 16 43 17 19 24 35 64 76 71 65 87 40 1 39 8 92 20 12 50 22 15 93
42 32 63 35 47 82 3 68 21 39 5 52 94 46 95 9 77 55 69 27 60 23 66 73 72 86 96 92 28 88 30 54 37 24 19 13 8 71 85 89 87 12 6
16 30 88 47 7 13 34 49 85 45 28 10 65 38 20 60 69
22 76 91 46 37 55 84 1 25 17 20 2 85 12 79 94 51 75 87 53 74 48 28
4 8 82 83 2
39 90 18 30 32 56 20 23 28 68 47 10 58 73 19 94 85 16 8 13 78 80 37 2 72 75 26 81 61 82 59 64 1 34 45 49 40 6 42 15
22 33 72 22 19 31 66 16 32 27 15 42 18 81 37 5 28 54 24 20 39 23 88
33 68 42 65 39 16 45 78 77 10 91 14 80 73 81 93 12 31 55 94 67 43 56 53 47 51 15 85 32 7 3 95 36 19
24 32 54 76 50 40 46 19 58 74 2 72 52 15 82 79 5 29 9 89 1 77 41 22 4
7 72 29 49 90 22 39 16
48 25 56 41 10 42 50 61 95 83 48 55 6 57 9 86 47 24 28 66 96 19 1 81 26 67 84 30 68 23 5 45 94 2 52 58 18 64 14 7 62 4 11 75 80 91 3 29 40
31 18 17 75 71 69 94 62 37 47 53 81 83 45 9 38 70 65 68 90 30 95 88 48 14 41 54 22 1 92 61 63
39 50 4 66 67 84 17 87 11 35 49 13 8 64 9 62 34 44 89 3 15 12 18 7 77 92 75 25 95 31 32 46 60 27 78 83 26 55 28 47
41 48 49 4 38 35 52 87 76 15 12 68 29 1 14 37 45 31 60 71 3 54 46 67 93 32 62 96 9 23 88 24 8 30 43 2 70 65 84 7 72 47
43 47 65 22 14 71 79 10 68 7 88 67 93 63 39 84 16 32 25 80 96 83 56 20 17 42 51 29 5 40 41 76 82 24 57 3 81 95 54 18 90 78 86 85
32 52 82 21 90 8 37 34 24 68 74 69 13 49 46 72 70 25 75 15 27 55 60 78 40 53 33 23 96 81 83 3 43
45 78 32 40 56 93 16 69 20 15 63 77 28 65 5 43 41 67 51 76 4 46 91 7 55 42 57 83 10 82 39 11 36 81 74 38 86 21 27 54 87 50 13 8 49 90
44 44 1 63 55 50 83 46 51 3 74 21 24 58 40 15 53 65 73 35 57 64 25 77 66 89 8 5 95 60 61 31 76 71 34 9 10 93 79 41 86 78 87 7 72
35 67 6 54 44 4 62 75 13 48 29 38 21 96 28 34 9 12 24 79 8 77 90 37 94 20 39 46 1 93 19 43 30 76 17 3
35 95 93 88 33 40 18 36 66 54 84 26 55 48 34 44 65 3 20 87 12 17 61 92 83 85 31 86 30 81 68 4 62 70 35 94
25 24 86 53 55 43 96 36 11 38 89 14 30 50 25 73 67 22 7 35 76 6 69 19 29 62
36 22 76 52 31 37 18 57 66 12 61 79 9 35 13 42 16 5 33 70 48 6 24 51 7 59 67 56 36 29 88 45 94 80 71 68 40
13 72 41 13 55 25 88 47 16 58 21 26 1 85
29 26 14 33 80 7 34 43 4 55 82 87 49 20 52 17 62 8 94 46 11 29 48 73 35 40 69 57 83 10
22 67 39 28 29 44 21 49 41 81 22 23 74 53 1 37 76 7 88 27 18 82 38
24 20 16 25 96 32 28 93 24 8 70 68 13 42 74 84 62 53 33 72 57 40 9 35 63
30 45 70 15 40 13 52 41 60 74 32 47 22 51 42 53 23 55 67 35 17 24 26 44 80 64 76 81 58 28 38
38 27 81 7 48 63 94 28 59 79 86 31 89 45 47 10 24 2 34 82 46 75 66 43 33 35 18 55 41 30 91 23 95 80 25 56 64 22 11
24 56 15 87 58 67 31 77 18 94 26 22 20 86 93 89 24 73 95 21 59 7 70 10 17
38 64 75 1 20 77 32 57 12 80 54 45 25 15 4 43 5 40 69 16 34 58 65 92 41 78 84 49 73 50 7 47 94 27 90 14 52 95 44
27 67 75 88 24 4 52 70 54 87 69 25 28 11 80 74 51 37 16 35 82 56 21 89 73 34 45 14
10 14 71 5 21 66 67 88 4 35 64
16 27 82 83 44 62 22 48 92 66 2 6 38 78 67 74 45
40 6 73 92 84 81 4 13 55 49 8 79 80 35 83 24 54 10 20 11 16 65 39 22 44 67 43 59 78 37 60 21 9 26 95 29 12 33 68 91 34
28 76 66 72 93 91 23 12 71 88 16 22 19 11 69 1 58 7 46 13 87 44 34 51 47 94 29 24 8
43 88 40 23 68 90 93 70 14 59 73 72 30 7 21 28 46 60 80 53 52 33 36 2 66 45 77 43 12 58 25 42 31 4 61 18 44 16 55 26 86 87 63 84
17 4 10 93 53 86 5 41 88 37 34 73 62 12 49 84 60 76
23 30 66 41 28 53 90 79 96 56 58 57 25 63 40 15 46 45 60 68 23 67 86 14
6 8 28 50 73 38 24
6 6 49 27 53 15 95
5 47 44 3 83 65
22 94 82 27 5 96 9 12 58 16 57 1 55 87 51 90 56 54 64 75 19 6 37
47 59 54 13 10 32 30 24 60 61 85 9 80 37 34 46 1 83 66 71 6 90 68 52 74 12 51 58 25 14 64 7 35 23 57 84 21 8 49 75 79 41 42 15 77 55 40 50
3 49 59 15
30 68 48 45 71 81 44 80 47 3 17 86 5 73 2 4 57 24 90 79 50 27 14 10 31 34 25 78 69 9 63
2 77 69
11 34 41 1 37 64 46 45 55 81 60 57
0
12 38 53 5 81 49 20 96 13 37 92 29 11
37 68 30 65 29 24 60 63 28 56 31 50 85 61 90 21 87 84 17 34 20 79 13 91 64 70 32 47 33 45 41 15 83 75 18 44 81 80
34 12 79 32 43 34 88 70 85 62 25 38 93 48 31 78 30 9 83 45 28 52 74 44 58 91 5 96 66 75 63 4 51 53 40
20 17 19 88 43 60 95 22 89 39 42 30 79 31 67 13 48 69 59 96 47
0
24 62 1 26 37 96 66 12 77 36 3 27 74 73 41 88 60 17 21 56 22 89 61 92 29
11 88 81 44 47 52 61 3 77 15 68 92
44 92 58 28 82 83 65 95 8 11 40 10 56 26 55 57 69 96 78 48 74 3 84 24 59 93 49 87 80 62 72 34 1 81 20 12 2 15 39 30 47 54 32 75 6
11 89 47 14 72 1 2 51 17 21 71 48
10 18 29 87 23 85 15 90 45 86 76
15 49 72 43 87 54 65 45 2 93 82 58 59 39 5 57
11 2 50 38 73 35 72 25 78 86 31 4
26 30 47 89 39 44 73 74 1 17 43 34 29 91 67 70 32 68 87 95 25 35 23 10 65 42 21
47 22 29 4 51 86 80 79 91 42 34 20 67 23 14 9 46 39 76 6 60 12 69 93 77 38 7 31 90 71 40 32 48 92 75 21 54 56 72 95 10 41 88 87 52 44 1 84
9 23 56 65 38 11 82 39 73 75
34 31 9 46 80 8 52 75 93 48 14 54 53 49 42 39 29 51 73 68 94 33 61 69 66 28 59 25 87 89 35 67 24 21 86
12 55 31 40 48 1 3 47 13 68 29 93 58
17 23 90 43 79 69 25 49 8 54 55 21 91 74 96 67 22 57
32 75 29 16 21 12 72 26 82 3 56 58 23 24 83 66 57 76 89 18 43 2 73 15 84 37 62 88 65 32 60 41 71
38 14 9 77 74 81 59 37 46 16 18 33 93 61 56 38 24 68 58 47 92 83 72 86 49 70 53 36 65 35 7 21 41 2 63 78 84 1 94
1 74
20 39 71 22 85 23 35 5 59 19 49 52 37 31 12 34 20 68 24 40 15
15 38 36 75 34 45 51 88 65 17 12 4 37 58 1 25
25 10 40 69 26 55 86 81 22 21 80 20 25 51 84 29 90 52 70 24 32 8 30 77 6 64
30 17 38 82 13 57 90 77 62 14 47 34 15 26 49 7 68 29 31 6 3 93 36 52 44 75 18 28 60 56 1
44 62 75 64 90 24 15 82 10 76 49 51 39 88 30 44 28 9 33 56 32 23 16 95 11 71 4 81 38 96 78 80 8 57 59 92 50 29 65 47 37 67 85 77 53
42 6 33 3 68 71 88 75 37 83 53 38 80 4 13 23 44 57 47 96 67 10 40 11 46 45 25 78 69 14 51 22 73 41 5 84 42 92 8 26 2 90 63
36 25 53 41 93 64 70 31 29 83 92 27 32 73 13 89 38 18 24 50 80 42 28 14 96 40 65 12 71 8 76 17 94 81 37 67 58
16 10 52 76 38 5 65 95 56 50 23 85 36 61 33 40 88
39 8 11 51 92 59 66 6 75 89 40 80 10 91 45 29 14 54 62 88 48 84 72 25 2 47 94 35 12 86 69 41 78 65 50 13 39 85 23 73
26 71 56 50 59 19 93 51 70 3 28 30 94 67 31 78 58 24 85 20 29 21 74 37 53 34 63
97 97
1 1 0 1 3 2 2 2 1 1 0 0 1 1 0 1 1 2 2 0 3 0 4 1 2 3 0 1 1 4 2 0 2 0 1 0 0 2 1 1 0 1 1 1 0 2 1 1 1 1 1 2 1 0 0 0 0 1 0 0 0 1 3 0 2 0 3 2 2 1 2 0 0 1 1 1 0 2 0 0 1 0 1 1 1 1 2 1 0 0 1 0 0 1 1 0 1
46 5 9 37 53 62 66 1 68 8 22 81 18 78 74 13 6 87 80 41 34 19 76 85 52 39 7 21 23 36 55 3 33 71 46 31 97 73 70 25 10 38 57 64 88 35 89
27 53 46 9 25 78 60 45 71 74 1 73 26 80 18 57 40 65 19 43 16 14 28 96 87 13 5 61
34 2 79 29 94 87 52 17 41 90 5 10 31 43 16 77 56 48 82 55 89 50 40 70 78 21 92 54 1 28 3 61 19 7 33
16 85 1 63 16 30 91 73 40 81 27 71 4 72 21 59 60
22 96 35 85 18 77 88 76 65 94 10 55 13 32 63 87 39 9 74 70 83 67 97
43 74 1 22 88 93 5 46 54 11 7 78 15 19 6 16 72 76 59 85 65 96 90 77 43 49 55 3 38 50 17 20 35 95 23 82 51 66 31 40 86 97 34 21
10 3 46 51 18 81 61 23 13 65 95
27 13 82 54 53 59 19 55 56 4 45 46 93 25 33 32 12 88 49 9 28 24 26 6 14 2 40 11
23 76 41 23 18 43 9 91 36 38 89 21 84 42 69 14 88 54 16 85 4 87 6 24
9 82 7 38 27 34 56 77 78 18
14 42 74 72 80 53 83 89 30 73 62 96 34 39 12
49 96 73 57 10 89 56 67 62 30 19 26 48 12 3 20 39 9 77 11 83 59 37 16 94 52 31 61 54 93 32 18 8 42 1 45 90 50 17 55 2 69 41 58 65 92 36 51 34 72
50 45 6 1 53 52 81 50 35 49 88 8 91 85 2 5 4 68 55 34 97 95 9 41 7 93 65 39 44 27 69 80 79 87 13 28 19 47 25 92 23 60 56 40 36 21 18 51 84 33 11
0
11 21 67 82 8 5 66 13 56 73 76 81
30 57 64 83 7 13 31 26 85 24 27 46 87 94 77 29 97 78 17 8 75 4 3 76 16 95 65 10 70 33 38
46 45 51 29 30 19 62 72 58 59 25 10 11 13 87 84 94 69 1 53 27 41 12 48 6 15 91 35 17 16 54 42 97 8 28 26 60 93 77 71 3 73 65 20 74 32 85
44 86 7 90 69 3 93 91 19 45 73 38 30 72 42 85 77 25 87 71 56 33 24 57 66 78 40 4 12 39 10 88 1 92 53 9 68 36 65 29 67 59 60 41 82
23 20 2 76 53 92 87 93 68 46 81 89 84 3 73 28 39 85 94 88 7 66 96 38
0
36 18 13 60 31 32 57 12 16 79 39 70 11 24 91 71 96 77 78 75 97 28 59 63 80 38 55 53 88 83 62 45 46 94 84 8 56
9 40 2 73 32 70 87 18 6 67
20 57 97 73 65 77 33 36 47 11 66 94 95 56 91 63 92 85 80 83 29
33 30 9 80 63 8 40 36 25 82 66 94 72 48 88 56 76 85 75 6 11 29 46 20 53 32 18 23 93 31 13 5 70 45
7 80 60 47 78 48 63 25
13 72 79 73 82 44 67 23 7 57 40 96 55 71
33 35 20 10 56 93 70 37 39 19 82 1 88 38 49 55 15 7 85 26 94 75 41 18 67 80 81 23 84 50 95 27 58 12
39 25 66 63 45 53 69 14 94 72 27 34 76 30 38 18 50 10 2 97 47 52 79 12 5 9 51 24 54 11 26 37 20 60 57 95 28 85 78 89
43 9 61 95 49 8 73 81 22 47 75 78 40 6 59 36 93 33 23 67 21 83 89 15 55 56 50 76 68 46 24 65 35 41 52 48 44 87 72 74 51 17 54 85
20 89 38 75 96 6 86 4 65 33 66 64 8 37 91 12 26 76 88 68 94
7 8 73 78 3 10 9 47
38 44 82 40 76 42 55 36 24 78 20 92 22 87 13 41 50 16 53 27 56 51 73 34 31 7 64 61 96 25 5 48 68 80 6 67 84 8 10
38 58 21 71 67 37 38 43 31 48 72 81 51 96 46 94 61 39 90 2 26 34 76 59 42 74 69 79 27 95 88 53 57 32 92 73 66 56 85
36 42 57 32 95 82 20 39 71 74 48 67 75 43 65 94 63 45 51 97 89 38 18 47 84 19 37 96 56 12 80 34 33 41 44 83 68
49 26 86 84 75 33 71 63 3 31 82 15 60 77 64 44 74 95 7 29 36 79 16 92 17 51 61 27 54 68 28 89 41 11 13 85 2 18 59 81 55 8 12 34 69 19 20 9 46 48
2 47 71
31 55 19 10 93 47 40 95 12 4 86 25 20 50 90 60 45 32 88 43 97 35 62 68 87 6 21 24 59 73 49 22
32 12 13 57 34 38 51 92 61 80 18 17 41 15 28 39 71 91 72 60 25 47 89 48 46 11 59 4 35 78 16 32 96
7 89 67 78 11 51 55 59
43 2 13 16 28 41 60 68 65 21 53 75 58 46 85 79 87 84 15 43 31 51 91 29 38 20 45 22 35 97 69 96 56 93 95 19 17 36 50 74 37 10 12 73
49 84 28 24 97 22 91 67 76 60 72 55 25 2 29 83 81 64 37 40 9 80 88 73 90 41 93 45 70 6 50 96 75 23 59 71 77 10 27 31 1 65 38 51 30 87 92 18 13 12
24 55 25 89 74 61 57 10 58 32 3 64 96 40 59 95 1 46 7 34 65 82 19 38 43
33 46 20 36 94 69 33 86 79 43 16 40 87 57 95 64 41 21 73 13 96 55 97 42 60 14 91 38 90 71 61 74 15 51
45 55 77 44 7 47 6 64 90 97 27 42 3 48 13 85 32 62 11 37 81 35 22 94 51 8 1 63 60 53 39 73 45 84 87 67 65 58 92 21 12 68 70 72 33 9
20 47 6 4 15 97 59 44 68 70 56 75 43 84 91 54 49 55 74 50 24
29 41 87 61 77 63 94 12 18 7 73 82 37 80 70 21 86 31 52 85 46 9 81 54 51 48 35 90 5 55
14 73 53 33 29 4 85 35 87 47 10 18 82 56 95
10 84 55 92 39 91 27 73 93 83 63
44 72 5 81 39 65 97 89 68 35 76 26 90 13 36 1 91 94 84 77 78 43 92 63 46 37 33 49 18 88 21 67 44 45 62 82 61 7 11 86 69 24 15 28 30
8 92 28 56 55 50 83 67 79
0
4 5 27 94 69
24 67 29 13 37 32 84 74 71 85 76 50 15 11 80 72 64 96 7 83 73 51 57 31 86
18 59 14 32 55 35 53 95 12 11 33 56 21 49 77 69 94 68 62
38 25 17 24 92 59 64 95 49 77 62 90 16 68 91 12 97 40 70 63 60 26 29 27 31 88 74 7 81 48 61 14 50 71 30 42 82 72 53
5 49 18 33 58 26
27 53 81 73 41 3 88 82 31 84 32 64 47 50 36 80 15 39 70 28 33 90 87 19 45 76 37 72
21 91 23 8 22 74 41 42 71 17 20 62 66 76 88 2 53 30 60 69 90 61
40 49 58 2 89 86 63 8 4 56 10 66 51 21 1 31 7 36 57 30 53 70 61 94 92 77 88 80 26 82 39 48 41 79 25 17 76 28 67 50 96
15 16 59 29 85 83 33 5 89 40 82 13 4 57 17 91
10 83 61 9 71 85 28 78 3 52 94
41 80 59 30 21 24 1 75 36 58 77 68 78 57 18 84 11 19 51 61 56 22 71 83 72 2 34 74 54 31 41 8 6 69 86 13 3 67 9 10 65 94
50 28 90 3 75 81 60 42 80 12 65 10 66 30 33 93 71 86 4 50 62 79 52 76 53 88 73 96 39 72 54 47 45 61 84 57 91 95 64 67 8 77 9 32 23 48 37 7 14 82 31
11 6 5 59 92 90 53 47 52 55 43 57
17 63 40 1 97 59 53 9 46 28 67 58 49 16 39 21 23 74
41 54 78 21 5 31 4 53 84 22 8 72 6 71 1 25 18 44 97 47 63 77 90 29 94 46 79 50 28 32 58 87 88 62 67 59 75 93 82 37 19 43
42 70 44 97 71 50 15 4 89 59 9 49 11 77 54 8 87 34 55 85 93 81 41 5 95 43 92 82 13 57 2 26 65 6 18 84 76 36 37 68 19 64 16
16 55 26 48 49 59 66 39 29 92 77 72 51 83 89 50 96
13 51 40 21 25 67 89 62 35 77 17 96 26 23
1 74
48 84 66 48 27 83 31 4 54 12 75 32 80 8 70 87 19 64 57 93 46 47 11 28 39 9 91 38 37 45 96 85 73 50 95 10 33 79 24 56 34 78 77 23 16 15 17 72 51
42 82 97 47 26 96 6 29 1 42 23 19 27 16 48 88 22 51 85 89 67 36 78 31 24 46 77 73 57 50 52 63 41 32 28 5 74 7 2 20 71 54 58
36 81 3 60 85 39 10 15 77 61 25 46 76 12 17 63 90 75 87 30 58 37 49 69 11 32 78 24 73 42 36 1 34 7 53 62 88
36 19 97 66 72 25 48 71 35 77 1 47 10 44 23 88 79 82 2 18 40 22 5 21 85 83 60 50 74 63 57 37 38 94 51 81 20
27 35 37 39 32 57 62 68 38 61 54 43 76 52 50 46 86 96 84 12 34 85 66 49 73 44 71 81
17 84 36 57 45 93 85 95 27 50 11 63 74 3 38 86 7 32
20 58 50 77 36 95 18 37 42 1 73 8 54 7 64 21 20 5 46 81 25
36 60 10 20 94 57 67 65 19 83 48 16 97 75 62 41 42 12 49 40 70 4 52 88 11 39 92 14 90 6 1 35 38 47 29 8 9
50 6 62 53 71 56 30 5 29 77 69 52 75 74 49 59 12 76 18 51 97 87 82 86 44 7 57 26 70 28 21 39 55 93 83 96 22 54 79 33 9 17 27 25 16 8 20 4 58 80 41
47 86 57 12 62 93 21 77 22 80 64 45 5 66 35 18 9 25 47 58 79 10 88 73 50 85 83 27 1 37 40 87 15 38 6 3 97 81 53 44 46 92 11 68 13 54 78 49
34 6 32 68 23 28 21 74 89 31 39 12 66 75 61 40 54 17 48 5 29 9 63 19 8 96 57 25 80 58 65 71 13 52 64
49 1 87 39 22 74 78 76 94 92 97 57 85 83 11 3 48 21 7 17 49 52 40 77 82 46 5 79 70 15 67 14 26 29 63 54 58 66 24 80 86 33 71 51 4 37 42 25 41 53
39 76 16 39 55 74 43 22 34 44 77 69 91 40 3 85 13 36 12 31 28 71 47 87 90 49 70 53 52 48 23 92 38 20 95 56 88 84 18 27
16 3 9 20 22 39 51 24 17 67 64 43 6 85 75 89 86
33 45 12 21 46 57 7 65 31 73 66 94 23 38 39 80 85 63 34 96 56 19 81 41 6 42 68 75 43 17 89 2 16 69
16 96 39 84 59 85 48 17 30 88 50 89 33 5 8 16 61
43 57 76 63 3 58 95 91 42 60 75 54 62 56 84 24 10 23 1 90 48 50 51 53 8 12 27 85 69 66 18 73 87 41 28 55 64 6 32 77 86 16 82 33
31 15 47 97 79 13 7 41 60 50 82 93 19 11 64 6 86 85 62 4 28 2 57 34 68 24 17 55 25 32 23 51
27 74 91 8 22 60 83 90 46 38 89 10 81 69 94 5 78 97 75 84 71 1 16 93 65 42 77 70
26 44 65 37 4 38 42 43 21 60 87 51 80 96 63 78 39 11 17 73 25 47 76 6 62 27 33
3 94 51 16
0
18 8 67 92 71 36 44 97 95 51 62 68 88 57 35 28 17 3 82
3 83 51 2
48 14 53 84 54 44 75 61 72 88 64 27 60 2 76 22 39 20 26 95 81 77 96 19 23 42 79 69 11 37 50 34 29 32 93 63 18 66 57 65 36 33 89 71 17 80 67 43 92
31 63 19 3 76 16 44 17 18 49 53 21 69 48 60 7 40 92 73 81 38 91 32 22 61 1 58 36 6 12 85 57
44 52 36 60 80 42 16 58 94 71 31 48 66 88 54 12 49 79 10 70 41 13 23 91 69 63 6 83 86 56 81 44 82 59 37 76 85 25 17 57 45 32 73 1 92
