5
96 96
1 1 1 1 1 1 1 1 1 1 1 1 1 1 1 1 1 1 1 1 1 1 1 1 1 1 1 1 1 1 1 1 1 1 1 1 1 1 1 1 1 1 1 1 1 1 1 1 1 1 1 1 1 1 1 1 1 1 1 1 1 1 1 1 1 1 1 1 1 1 1 1 1 1 1 1 1 1 1 1 1 1 1 1 1 1 1 1 1 1 1 1 1 1 1 1
2 72 44
0
0
1 75
0
2 48 35
1 29
1 55
2 75 32
1 95
0
2 87 85
1 69
1 6
2 48 6
1 77
1 67
0
0
1 75
2 59 89
2 62 28
1 56
1 96
1 49
0
2 66 91
0
1 21
0
1 7
1 63
0
2 31 14
1 95
1 85
0
0
2 45 96
0
1 52
0
0
2 57 4
2 48 10
2 60 73
2 15 1
1 66
1 61
0
2 46 54
0
0
1 57
2 65 26
1 58
0
1 6
2 60 45
1 80
1 54
2 93 72
0
1 29
1 92
0
1 27
2 39 31
1 78
1 28
2 93 52
0
1 82
2 30 78
2 90 36
0
0
2 60 19
2 83 16
1 88
1 41
1 57
1 78
0
2 87 36
1 25
2 19 44
1 70
1 43
2 67 79
2 76 59
0
0
0
0
1 62
98 100
1 1 1 1 1 1 1 1 1 1 1 1 1 1 1 1 1 1 1 1 1 1 1 1 1 1 1 1 1 1 1 1 1 1 1 1 1 1 1 1 1 1 1 1 1 1 1 1 1 1 1 1 1 1 1 1 1 1 1 1 1 1 1 1 1 1 1 1 1 1 1 1 1 1 1 1 1 1 1 1 1 1 1 1 1 1 1 1 1 1 1 1 1 1 1 1 1 1 1 1
0
0
1 42
1 44
2 83 23
0
2 69 38
1 43
1 9
0
1 77
0
1 1
2 54 19
0
1 60
0
0
2 57 29
2 45 61
1 51
1 94
1 87
2 55 1
1 21
2 43 55
0
0
0
2 29 45
1 30
2 18 9
1 9
0
2 53 28
1 63
1 79
2 61 67
0
2 76 54
1 17
2 34 51
2 43 36
0
2 85 7
1 92
0
0
1 89
0
0
0
1 19
0
2 19 54
1 52
1 37
1 48
1 12
1 49
1 42
0
0
1 82
2 94 77
2 22 15
1 94
2 25 61
0
0
0
0
1 15
0
0
2 53 67
2 30 67
1 22
2 95 88
1 50
2 73 39
0
0
1 97
1 17
1 24
2 1 30
0
2 49 6
2 76 96
2 61 15
2 61 20
1 75
0
2 33 7
1 83
0
0
100 97
1 1 1 1 1 1 1 1 1 1 1 1 1 1 1 1 1 1 1 1 1 1 1 1 1 1 1 1 1 1 1 1 1 1 1 1 1 1 1 1 1 1 1 1 1 1 1 1 1 1 1 1 1 1 1 1 1 1 1 1 1 1 1 1 1 1 1 1 1 1 1 1 1 1 1 1 1 1 1 1 1 1 1 1 1 1 1 1 1 1 1 1 1 1 1 1 1
0
0
2 55 67
2 34 30
1 75
1 36
2 63 93
1 81
0
1 45
0
0
0
1 31
1 40
2 81 52
1 84
2 14 3
1 49
2 16 94
1 86
2 35 47
1 44
0
2 20 69
0
0
2 86 76
1 58
0
1 50
2 26 87
1 30
1 12
1 55
0
1 88
0
0
0
0
0
2 75 73
1 83
0
2 29 65
0
2 67 49
0
2 48 13
1 38
1 33
0
1 58
1 67
1 5
2 6 43
0
2 63 95
1 18
2 54 72
1 8
1 8
0
2 62 78
2 28 1
0
0
0
1 38
0
2 59 22
0
2 53 86
0
0
2 25 34
0
2 67 44
1 42
2 72 45
1 85
1 27
0
2 79 94
1 2
2 3 52
1 2
2 1 4
0
2 8 75
2 19 69
2 75 48
2 29 20
2 54 35
0
0
2 71 64
1 34
2 83 74
95 97
1 1 1 1 1 1 1 1 1 1 1 1 1 1 1 1 1 1 1 1 1 1 1 1 1 1 1 1 1 1 1 1 1 1 1 1 1 1 1 1 1 1 1 1 1 1 1 1 1 1 1 1 1 1 1 1 1 1 1 1 1 1 1 1 1 1 1 1 1 1 1 1 1 1 1 1 1 1 1 1 1 1 1 1 1 1 1 1 1 1 1 1 1 1 1 1 1
2 95 34
2 56 68
0
2 97 43
0
1 81
0
0
0
2 42 65
1 20
0
2 20 82
0
1 75
1 35
1 26
1 8
0
0
0
2 74 26
1 35
0
0
0
1 69
1 82
2 1 11
0
2 38 32
0
1 79
2 69 28
0
0
1 87
2 78 8
1 42
1 60
2 34 92
0
1 1
0
2 64 23
0
1 44
0
1 76
2 57 21
0
0
0
2 77 6
2 49 86
1 34
1 86
2 6 94
0
1 81
1 71
0
1 40
2 17 60
2 92 42
1 31
1 68
1 78
1 50
2 38 84
2 24 53
2 65 64
0
0
0
2 2 60
0
1 65
1 23
0
0
0
2 29 36
0
2 10 55
2 24 97
2 87 75
0
2 34 13
0
2 83 88
2 70 77
2 31 40
0
2 27 72
96 95
1 1 1 1 1 1 1 1 1 1 1 1 1 1 1 1 1 1 1 1 1 1 1 1 1 1 1 1 1 1 1 1 1 1 1 1 1 1 1 1 1 1 1 1 1 1 1 1 1 1 1 1 1 1 1 1 1 1 1 1 1 1 1 1 1 1 1 1 1 1 1 1 1 1 1 1 1 1 1 1 1 1 1 1 1 1 1 1 1 1 1 1 1 1 1
1 44
0
0
1 78
2 20 53
2 58 75
1 6
2 93 87
2 22 5
0
0
0
2 73 43
2 51 78
0
0
2 60 13
1 86
1 25
1 69
0
1 76
2 69 1
0
0
2 78 51
0
0
2 10 15
0
0
0
1 48
2 46 30
0
1 36
2 79 53
2 3 64
0
2 88 80
1 45
0
2 80 26
1 67
2 45 95
2 57 25
1 62
2 20 11
0
1 42
1 17
1 3
2 29 72
2 75 81
0
1 15
1 21
0
1 7
2 47 93
0
1 31
2 7 44
0
1 47
1 12
2 31 28
2 79 53
2 23 83
0
1 68
1 19
1 82
0
0
2 81 42
1 87
1 12
1 26
0
0
1 58
0
1 31
2 17 21
0
0
1 8
2 22 56
1 37
2 35 54
1 86
0
1 93
1 83
2 58 67
