1
499 497
1 1 1 1 1 1 1 1 1 1 1 1 1 1 1 1 1 1 1 1 1 1 1 1 1 1 1 1 1 1 1 1 1 1 1 1 1 1 1 1 1 1 1 1 1 1 1 1 1 1 1 1 1 1 1 1 1 1 1 1 1 1 1 1 1 1 1 1 1 1 1 1 1 1 1 1 1 1 1 1 1 1 1 1 1 1 1 1 1 1 1 1 1 1 1 1 1 1 1 1 1 1 1 1 1 1 1 1 1 1 1 1 1 1 1 1 1 1 1 1 1 1 1 1 1 1 1 1 1 1 1 1 1 1 1 1 1 1 1 1 1 1 1 1 1 1 1 1 1 1 1 1 1 1 1 1 1 1 1 1 1 1 1 1 1 1 1 1 1 1 1 1 1 1 1 1 1 1 1 1 1 1 1 1 1 1 1 1 1 1 1 1 1 1 1 1 1 1 1 1 1 1 1 1 1 1 1 1 1 1 1 1 1 1 1 1 1 1 1 1 1 1 1 1 1 1 1 1 1 1 1 1 1 1 1 1 1 1 1 1 1 1 1 1 1 1 1 1 1 1 1 1 1 1 1 1 1 1 1 1 1 1 1 1 1 1 1 1 1 1 1 1 1 1 1 1 1 1 1 1 1 1 1 1 1 1 1 1 1 1 1 1 1 1 1 1 1 1 1 1 1 1 1 1 1 1 1 1 1 1 1 1 1 1 1 1 1 1 1 1 1 1 1 1 1 1 1 1 1 1 1 1 1 1 1 1 1 1 1 1 1 1 1 1 1 1 1 1 1 1 1 1 1 1 1 1 1 1 1 1 1 1 1 1 1 1 1 1 1 1 1 1 1 1 1 1 1 1 1 1 1 1 1 1 1 1 1 1 1 1 1 1 1 1 1 1 1 1 1 1 1 1 1 1 1 1 1 1 1 1 1 1 1 1 1 1 1 1 1 1 1 1 1 1 1 1 1 1 1 1 1 1 1 1 1 1 1 1 1 1 1 1 1 1 1 1 1 1 1 1 1 1 1 1 1 1 1 1 1 1 1 1 1 1 1 1 1 1 1 1 1 1 1 1 1 1 1 1 1 1 1 1 1 1 1 1 1 1 1 1 1 1 1 1 1 1 1
2 414 464
2 404 402
2 256 93
0
0
1 18
2 170 442
1 2
0
2 424 376
0
0
1 177
0
2 64 12
0
0
0
0
2 379 68
1 159
0
2 31 33
2 113 434
2 407 494
1 481
2 153 203
2 95 336
1 446
0
1 457
2 485 450
0
1 113
2 349 71
2 88 302
2 175 184
0
2 93 476
2 416 154
1 341
0
1 450
1 354
0
2 48 431
1 455
2 347 321
1 242
2 7 225
2 152 136
0
2 476 104
0
2 244 322
1 8
1 440
2 72 212
1 283
2 413 328
1 468
0
0
2 83 352
2 207 45
0
2 115 146
2 32 481
1 65
0
0
0
2 138 14
0
2 391 185
1 387
1 191
0
2 275 379
2 291 34
2 470 493
2 293 261
2 106 59
1 116
2 182 250
0
2 385 2
0
2 139 98
0
1 303
1 313
2 94 478
0
0
1 472
1 89
0
2 454 271
2 442 263
2 217 286
1 491
0
0
0
2 257 322
2 310 488
1 63
2 270 302
0
2 134 222
1 200
2 435 356
1 320
1 342
2 174 77
0
1 152
1 352
1 62
0
1 291
2 408 257
0
1 425
1 249
0
0
0
0
1 14
2 489 392
0
2 441 244
1 396
2 286 22
1 376
0
0
2 229 37
1 396
0
1 204
2 219 158
1 162
1 197
1 235
2 77 189
0
1 215
0
1 186
0
1 339
1 200
2 385 78
0
0
2 411 7
2 469 118
2 390 381
1 265
2 81 334
2 290 163
0
2 152 451
2 493 83
0
1 202
1 231
2 427 443
2 199 17
2 218 412
2 233 279
2 387 252
1 194
1 219
2 110 468
1 178
0
0
0
1 382
0
2 247 323
1 355
1 353
0
0
1 484
1 410
2 33 102
0
0
0
0
2 138 242
1 9
1 177
0
2 325 465
0
0
1 219
0
0
1 210
1 198
1 242
1 456
2 324 172
0
0
2 328 48
2 105 491
2 412 128
0
2 302 417
0
1 426
0
1 120
2 275 350
0
1 259
2 152 359
1 349
1 335
1 219
0
2 12 308
2 354 288
2 181 335
1 280
2 150 249
2 208 354
2 481 486
1 105
0
0
0
0
1 4
1 252
0
2 304 180
0
0
0
2 432 308
2 114 173
1 270
2 220 134
1 218
2 193 76
1 491
2 211 227
1 88
0
1 465
2 469 212
0
1 351
1 29
0
2 484 216
2 484 272
2 471 260
0
2 11 487
0
1 158
0
2 301 278
0
1 99
1 28
1 267
2 484 419
1 81
2 268 327
0
2 9 313
0
0
1 350
1 418
2 172 424
2 360 365
0
1 41
1 340
0
1 61
2 42 264
0
0
0
2 493 7
1 90
0
0
0
0
2 445 413
0
2 467 190
0
1 362
2 89 52
1 69
1 195
2 322 212
2 7 442
0
2 413 316
1 475
2 106 496
2 322 435
2 392 266
2 238 347
2 170 187
2 473 341
0
0
1 163
1 102
2 283 354
0
1 212
0
0
0
0
1 491
2 382 68
0
2 468 111
1 429
0
1 56
2 355 193
1 427
2 50 133
2 282 399
1 30
2 439 5
2 41 290
2 424 459
2 253 353
1 117
0
1 204
0
1 250
2 106 135
2 441 180
1 43
2 129 196
1 99
2 492 470
1 40
2 150 128
1 321
1 415
2 280 155
2 78 214
2 6 419
1 12
0
2 16 174
0
1 163
0
2 261 406
0
2 304 378
1 217
0
1 343
1 177
1 15
1 322
0
0
1 14
2 184 482
0
1 363
1 387
1 8
0
2 66 307
2 354 41
1 319
0
2 451 45
2 21 249
1 27
0
1 487
1 207
2 335 426
1 198
2 489 136
2 409 169
2 66 443
0
1 89
1 379
1 94
1 364
0
2 354 135
1 279
1 142
1 136
2 280 320
1 292
0
0
0
1 272
2 125 358
2 113 328
0
0
2 57 178
0
1 302
0
2 228 19
0
0
1 420
1 226
0
0
1 200
0
0
2 295 212
1 167
0
2 8 79
1 165
0
2 401 352
1 83
0
2 228 353
1 213
1 435
1 366
0
0
1 497
0
0
0
0
0
1 274
2 297 400
2 195 79
0
2 151 178
0
2 288 200
0
1 112
1 251
0
1 176
1 161
2 96 75
1 373
1 484
0
2 61 41
0
2 284 398
2 458 456
0
1 80
0
1 57
2 423 311
1 107
2 92 22
0
0
0
1 208
0
0
1 395
2 170 361
1 354
