10
50 49
1 1 1 1 1 1 1 1 1 1 1 1 1 1 1 1 1 1 1 1 1 1 1 1 1 1 1 1 1 1 1 1 1 1 1 1 1 1 1 1 1 1 1 1 1 1 1 1 1
1 43
0
0
2 25 28
0
0
2 28 14
0
2 8 38
1 1
0
1 6
1 41
0
2 40 47
2 8 34
2 26 41
2 31 28
1 5
0
2 33 45
0
2 14 43
0
2 39 34
1 32
1 6
1 15
1 17
0
0
2 9 6
2 37 1
0
2 13 20
0
2 4 41
2 31 5
0
2 44 14
1 49
0
1 32
2 3 21
2 15 31
2 46 33
2 17 47
1 12
1 33
1 30
50 50
1 1 1 1 1 1 1 1 1 1 1 1 1 1 1 1 1 1 1 1 1 1 1 1 1 1 1 1 1 1 1 1 1 1 1 1 1 1 1 1 1 1 1 1 1 1 1 1 1 1
0
0
1 16
0
2 49 12
2 19 43
0
0
1 33
2 24 29
0
2 22 25
0
2 10 43
1 22
2 38 36
2 28 22
0
1 46
1 30
1 35
0
0
1 10
2 25 41
0
2 27 20
0
2 43 23
0
0
0
2 18 26
2 23 38
1 8
0
0
1 18
2 22 30
2 5 41
1 29
0
1 20
1 21
1 45
0
0
2 46 35
2 30 5
2 14 8
50 49
1 1 1 1 1 1 1 1 1 1 1 1 1 1 1 1 1 1 1 1 1 1 1 1 1 1 1 1 1 1 1 1 1 1 1 1 1 1 1 1 1 1 1 1 1 1 1 1 1
2 28 5
1 47
1 21
2 11 2
0
0
2 35 6
1 37
2 39 26
2 48 29
0
1 46
0
2 44 8
2 29 17
0
0
0
2 29 31
0
0
0
0
2 38 42
0
0
2 32 39
1 11
0
1 49
0
0
0
2 22 43
1 17
0
0
0
0
2 11 15
2 2 3
2 5 46
0
1 26
2 14 34
2 20 6
0
0
2 41 1
0
50 49
1 1 1 1 1 1 1 1 1 1 1 1 1 1 1 1 1 1 1 1 1 1 1 1 1 1 1 1 1 1 1 1 1 1 1 1 1 1 1 1 1 1 1 1 1 1 1 1 1
2 42 25
2 8 21
0
2 38 48
0
0
2 41 20
0
1 32
0
0
0
0
1 27
0
0
1 44
1 48
0
2 6 45
1 13
2 23 37
2 2 20
2 45 39
2 12 37
2 6 1
0
1 1
0
2 42 13
2 38 21
0
2 15 4
0
0
2 17 1
1 7
1 37
1 12
0
0
1 28
1 40
2 31 7
0
0
1 47
0
1 45
0
50 49
1 1 1 1 1 1 1 1 1 1 1 1 1 1 1 1 1 1 1 1 1 1 1 1 1 1 1 1 1 1 1 1 1 1 1 1 1 1 1 1 1 1 1 1 1 1 1 1 1
1 42
0
0
0
0
0
0
1 45
2 15 2
1 34
1 27
0
1 28
2 31 20
1 45
0
0
2 44 31
2 15 43
2 44 34
2 35 43
1 29
1 33
2 19 7
0
1 22
1 33
2 25 31
2 33 22
1 41
2 49 32
2 19 26
1 38
2 27 20
1 33
0
1 40
0
2 10 49
2 38 30
0
2 17 8
2 12 35
1 49
1 13
2 38 1
2 42 33
1 16
0
2 30 14
49 49
1 1 1 1 1 1 1 1 1 1 1 1 1 1 1 1 1 1 1 1 1 1 1 1 1 1 1 1 1 1 1 1 1 1 1 1 1 1 1 1 1 1 1 1 1 1 1 1 1
0
0
0
2 5 39
0
0
2 19 8
2 12 46
1 8
1 6
0
2 2 26
2 36 43
1 32
1 46
2 29 27
2 13 24
1 16
0
0
1 21
2 3 20
0
1 26
1 5
0
2 20 23
2 32 22
1 46
2 29 44
2 19 6
2 8 37
2 14 49
0
1 16
1 25
2 47 31
0
1 32
2 46 7
0
0
1 15
1 25
2 7 49
1 6
2 34 29
0
0
49 50
1 1 1 1 1 1 1 1 1 1 1 1 1 1 1 1 1 1 1 1 1 1 1 1 1 1 1 1 1 1 1 1 1 1 1 1 1 1 1 1 1 1 1 1 1 1 1 1 1 1
2 49 12
1 32
1 8
1 39
1 7
2 39 45
2 26 23
0
0
1 25
2 28 30
0
0
2 27 2
0
1 32
2 24 44
0
1 27
1 37
1 48
0
0
0
2 14 11
2 29 40
1 41
1 38
0
0
1 2
0
2 4 36
2 42 15
1 20
0
1 15
2 16 46
2 11 9
1 9
2 40 4
0
2 25 34
2 5 39
2 35 41
1 27
0
2 22 16
2 46 1
50 50
1 1 1 1 1 1 1 1 1 1 1 1 1 1 1 1 1 1 1 1 1 1 1 1 1 1 1 1 1 1 1 1 1 1 1 1 1 1 1 1 1 1 1 1 1 1 1 1 1 1
0
1 15
2 18 45
1 39
0
0
2 43 45
0
0
1 33
0
1 7
0
0
1 15
2 29 47
1 33
1 10
0
2 28 20
2 41 36
0
2 7 44
1 40
1 26
2 15 17
1 28
0
1 11
2 1 23
2 11 12
1 34
1 34
1 31
2 28 29
1 10
0
1 26
1 4
0
1 13
2 49 41
1 40
1 23
0
2 46 35
0
2 24 48
0
1 13
50 49
1 1 1 1 1 1 1 1 1 1 1 1 1 1 1 1 1 1 1 1 1 1 1 1 1 1 1 1 1 1 1 1 1 1 1 1 1 1 1 1 1 1 1 1 1 1 1 1 1
0
0
2 22 44
1 17
0
2 9 33
0
2 6 46
2 13 7
1 31
2 2 32
2 12 1
2 47 8
2 9 1
1 40
0
0
1 41
0
2 23 21
1 34
1 22
0
0
0
1 31
2 29 10
1 42
2 6 14
2 26 14
2 42 17
1 41
2 25 19
0
2 2 22
1 8
2 18 10
0
0
2 12 17
1 15
0
1 11
0
2 31 14
1 30
0
0
2 22 28
2 15 42
49 50
1 1 1 1 1 1 1 1 1 1 1 1 1 1 1 1 1 1 1 1 1 1 1 1 1 1 1 1 1 1 1 1 1 1 1 1 1 1 1 1 1 1 1 1 1 1 1 1 1 1
2 11 3
1 44
1 13
2 5 44
1 2
0
2 17 37
0
1 16
1 16
2 23 33
1 49
0
1 21
1 23
1 44
0
2 3 14
0
2 15 8
2 47 17
0
0
1 41
0
2 32 6
1 8
0
2 23 31
2 38 21
0
0
0
1 41
2 41 12
0
1 47
1 15
1 49
2 49 14
0
1 16
1 44
2 30 19
0
0
0
2 49 22
1 31
