10
50 49
1 1 1 1 1 1 1 1 1 1 1 1 1 1 1 1 1 1 1 1 1 1 1 1 1 1 1 1 1 1 1 1 1 1 1 1 1 1 1 1 1 1 1 1 1 1 1 1 1
1 32
0
0
2 47 41
1 10
3 33 18 13
1 43
1 49
1 39
0
0
3 16 27 31
0
0
2 30 25
3 23 16 37
3 18 1 46
2 8 9
3 32 33 10
3 24 14 31
3 31 11 2
2 8 36
1 44
1 9
0
2 39 27
1 14
1 6
3 47 12 10
1 14
1 10
0
1 25
1 29
1 26
1 26
0
2 9 36
3 32 27 8
1 29
0
3 27 31 30
0
2 37 29
1 4
3 42 43 10
3 18 12 48
2 9 34
3 43 5 2
0
50 50
1 1 1 1 1 1 1 1 1 1 1 1 1 1 1 1 1 1 1 1 1 1 1 1 1 1 1 1 1 1 1 1 1 1 1 1 1 1 1 1 1 1 1 1 1 1 1 1 1 1
2 1 48
3 44 6 36
3 36 24 45
2 23 22
2 27 47
1 40
0
0
0
0
1 3
0
0
1 32
1 43
3 14 8 3
3 11 38 20
1 35
0
0
2 35 26
0
1 23
0
1 47
1 44
2 17 9
2 38 43
3 3 4 33
0
3 2 29 47
2 12 4
2 35 27
3 49 36 14
0
1 6
0
2 34 48
1 21
1 43
2 29 19
2 34 41
2 26 30
0
0
1 46
1 32
3 15 23 47
1 37
0
50 49
1 1 1 1 1 1 1 1 1 1 1 1 1 1 1 1 1 1 1 1 1 1 1 1 1 1 1 1 1 1 1 1 1 1 1 1 1 1 1 1 1 1 1 1 1 1 1 1 1
3 25 22 26
3 26 3 31
1 10
2 41 42
0
1 34
1 35
3 29 25 31
2 19 11
2 49 10
2 41 23
0
2 17 26
0
3 41 39 22
2 37 10
2 6 12
2 15 22
0
2 11 42
0
0
1 14
2 20 12
0
3 44 24 13
3 13 25 33
2 39 36
2 35 36
2 5 45
1 28
1 11
1 13
0
1 48
1 23
3 25 18 29
1 40
0
3 48 15 39
1 8
3 13 37 43
0
3 18 36 30
3 13 34 36
3 34 16 44
3 24 10 19
0
1 39
3 3 32 35
50 49
1 1 1 1 1 1 1 1 1 1 1 1 1 1 1 1 1 1 1 1 1 1 1 1 1 1 1 1 1 1 1 1 1 1 1 1 1 1 1 1 1 1 1 1 1 1 1 1 1
0
2 49 9
3 4 36 39
3 24 9 31
1 24
1 29
0
3 10 27 15
2 6 39
2 27 23
1 23
1 44
0
3 17 2 3
1 42
0
1 11
2 21 15
3 17 25 11
0
1 9
3 32 35 19
2 25 43
2 21 1
1 19
2 49 25
3 6 25 3
1 9
3 44 42 29
1 7
0
0
0
0
2 36 27
2 15 20
0
0
1 25
2 2 12
1 10
3 41 15 13
0
0
1 6
2 24 43
1 30
0
0
0
50 50
1 1 1 1 1 1 1 1 1 1 1 1 1 1 1 1 1 1 1 1 1 1 1 1 1 1 1 1 1 1 1 1 1 1 1 1 1 1 1 1 1 1 1 1 1 1 1 1 1 1
2 45 6
1 49
2 8 26
1 9
0
2 3 28
0
0
3 48 25 1
0
1 7
0
1 50
1 23
2 19 42
2 1 38
1 31
0
2 49 18
1 39
0
2 24 47
2 14 48
0
1 38
1 3
2 21 45
1 49
0
1 3
2 8 14
2 2 49
1 13
3 38 9 30
0
1 42
3 49 39 44
3 15 8 17
2 6 14
0
3 9 19 13
3 29 10 28
0
0
1 10
1 46
3 42 16 28
2 1 44
0
2 6 4
50 49
1 1 1 1 1 1 1 1 1 1 1 1 1 1 1 1 1 1 1 1 1 1 1 1 1 1 1 1 1 1 1 1 1 1 1 1 1 1 1 1 1 1 1 1 1 1 1 1 1
3 15 1 17
0
2 13 33
2 48 8
0
0
0
1 2
2 10 48
1 18
2 48 7
1 44
1 43
0
3 31 48 34
1 40
1 19
0
2 6 32
1 5
3 37 15 45
3 16 46 25
1 19
2 38 41
3 36 41 16
0
0
1 21
0
3 3 5 49
3 47 22 14
2 19 28
3 28 17 20
3 37 35 31
0
2 9 20
1 21
1 8
3 41 24 2
3 4 8 6
3 42 39 41
0
0
3 46 24 20
0
2 34 44
1 17
2 13 11
3 28 2 21
3 1 27 29
49 49
1 1 1 1 1 1 1 1 1 1 1 1 1 1 1 1 1 1 1 1 1 1 1 1 1 1 1 1 1 1 1 1 1 1 1 1 1 1 1 1 1 1 1 1 1 1 1 1 1
0
3 43 14 46
3 22 16 24
3 17 5 6
2 20 25
2 49 38
1 21
3 13 40 1
3 16 28 42
3 9 29 21
3 33 47 49
3 31 7 37
1 6
3 36 45 30
1 44
1 44
1 49
0
0
3 22 7 40
1 19
3 43 36 14
2 38 4
3 19 18 7
3 31 46 24
1 41
3 43 28 45
1 49
3 43 45 17
0
0
0
1 46
3 9 6 25
3 30 45 18
0
0
3 20 7 15
1 4
2 34 30
2 4 32
0
2 19 36
0
1 3
1 37
2 37 46
0
2 38 30
49 49
1 1 1 1 1 1 1 1 1 1 1 1 1 1 1 1 1 1 1 1 1 1 1 1 1 1 1 1 1 1 1 1 1 1 1 1 1 1 1 1 1 1 1 1 1 1 1 1 1
0
1 11
1 36
0
2 22 13
3 13 18 10
0
2 13 34
0
1 25
1 40
3 11 49 6
2 3 42
0
0
0
1 36
2 38 11
2 37 41
0
3 23 15 41
1 16
2 33 8
0
0
1 47
3 28 8 22
2 25 36
0
1 36
0
0
3 6 20 16
0
0
1 18
0
2 33 14
1 7
3 9 13 44
3 3 4 1
1 39
3 3 23 11
2 35 14
0
2 11 45
3 5 7 45
2 34 22
2 11 16
50 49
1 1 1 1 1 1 1 1 1 1 1 1 1 1 1 1 1 1 1 1 1 1 1 1 1 1 1 1 1 1 1 1 1 1 1 1 1 1 1 1 1 1 1 1 1 1 1 1 1
1 4
0
1 26
2 41 39
0
3 38 7 9
1 13
3 8 48 31
2 38 20
1 13
1 31
0
1 16
3 26 44 38
0
0
2 17 9
1 15
1 9
3 34 9 26
0
3 28 4 27
0
1 40
3 16 11 20
0
3 4 41 24
0
3 39 31 9
0
0
1 5
1 19
3 14 35 16
1 18
3 20 41 32
3 48 33 47
2 1 4
2 37 33
3 11 30 21
0
2 24 40
1 4
2 2 38
2 10 39
1 34
2 4 12
2 30 43
2 49 9
0
49 50
1 1 1 1 1 1 1 1 1 1 1 1 1 1 1 1 1 1 1 1 1 1 1 1 1 1 1 1 1 1 1 1 1 1 1 1 1 1 1 1 1 1 1 1 1 1 1 1 1 1
0
1 23
0
2 43 1
3 4 37 8
2 31 13
1 47
0
0
1 14
1 7
1 17
0
3 44 20 5
2 46 42
3 25 23 2
2 3 39
1 7
2 42 41
1 37
1 17
2 49 24
0
3 22 50 17
0
1 18
0
3 40 37 45
2 38 16
2 33 37
2 10 13
1 45
1 14
0
1 9
1 3
1 7
0
2 11 46
2 25 33
3 10 20 43
2 39 7
1 48
2 15 6
1 8
2 39 13
0
0
0
