1
495 495
1 1 1 1 1 1 1 1 1 1 1 1 1 1 1 1 1 1 1 1 1 1 1 1 1 1 1 1 1 1 1 1 1 1 1 1 1 1 1 1 1 1 1 1 1 1 1 1 1 1 1 1 1 1 1 1 1 1 1 1 1 1 1 1 1 1 1 1 1 1 1 1 1 1 1 1 1 1 1 1 1 1 1 1 1 1 1 1 1 1 1 1 1 1 1 1 1 1 1 1 1 1 1 1 1 1 1 1 1 1 1 1 1 1 1 1 1 1 1 1 1 1 1 1 1 1 1 1 1 1 1 1 1 1 1 1 1 1 1 1 1 1 1 1 1 1 1 1 1 1 1 1 1 1 1 1 1 1 1 1 1 1 1 1 1 1 1 1 1 1 1 1 1 1 1 1 1 1 1 1 1 1 1 1 1 1 1 1 1 1 1 1 1 1 1 1 1 1 1 1 1 1 1 1 1 1 1 1 1 1 1 1 1 1 1 1 1 1 1 1 1 1 1 1 1 1 1 1 1 1 1 1 1 1 1 1 1 1 1 1 1 1 1 1 1 1 1 1 1 1 1 1 1 1 1 1 1 1 1 1 1 1 1 1 1 1 1 1 1 1 1 1 1 1 1 1 1 1 1 1 1 1 1 1 1 1 1 1 1 1 1 1 1 1 1 1 1 1 1 1 1 1 1 1 1 1 1 1 1 1 1 1 1 1 1 1 1 1 1 1 1 1 1 1 1 1 1 1 1 1 1 1 1 1 1 1 1 1 1 1 1 1 1 1 1 1 1 1 1 1 1 1 1 1 1 1 1 1 1 1 1 1 1 1 1 1 1 1 1 1 1 1 1 1 1 1 1 1 1 1 1 1 1 1 1 1 1 1 1 1 1 1 1 1 1 1 1 1 1 1 1 1 1 1 1 1 1 1 1 1 1 1 1 1 1 1 1 1 1 1 1 1 1 1 1 1 1 1 1 1 1 1 1 1 1 1 1 1 1 1 1 1 1 1 1 1 1 1 1 1 1 1 1 1 1 1 1 1 1 1 1 1 1 1 1 1 1 1 1 1 1 1 1 1 1 1 1 1 1 1 1 1 1 1 1 1 1 1 1 1 1 1 1 1 1
2 170 280
3 370 87 373
0
1 493
0
1 292
0
2 425 166
1 380
3 471 284 275
0
2 427 190
0
0
0
1 7
0
1 35
3 139 281 271
2 437 426
0
3 480 265 147
3 362 145 329
2 332 193
2 284 364
0
0
1 275
2 70 80
3 16 175 458
0
2 376 148
0
0
0
1 216
3 295 217 369
2 177 488
3 358 86 26
3 223 194 335
1 145
2 259 436
1 264
3 300 122 349
1 411
0
1 120
2 275 116
2 330 54
3 206 266 207
2 272 18
3 450 300 364
0
2 338 487
1 378
0
0
0
1 120
3 302 483 83
3 89 427 113
3 449 49 335
1 350
2 271 382
2 427 114
0
1 128
3 104 300 65
0
3 385 131 322
3 265 109 51
0
0
1 93
0
0
1 26
1 46
2 238 189
2 358 48
2 453 33
3 220 324 193
0
3 151 260 189
0
1 138
3 136 148 405
1 111
0
3 251 39 448
3 300 405 60
1 491
0
1 36
1 77
1 64
2 173 330
0
0
0
0
2 85 379
2 211 440
3 173 165 482
0
3 188 244 342
1 213
1 73
3 302 306 101
3 264 388 324
1 158
0
1 57
2 108 382
1 111
2 133 438
0
0
0
3 433 216 443
1 244
2 491 409
3 216 11 356
3 347 406 50
3 263 179 244
2 162 398
1 380
0
3 172 81 479
0
0
3 81 16 430
1 15
1 270
3 48 279 177
3 5 329 1
3 121 365 464
0
3 339 75 416
0
3 428 136 296
0
0
3 131 26 418
1 95
2 324 427
2 227 347
1 166
2 63 168
3 355 304 217
0
0
2 354 118
3 488 293 299
2 65 241
1 195
2 55 196
2 295 478
2 344 76
3 297 294 397
3 13 25 188
2 35 445
3 15 53 303
3 348 481 350
3 135 144 246
0
3 134 101 63
1 200
2 32 303
0
1 428
3 376 63 85
3 351 285 76
1 210
2 221 383
0
1 97
3 390 16 29
1 485
3 182 328 229
1 19
1 73
3 479 189 352
1 128
2 30 297
0
1 72
2 386 241
3 191 401 418
2 192 453
1 177
3 290 307 459
2 107 167
3 91 186 417
3 76 342 152
3 14 374 207
3 280 200 105
3 222 205 341
3 408 141 410
0
0
0
2 209 62
1 264
1 348
0
1 320
3 55 388 61
2 276 164
1 363
2 141 7
1 14
0
0
0
1 453
3 466 421 84
1 441
3 117 345 374
1 25
2 285 182
1 489
3 204 308 445
2 5 174
1 368
0
3 261 186 287
3 469 9 133
1 423
3 129 293 173
1 412
3 441 240 481
2 33 194
3 414 393 18
3 276 335 100
3 177 315 446
3 324 393 100
0
0
2 274 331
2 376 320
3 253 390 84
2 268 200
0
2 232 310
2 419 476
1 109
0
2 438 423
3 449 73 330
3 268 409 183
1 162
2 189 342
1 97
2 341 466
1 230
0
3 194 290 220
3 236 307 117
3 267 82 157
1 31
3 82 212 45
2 328 438
2 449 117
2 239 127
1 91
2 123 323
1 110
0
2 458 195
1 319
1 479
0
1 180
3 132 494 288
3 361 466 234
1 460
2 56 483
3 146 444 197
2 479 24
0
0
1 41
0
3 226 162 37
0
2 109 151
1 44
1 389
0
1 129
0
0
2 412 175
0
1 318
0
1 247
3 471 355 266
3 139 270 218
0
0
0
2 239 335
2 101 340
2 66 91
1 291
0
1 141
0
0
0
2 53 103
2 307 215
1 6
3 176 489 102
1 6
2 136 114
2 459 111
0
3 486 225 193
3 269 453 249
1 349
0
3 384 19 276
2 15 246
2 264 386
2 264 492
2 343 336
1 164
2 183 295
0
2 95 431
2 124 29
0
0
0
3 294 351 190
3 231 451 201
2 419 449
3 286 358 346
3 311 473 431
0
0
0
1 435
2 226 489
2 317 139
3 59 315 222
0
3 358 478 131
2 197 402
2 189 344
0
1 282
2 89 109
3 31 313 1
0
2 494 197
0
3 167 51 473
1 408
2 203 127
0
2 131 82
1 482
0
1 223
1 296
3 485 1 250
2 96 107
2 243 363
3 348 17 224
3 135 301 278
2 95 395
3 367 59 79
1 208
3 478 383 140
1 134
0
1 425
2 154 243
2 417 264
2 356 435
1 163
1 459
1 205
2 212 312
2 378 213
0
2 287 417
3 418 458 453
2 190 430
1 321
3 301 1 320
0
3 473 424 454
2 481 229
3 293 204 112
2 421 255
3 431 425 119
0
1 143
1 271
2 104 475
1 443
0
0
2 27 478
2 79 92
1 79
0
0
3 129 463 449
1 121
3 495 444 200
1 47
2 357 125
1 60
2 90 293
1 224
1 191
1 316
3 17 173 228
0
3 395 107 1
0
0
2 452 295
0
1 138
0
1 353
2 283 296
0
2 54 212
3 83 123 274
0
1 450
3 74 288 401
2 30 198
2 329 24
0
1 157
2 480 250
2 293 456
3 462 239 231
1 350
0
2 109 334
2 162 368
0
1 466
0
2 413 284
0
2 369 356
2 188 129
2 453 244
1 343
1 27
2 16 1
1 366
0
2 39 269
1 406
1 270
2 427 244
3 418 494 459
2 185 359
2 28 331
1 442
0
0
1 70
3 466 11 127
0
2 213 393
2 377 394
0
0
0
0
2 367 127
0
1 379
2 226 281
3 434 145 405
0
3 292 244 40
0
1 301
2 286 164
2 463 287
1 227
