10
49 49
0 0 0 0 0 1 0 1 0 0 1 0 0 1 1 0 0 1 2 0 2 2 1 1 0 0 2 3 1 2 1 1 1 2 2 0 1 0 1 0 2 2 0 0 4 1 3 3 3
5 3 10 12 16 18
5 2 16 36 21 39
9 19 23 5 31 32 12 15 34 40
0
5 5 19 21 24 30
3 6 8 16
6 15 17 26 2 14 7
1 3
2 14 15
3 16 21 23
6 3 4 17 19 21 22
1 7
7 2 11 28 10 13 31 6
0
6 13 33 43 47 14 1
4 2 4 22 14
9 8 19 20 12 27 21 48 28 26
3 5 19 32
0
10 2 3 10 12 21 24 26 25 29 30
1 7
9 7 18 20 33 42 15 43 1 4
3 12 15 36
0
2 10 15
5 7 8 2 21 20
0
6 1 6 10 17 19 23
5 3 6 15 14 36
7 1 4 28 30 5 20 25
1 13
9 5 22 26 30 2 23 34 35 20
8 4 8 7 9 12 21 31 34
6 14 9 18 16 39 4
2 5 6
10 5 15 23 24 31 33 11 37 38 9
1 12
9 11 13 18 10 15 39 4 36 12
5 12 17 22 24 1
4 1 3 7 8
6 1 3 22 4 17 8
3 22 31 25
0
1 3
4 4 18 21 25
4 3 18 6 35
3 2 6 7
2 2 10
7 5 12 18 4 23 15 26
49 50
0 0 0 0 0 0 0 0 0 0 0 0 1 0 0 0 1 0 0 0 0 2 0 2 1 3 0 0 1 1 2 2 2 2 1 3 1 1 3 3 2 2 1 3 1 3 0 1 2 2
2 4 6
9 4 3 15 17 8 28 18 23 33
0
7 1 5 9 7 2 11 17
2 13 14
2 6 7
10 2 3 5 27 40 42 11 6 16 9
1 2
6 1 10 15 27 30 2
2 11 21
2 6 8
9 1 2 10 11 4 6 16 26 21
3 13 14 15
9 1 5 7 16 22 8 21 17 12
4 6 9 16 23
3 6 12 14
3 8 15 22
1 3
6 4 9 13 15 16 18
1 2
1 25
6 3 9 24 30 35 21
3 22 27 34
5 6 18 22 11 25
7 4 17 24 29 32 38 7
6 8 11 12 14 21 9
2 22 25
6 12 13 18 9 24 33
4 5 11 25 29
4 10 16 5 12
2 16 3
7 18 24 29 5 34 35 39
8 5 6 8 9 13 3 20 21
0
2 14 15
10 8 15 16 3 17 23 28 30 31 7
2 23 27
7 12 17 18 5 21 35 37
1 3
1 4
6 4 6 12 20 18 34
8 3 9 14 18 1 5 19 35
1 10
0
9 1 5 9 12 31 2 26 10 27
10 4 6 10 16 5 19 21 33 35 20
1 37
7 22 12 28 29 34 37 41
3 3 12 21
48 48
0 0 0 0 1 1 0 0 0 0 0 1 1 1 0 1 0 0 1 0 0 0 1 0 0 1 3 0 4 2 2 3 0 2 1 4 0 1 1 3 1 0 1 0 2 3 4 2
1 7
10 2 3 8 6 10 22 19 24 27 29
8 23 10 36 11 14 17 39 18
4 2 16 22 21
5 2 9 3 15 18
10 15 29 5 4 6 16 21 33 1 12
4 3 10 17 23
0
2 1 3
10 2 3 15 30 31 34 38 6 14 1
8 12 5 24 28 14 30 16 21
4 10 12 24 5
5 3 6 7 25 19
2 1 15
7 1 8 16 17 20 6 24
5 27 3 29 31 20
5 7 15 17 27 29
0
4 6 27 3 8
7 13 18 4 21 12 26 34
0
7 12 23 27 31 39 3 6
5 2 3 8 4 23
8 5 11 27 22 29 7 19 31
5 2 5 13 18 1
9 7 8 15 17 20 6 22 25 26
3 5 9 25
5 1 13 8 15 16
7 27 30 19 33 8 9 11
1 2
8 3 12 15 18 5 13 20 33
2 1 6
8 6 8 14 24 23 25 34 3
10 5 10 11 12 15 18 20 3 17 27
3 21 4 31
9 2 5 6 13 15 18 28 32 33
2 20 16
9 2 3 1 8 12 15 16 13 19
10 5 6 13 14 22 21 23 27 31 29
8 9 22 30 7 32 38 44 20
5 5 11 18 7 9
1 1
5 6 20 19 23 24
9 25 3 6 14 17 20 1 19 40
1 4
8 13 16 19 24 14 25 33 6
1 8
9 1 2 10 11 19 9 24 3 27
47 49
0 0 0 0 0 0 0 0 0 0 0 0 0 1 0 1 2 0 0 0 0 0 0 0 2 1 0 0 2 3 0 1 4 2 2 1 1 0 1 0 1 0 3 5 6 2 2 2 2
9 3 15 12 20 19 21 25 26 44
4 3 14 25 43
6 4 1 10 12 13 2
3 4 3 10
5 1 14 18 19 32
9 4 17 22 24 35 1 21 43 12
0
5 13 24 33 16 30
8 7 11 12 21 15 26 28 33
2 1 7
1 6
10 8 12 19 13 26 32 37 39 44 6
4 5 7 17 21
4 2 12 17 19
5 2 4 5 37 10
2 3 6
1 10
7 9 12 13 14 16 17 19
1 10
0
5 2 4 6 15 25
0
10 19 3 20 21 8 22 28 32 44 11
9 13 21 9 14 27 18 37 20 40
3 5 23 43
1 9
0
7 7 18 34 4 40 3 11
3 8 9 11
10 12 24 28 9 29 10 38 18 31 43
10 2 10 18 32 1 15 38 3 26 9
4 11 17 7 23
6 24 3 26 30 5 31
0
5 9 18 6 32 10
0
6 4 11 18 3 6 19
9 1 4 5 19 39 10 12 40 16
8 3 8 9 18 21 39 4 27
2 6 8
8 3 12 20 45 6 11 28 36
9 17 1 2 40 43 23 37 8 13
8 3 2 6 12 7 46 48 8
10 3 4 12 13 9 19 24 20 27 31
9 7 9 11 38 13 41 18 32 1
0
10 1 8 17 14 31 6 12 21 3 33
50 46
0 1 0 0 0 0 0 0 0 0 2 1 0 1 3 1 0 0 2 0 3 2 1 0 0 0 1 2 2 0 2 0 0 2 5 0 2 0 1 5 3 2 1 2 0 3
6 6 18 23 24 25 3
10 4 6 11 25 15 27 32 18 23 24
9 7 21 29 30 31 6 34 14 17
0
7 10 2 11 29 4 32 14
6 1 21 22 33 29 35
10 6 14 10 20 26 28 30 34 38 2
1 2
9 1 19 21 9 17 28 26 33 34
0
4 2 23 30 46
10 3 19 5 16 17 26 32 9 34 11
0
8 3 12 14 17 21 25 27 7
6 5 9 19 21 22 26
7 1 2 3 8 22 25 27
8 2 26 3 14 33 36 37 1
7 4 9 12 16 23 15 20
7 2 4 5 12 10 13 14
9 9 2 11 3 10 18 33 17 34
10 28 2 35 37 45 9 10 12 5 16
7 19 25 26 3 37 8 2
0
2 2 4
4 6 11 29 31
5 13 8 17 20 23
10 3 4 16 15 7 10 24 13 8 42
6 5 7 11 4 12 15
9 2 14 10 17 32 37 16 19 30
1 9
0
0
3 7 20 24
1 2
6 11 20 24 2 32 22
1 11
2 5 22
2 22 6
0
0
2 5 17
3 4 6 16
2 9 22
5 5 9 12 18 20
3 10 12 13
6 13 14 17 18 20 30
2 10 1
5 10 23 26 34 24
1 1
1 15
46 47
0 0 0 0 1 0 0 4 1 0 1 1 1 1 0 0 0 0 0 1 0 0 3 1 0 1 4 1 1 1 0 0 2 0 3 4 1 2 1 1 1 0 2 4 1 1 0
0
8 5 18 4 21 26 36 30 37
6 5 7 10 14 19 24
3 6 14 11
0
5 5 6 21 16 35
6 2 4 14 17 10 19
1 1
8 15 10 18 19 24 29 32 36
4 4 6 9 11
8 3 4 2 11 22 33 8 41
9 7 2 24 15 22 5 34 42 14
6 3 8 10 25 27 28
2 3 4
2 10 14
1 2
4 7 14 9 24
5 6 11 13 29 16
9 13 14 19 25 11 32 27 34 33
7 2 3 14 5 12 28 23
9 3 6 9 5 12 4 39 11 41
1 13
2 1 4
8 3 2 19 4 27 28 25 32
6 6 8 12 15 16 23
3 6 10 19
0
9 3 18 30 6 12 31 10 29 17
10 5 9 11 23 16 17 21 1 27 14
10 14 20 24 18 28 26 2 30 13 3
5 7 13 18 4 21
2 1 4
0
7 10 20 25 26 34 35 3
3 6 7 8
5 1 15 19 20 2
3 6 7 30
7 10 12 19 20 27 28 37
7 11 16 21 2 26 28 43
4 2 5 6 19
9 4 5 19 20 21 25 31 39 41
9 2 3 12 14 19 36 9 41 30
2 3 5
1 19
4 10 21 22 19
2 9 12
48 50
0 0 0 0 0 1 0 0 0 0 0 1 0 0 1 2 1 2 0 0 0 1 2 0 0 1 0 0 3 1 0 2 1 0 2 1 2 3 1 3 0 1 2 0 2 0 3 1 5 3
8 11 15 18 25 37 20 39 27
0
9 7 18 10 25 2 27 1 28 4
8 10 11 21 22 37 43 44 31
8 6 14 22 7 13 23 28 21
8 2 13 3 33 41 4 28 11
5 5 7 33 1 4
9 11 13 15 10 27 31 19 36 6
7 3 12 31 35 27 16 33
8 5 8 14 16 29 1 28 34
9 9 14 17 20 26 19 27 35 4
1 6
2 15 12
6 4 14 16 19 2 26
2 2 22
0
5 19 20 23 29 3
6 12 15 2 17 18 20
2 5 12
9 3 13 8 20 4 2 10 5 7
6 12 6 37 7 4 41
6 5 21 32 7 2 17
3 2 3 20
7 14 21 27 4 39 1 42
0
7 1 7 4 23 33 6 19
9 7 13 14 17 1 21 30 32 18
9 1 3 17 2 6 8 11 7 38
3 1 8 2
4 2 12 17 8
4 7 4 18 19
7 4 7 11 3 12 13 1
10 15 16 26 2 27 28 29 31 46 22
7 11 22 8 16 25 5 20
3 3 9 11
3 12 13 1
9 6 11 16 14 32 42 47 9 34
0
5 21 12 22 15 14
2 6 14
2 5 8
0
4 16 18 5 26
7 2 6 26 3 34 5 22
3 6 9 8
9 6 16 17 2 21 23 25 26 7
10 14 24 41 1 3 8 10 35 16 37
8 2 6 18 7 20 22 23 11
50 45
0 1 0 1 0 0 0 0 0 1 1 0 0 1 0 3 1 1 2 1 1 0 2 1 1 1 2 1 3 1 3 2 0 2 1 1 1 2 1 4 1 1 2 3 0
6 3 7 10 17 19 24
3 6 17 15
10 9 22 28 32 3 37 6 1 41 7
3 3 20 22
7 5 8 17 20 28 33 2
1 4
6 15 8 38 21 16 44
4 8 12 3 24
9 7 8 12 18 20 29 32 35 40
3 6 15 21
1 1
10 2 7 17 29 33 1 12 24 38 41
6 6 9 20 23 18 32
4 13 20 17 21
3 5 11 12
9 5 11 14 10 26 38 1 4 15
9 6 7 9 14 16 2 20 22 30
10 3 18 19 7 37 12 5 16 24 26
7 2 6 19 11 24 10 31
3 7 5 14
3 2 10 13
4 18 25 3 29
5 2 10 16 15 21
4 6 4 1 7
3 9 3 22
10 1 9 14 11 13 16 25 33 21 4
3 2 7 8
1 2
8 1 10 11 30 12 22 27 3
8 20 7 21 8 18 1 14 15
3 9 25 26
8 5 19 27 28 11 9 12 16
7 5 6 9 14 15 29 23
2 10 22
7 7 13 14 18 16 24 32
0
7 12 8 16 20 10 14 17
5 9 12 3 11 16
5 6 2 8 21 24
2 9 1
5 6 10 12 13 16
8 3 4 11 29 8 17 27 33
5 3 16 17 20 23
9 7 9 4 10 13 17 19 22 2
7 3 1 6 8 14 24 26
2 9 13
2 2 5
5 13 14 21 16 29
7 4 1 8 19 23 44 5
2 2 21
49 50
0 0 0 0 0 0 0 1 0 0 0 0 0 0 0 0 0 0 2 1 1 1 2 2 1 0 2 1 2 0 2 1 3 1 1 2 0 3 1 0 3 2 3 0 1 1 2 3 2 2
0
0
3 10 12 21
6 13 15 5 29 17 22
2 3 8
9 2 11 14 15 24 31 36 12 13
8 19 4 26 14 38 21 5 23
5 15 21 2 29 19
10 12 16 23 39 17 21 31 40 41 7
5 4 7 10 21 16
1 3
6 18 2 19 5 33 23
6 8 11 12 25 28 30
7 20 6 28 33 30 3 15
2 7 8
1 15
10 7 9 19 17 21 5 27 16 35 43
8 2 12 15 21 17 20 36 40
6 5 8 12 15 20 21
7 5 8 23 13 44 20 25
2 13 18
5 3 16 2 22 14
0
5 2 7 1 17 12
6 1 7 9 44 26 29
7 1 2 10 25 24 18 28
8 5 16 41 28 44 48 29 49
5 1 20 22 34 46
9 17 2 20 14 31 7 32 13 28
0
2 3 24
8 4 5 11 22 29 14 33 18
2 4 8
8 29 33 34 40 35 13 4 17
10 8 13 6 11 12 15 16 20 28 30
7 9 15 16 29 4 39 1
2 3 6
2 2 6
7 4 12 15 2 1 34 42
9 2 5 12 20 3 10 22 1 23
1 6
4 5 12 16 20
1 10
4 2 7 6 12
8 7 16 20 21 12 22 25 2
1 2
1 2
6 1 7 28 34 35 37
4 3 13 9 18
50 50
0 0 0 0 0 0 1 0 0 1 1 0 0 2 0 1 2 0 0 2 3 0 3 1 1 1 2 3 0 4 1 1 0 0 1 2 2 0 1 1 1 1 0 1 1 1 2 4 0 2
4 27 31 42 44
8 5 14 19 17 2 20 3 23
3 12 21 35
5 13 24 28 10 12
10 2 10 15 34 12 18 17 6 8 22
3 9 18 19
0
5 10 15 16 17 20
6 3 22 27 1 20 4
3 4 9 18
7 5 28 8 17 29 32 27
3 5 9 41
8 13 14 10 31 39 17 20 43
7 11 20 26 7 27 28 30
5 9 14 17 23 2
8 10 15 6 18 21 4 29 11
8 1 5 31 25 36 13 12 28
8 13 32 35 2 12 14 15 40
5 1 9 21 13 8
4 20 21 22 17
10 11 12 25 26 29 30 23 31 37 3
3 2 11 20
9 11 14 17 20 23 24 28 19 25
0
5 9 29 4 10 36
5 1 10 16 38 40
2 3 6
10 1 4 9 20 32 39 42 8 15 47
10 17 5 18 2 27 8 24 10 37 40
2 9 12
4 6 13 4 26
10 2 9 10 12 19 37 42 17 43 44
6 8 13 2 5 9 16
3 15 18 37
8 14 25 26 16 6 44 8 5
3 5 14 17
2 6 7
7 7 9 17 49 4 10 18
9 1 7 19 8 20 24 33 42 43
8 6 13 25 1 28 35 3 12
3 2 14 16
5 3 29 41 17 2
1 1
3 8 9 18
5 6 14 21 12 30
4 31 2 37 8
9 4 26 30 18 43 31 38 49 10
3 7 5 12
3 5 11 12
8 1 3 27 13 24 17 39 46
