1
498 500
0 0 0 0 0 0 0 0 0 0 0 0 0 0 0 0 0 0 1 0 0 0 0 0 0 0 0 0 0 0 0 0 0 1 0 1 0 0 0 0 1 0 0 0 0 0 0 1 1 0 0 0 0 0 0 0 0 0 0 0 0 0 1 0 0 0 0 0 0 1 1 0 0 0 1 0 0 1 0 0 0 1 0 0 0 1 0 0 0 0 0 0 0 0 1 1 0 1 0 0 0 0 0 1 0 2 1 0 1 0 0 2 0 1 0 0 1 1 0 0 0 0 0 2 0 0 1 0 1 0 0 0 0 0 2 1 2 0 1 0 0 1 1 0 1 0 2 0 1 0 0 0 1 1 0 0 1 1 0 0 0 0 0 2 0 0 0 0 0 0 1 1 1 1 1 0 2 0 2 0 1 0 2 2 2 0 1 3 0 0 1 1 1 0 1 0 1 0 2 2 3 1 2 1 1 0 0 2 2 0 1 2 1 0 0 2 0 0 0 1 0 1 0 1 0 1 0 0 0 2 3 0 0 0 1 1 0 2 2 2 1 2 1 0 0 3 1 0 1 1 1 0 0 1 0 0 2 0 2 0 0 1 2 1 1 1 0 0 2 1 1 0 0 1 0 2 1 2 1 1 0 1 2 3 2 0 0 1 1 2 2 2 0 2 3 1 0 2 2 1 1 2 0 0 0 0 0 0 1 1 0 1 1 1 0 4 2 1 0 0 1 3 1 1 1 3 0 0 1 2 3 3 1 2 1 0 3 2 1 1 3 0 1 4 1 2 2 1 2 1 1 2 1 2 1 1 1 1 0 1 1 3 1 2 2 2 6 1 1 0 1 2 0 1 1 2 2 2 4 1 4 1 5 4 1 2 3 1 3 1 4 1 2 1 3 2 0 1 3 2 2 2 0 0 2 6 0 0 2 0 0 1 2 1 0 0 3 1 2 2 1 1 3 1 3 2 1 0 1 1 3 0 3 2 2 2 1 2 1 2 0 1 0 1 0 1 1 1 2 1 4 2 1 2 1 4 3 2 0 2 4 1 3 0 4 3 1 1 1 0 0 1 1 3 3 2 5 3 1 4 2 2 1 2 4 2 2 2 2 4 1 3 1 4 0 1 4 2 4 2
19 45 102 80 129 177 210 194 241 23 349 118 488 132 230 101 237 261 482 368
37 115 189 251 163 431 65 382 100 497 97 121 289 328 17 412 193 57 241 381 44 387 8 419 75 26 172 118 140 245 459 417 153 190 276 206 300 86
28 249 293 365 255 421 312 466 324 353 462 473 479 95 451 112 323 369 164 491 261 148 495 223 298 375 30 394 430
29 76 111 205 206 216 288 71 218 289 305 334 2 340 403 61 120 178 190 335 389 392 421 64 172 348 407 6 431 470
42 59 89 118 69 125 128 167 257 281 288 295 303 305 29 410 442 106 50 162 202 139 345 143 351 161 497 337 375 377 32 388 101 115 468 25 154 195 228 266 138 264 286
22 60 206 325 190 352 362 42 246 413 80 203 221 254 490 459 153 219 242 271 312 315 369
22 82 85 89 120 132 175 113 179 322 12 117 393 135 489 108 183 197 351 41 477 115 482
24 53 206 482 310 96 494 10 44 151 363 419 74 130 470 328 39 118 334 77 132 137 229 181 295
10 7 64 15 143 182 207 8 208 237 348
26 9 60 88 170 235 314 135 62 380 343 139 111 158 352 303 202 177 227 255 27 311 34 369 279 370 400
39 44 51 132 148 277 293 7 24 282 306 368 107 179 437 498 286 201 337 348 382 494 5 62 240 103 444 149 264 336 54 499 137 184 349 500 303 426 193 221
18 60 66 128 256 56 45 112 176 92 342 71 232 243 306 329 371 421 165
14 16 37 107 135 194 248 17 195 231 250 270 89 422 334
25 12 226 266 59 414 51 345 208 230 4 111 365 467 471 102 151 169 217 325 329 398 175 446 256 346
39 272 47 228 339 256 426 155 237 275 305 57 84 188 451 362 41 216 274 7 476 299 38 249 369 391 395 406 79 22 477 162 480 91 126 338 352 372 44 76
28 196 201 251 91 183 52 360 95 114 126 260 289 41 133 392 100 147 224 337 396 399 97 417 132 228 234 424 131
1 36
47 104 118 125 132 158 178 203 263 186 396 21 61 266 3 26 303 499 111 377 20 458 7 23 167 248 260 272 172 224 451 251 173 228 359 389 487 493 45 47 51 53 67 131 102 268 296 297
21 1 74 112 24 221 248 362 378 394 417 30 428 189 119 28 361 60 470 36 405 146
15 229 266 320 27 40 323 42 456 65 182 484 108 125 243 263
38 161 243 66 110 245 265 286 2 332 25 223 296 33 421 120 429 345 101 433 214 254 397 262 294 3 11 30 498 16 152 78 169 170 444 475 277 150 196
6 94 117 172 223 224 262
32 56 182 187 200 188 211 217 363 110 270 333 169 286 293 186 365 208 255 420 266 250 312 348 66 229 237 433 268 310 325 349 40
49 1 303 350 40 96 13 35 379 129 199 400 408 464 94 209 118 239 260 243 432 85 345 372 484 402 443 480 304 457 264 500 50 455 111 64 136 488 328 361 72 397 471 26 205 216 486 310 460 75
21 159 176 204 424 26 380 335 481 67 372 123 135 298 301 385 371 82 417 445 83 158
8 27 55 18 90 395 421 430 63
4 244 496 57 27
16 21 95 174 249 286 330 138 370 468 47 74 231 85 369 485 214
28 81 127 125 181 273 245 312 383 117 319 336 480 1 108 144 180 225 91 491 139 229 57 239 492 297 146 260 326
43 157 219 330 369 49 125 200 257 316 324 43 333 407 96 107 135 175 395 196 104 205 331 392 75 194 468 41 490 208 59 148 138 353 499 176 183 347 358 22 154 409 305 401
13 127 146 149 279 483 163 190 208 295 226 366 383 42
22 3 19 67 96 168 225 33 151 415 164 193 244 286 14 387 271 304 79 174 202 159 280
10 130 162 477 32 48 484 15 221 229 294
39 36 77 85 92 94 16 219 274 369 382 272 489 250 191 324 64 337 212 160 207 327 37 235 377 422 185 10 27 30 231 17 429 149 453 159 296 390 201 93
38 8 73 159 195 358 148 149 213 233 260 285 304 333 334 257 369 77 428 121 32 258 282 390 16 97 154 252 35 396 100 139 228 309 330 46 51 230 486
34 97 106 129 182 247 385 183 393 36 310 82 434 451 209 378 103 415 171 149 347 376 402 10 65 88 95 150 370 43 222 257 351 366 80
42 188 192 79 359 117 431 175 258 441 340 81 360 255 357 374 59 132 171 375 80 102 187 494 116 440 155 179 214 237 377 405 204 62 434 467 496 234 126 252 289 93 149
10 192 29 105 220 75 319 367 464 221 281
41 116 53 85 161 105 473 6 35 220 494 131 268 313 459 174 319 104 491 66 229 248 432 435 106 243 269 74 388 16 344 365 477 117 152 29 110 186 285 311 376 145
12 268 76 319 384 64 227 242 309 435 189 321 391
25 104 182 236 240 257 366 30 133 324 175 381 307 461 106 123 484 491 196 222 302 352 70 356 72 49
6 81 131 105 141 231 364
27 53 100 111 138 206 78 181 238 241 340 164 133 202 363 410 299 391 192 270 414 43 437 146 476 204 347 352
35 167 170 196 2 213 467 136 289 12 198 248 409 161 263 405 461 67 470 472 73 109 125 139 98 144 158 194 432 42 62 106 460 401 287 163
43 132 221 419 46 117 10 379 490 73 193 81 257 295 440 309 325 489 97 121 299 462 71 347 152 362 182 238 491 253 5 435 186 204 266 106 316 28 341 471 300 314 320 216
8 39 69 76 205 206 230 266 33
48 226 332 372 127 177 438 58 67 491 135 173 217 249 258 229 287 333 91 188 101 374 436 335 97 208 9 211 466 63 189 238 312 316 47 166 345 379 399 46 422 92 117 120 168 290 129 313 181
9 261 25 40 318 106 299 92 320 374
39 51 65 34 89 138 221 153 106 275 187 218 26 63 336 69 377 78 133 186 232 259 70 148 290 339 14 375 428 12 454 132 159 249 208 286 176 270 289 382
11 56 93 300 315 326 39 393 109 434 192 141
30 20 134 214 3 217 224 241 112 246 35 399 205 212 309 102 40 264 363 206 408 32 5 265 417 412 123 280 411 433 441
6 25 123 122 171 191 70
31 166 24 233 181 253 90 180 234 286 292 451 33 79 360 297 30 34 20 75 347 471 472 7 39 86 137 151 200 298 217 344
20 74 231 31 251 311 91 388 161 169 193 431 54 294 223 330 27 379 277 312 198
39 8 221 31 433 151 132 300 440 189 205 254 32 293 45 95 335 348 17 147 248 472 380 93 495 269 107 290 298 156 314 255 500 37 385 391 47 103 2 437
7 149 104 123 201 79 84 233
6 99 129 145 171 175 181
7 76 244 171 360 220 400 50
0
3 390 53 64
23 74 89 75 194 119 239 109 257 232 294 318 158 207 268 192 392 500 139 279 138 303 79 321
9 41 67 233 268 68 269 99 452 194
32 12 22 81 139 27 196 230 443 120 264 166 279 315 331 332 199 4 62 216 288 380 158 126 165 205 344 486 218 255 52 333 395
2 92 120
50 39 75 147 287 343 3 371 66 398 207 101 310 427 234 358 34 380 321 436 176 144 258 458 481 87 151 169 495 20 32 230 291 193 410 16 295 36 313 476 17 487 29 80 179 282 346 356 121 135 387
37 53 166 270 150 296 364 398 50 435 163 316 255 319 443 321 413 446 469 473 9 322 479 98 154 493 11 165 146 173 174 192 142 486 496 203 213 26
22 8 88 92 174 304 391 423 105 137 155 398 225 253 270 256 444 477 147 303 231 281 498
17 27 139 253 275 94 336 216 150 339 295 30 155 330 109 80 354 118
30 13 178 197 271 155 332 33 280 215 306 158 205 385 336 140 248 349 350 337 355 388 428 154 225 242 434 318 375 379 115
37 244 333 338 231 319 339 389 482 61 78 182 439 485 90 279 282 109 115 187 476 308 327 392 21 395 499 8 52 397 251 22 416 16 490 280 248 303
12 64 189 270 301 337 382 500 161 311 178 20 285
19 99 109 170 239 332 318 233 335 18 400 21 320 132 319 339 17 389 19 28
16 45 50 169 300 198 215 104 245 146 332 382 384 13 288 415 311
41 124 143 168 170 40 177 250 429 284 430 67 375 242 16 390 467 186 380 70 211 303 113 361 78 217 489 228 272 387 471 196 291 110 239 327 414 84 247 432 441 481
30 169 179 74 181 402 437 63 471 487 64 81 311 44 320 103 189 386 100 400 405 72 221 244 287 457 6 23 113 3 173
0
28 59 178 241 242 331 68 339 107 21 274 375 41 200 33 403 251 62 90 277 281 312 319 360 229 385 433 276 63
5 8 197 10 273 12
27 97 193 119 221 229 374 134 380 389 390 114 289 422 138 457 171 257 460 360 105 437 499 164 202 296 4 261
16 62 99 459 138 64 196 341 38 375 384 468 103 127 119 218 240
30 9 112 50 163 201 16 97 238 286 68 266 40 364 91 59 402 250 272 3 404 142 437 8 214 219 458 226 96 241 331
19 94 135 229 315 121 366 383 260 71 347 45 417 216 438 59 342 442 111 331
50 111 149 392 23 126 396 134 146 154 403 191 416 135 447 148 253 230 385 181 431 252 368 436 95 153 206 458 144 161 168 209 244 264 291 394 327 401 196 197 248 219 283 317 463 425 475 187 56 84 442
15 71 104 125 138 278 100 390 226 110 282 425 238 302 254 353
33 47 105 108 111 194 207 228 233 39 263 24 441 112 482 42 56 266 91 121 311 147 31 168 381 214 419 127 457 337 235 74 392 279
27 21 66 99 153 241 265 310 7 397 45 134 159 384 86 389 220 315 122 369 130 400 169 471 218 424 270 426
2 2 15
2 65 76
37 104 105 137 246 279 305 357 391 249 392 415 491 17 56 177 123 175 468 208 342 430 375 398 425 436 345 99 174 222 416 280 431 480 154 158 260 327
29 24 39 43 56 85 63 137 79 184 188 261 69 71 205 18 157 207 403 351 368 435 84 109 423 156 453 463 34 420
15 29 42 60 219 237 413 362 436 93 119 247 317 484 30 74
19 6 50 211 55 195 281 41 49 346 230 95 322 197 460 487 82 233 234 148
37 12 52 129 6 5 44 137 140 182 202 106 25 307 160 204 288 366 33 157 297 379 418 42 432 79 112 131 265 80 34 250 88 175 309 355 482 51
6 218 151 245 110 143 128
35 40 51 110 49 123 367 79 401 244 408 474 148 153 195 50 207 210 223 59 67 127 240 495 300 15 18 301 124 280 302 320 95 172 442 265
6 95 206 332 349 350 115
37 22 23 127 158 217 32 316 83 31 325 67 350 14 27 463 150 55 187 188 478 38 211 221 230 52 129 46 236 235 285 364 59 262 367 155 413 336
20 191 306 95 314 332 158 100 149 368 494 192 198 403 24 233 429 257 490 16 62
17 115 185 189 232 324 418 246 351 388 96 440 459 28 288 500 127 47
36 109 112 237 31 51 101 103 260 267 286 158 318 328 22 137 198 274 250 320 369 39 108 210 43 110 299 479 42 143 135 50 297 424 374 141 185
45 34 90 104 59 184 198 124 472 233 377 477 92 178 106 340 487 149 212 253 291 145 303 204 346 157 500 74 278 496 73 147 289 189 210 398 205 372 425 180 155 246 280 313 32 318
38 82 6 170 289 8 345 446 322 356 402 84 144 493 85 417 205 206 297 303 441 171 237 470 247 450 47 466 72 364 5 74 4 88 86 421 136 50 110
22 205 214 229 123 276 499 151 17 271 293 336 131 348 289 478 414 416 178 185 3 440 494
4 7 57 72 101
6 139 192 201 32 63 20
50 139 284 408 246 129 300 323 217 443 380 226 447 208 314 358 126 266 375 189 255 461 275 49 430 183 80 455 317 383 389 422 137 467 477 158 159 379 454 471 140 145 247 340 387 490 496 55 113 344 400
12 45 79 290 54 82 404 430 128 227 192 175 274
9 70 132 153 163 78 186 165 317 399
6 19 80 101 23 95 238
22 32 84 109 233 337 15 372 394 19 44 67 375 440 127 178 194 297 300 346 102 357 362
20 17 127 163 285 157 228 310 456 43 239 246 67 248 328 365 429 158 188 447 39
2 41 310
20 348 366 429 95 242 245 280 286 379 247 380 171 490 272 325 230 396 369 125 399
8 20 85 52 195 239 322 69 194
49 58 62 300 365 4 196 70 429 214 306 61 350 132 440 205 305 491 238 36 187 319 43 322 325 359 375 10 12 159 40 200 239 362 184 276 212 221 496 85 241 261 349 296 361 316 415 186 326 45
39 32 64 68 55 385 170 79 54 196 236 263 255 14 351 387 9 445 39 157 206 215 474 221 138 279 298 282 365 380 449 109 381 7 467 19 414 86 496 342
36 14 232 152 254 169 279 312 337 403 412 84 415 427 98 181 175 190 221 430 335 394 439 1 494 2 102 278 281 409 448 11 497 65 464 28 100
49 27 79 97 312 151 350 98 351 356 196 249 378 379 500 25 10 90 295 19 377 34 388 207 296 154 422 30 339 167 449 88 199 105 120 211 404 138 451 414 142 376 409 450 60 186 226 238 270 282
33 53 75 170 230 70 123 256 290 400 325 393 397 402 78 414 461 131 64 143 247 464 55 149 159 252 221 318 229 404 343 452 500 357
11 48 12 61 71 42 112 182 352 373 34 442
16 204 321 335 317 349 84 252 368 5 55 147 382 33 425 136 465
43 50 187 129 155 199 31 422 477 110 2 118 147 33 73 327 240 316 6 339 35 361 8 409 119 341 178 399 39 363 423 429 98 219 241 493 7 358 18 442 67 19 500 179
49 11 33 135 189 47 252 56 437 20 37 129 153 2 459 125 157 192 425 327 31 349 9 374 433 409 439 474 39 240 301 198 318 356 1 146 209 287 329 412 317 498 436 55 321 448 472 22 59 144
35 8 76 342 352 87 367 66 239 311 182 476 344 63 390 230 20 70 429 101 235 343 490 362 40 440 457 2 81 146 125 83 256 268 90 415
33 54 63 169 24 219 263 215 301 315 140 340 177 369 376 197 3 206 485 251 493 107 151 391 52 167 339 205 444 343 353 61 326 469
34 4 115 34 54 158 130 307 74 209 311 116 211 376 301 388 339 465 117 393 496 437 321 460 183 493 49 442 29 146 462 243 494 289 327
34 262 318 209 230 322 97 336 23 341 360 49 96 90 434 98 191 477 463 236 498 293 301 43 177 238 69 304 458 479 22 170 491 187 211
15 103 177 181 213 265 92 96 187 316 203 230 235 10 254 14
8 127 203 63 284 107 55 183 142
13 28 75 98 103 9 38 101 160 173 311 319 331 31
38 117 55 179 187 446 74 459 13 92 104 114 144 392 393 407 63 25 227 73 495 3 100 118 455 31 247 327 76 314 191 241 249 346 124 396 239 270 356
48 10 82 196 243 139 245 185 375 8 398 205 215 447 201 477 261 109 360 418 438 461 337 207 366 486 472 369 488 42 475 61 64 177 204 244 235 365 376 89 188 481 193 129 159 200 90 229 264
11 47 52 175 229 153 345 261 326 301 54 488
7 244 271 94 453 227 282 283
6 15 35 102 175 213 178
33 23 75 90 58 153 250 299 323 364 367 30 140 218 273 148 159 324 183 239 290 334 416 108 150 453 151 243 459 69 319 493 335 41
34 26 36 195 216 119 360 448 17 139 193 222 228 382 474 494 70 133 202 407 218 221 123 455 235 431 6 31 159 219 230 359 423 86 153
5 40 41 102 93 130
14 68 96 88 77 146 208 250 314 402 72 116 414 430 417
49 41 169 11 43 324 94 123 462 189 147 183 198 233 290 406 26 62 423 500 31 111 157 221 467 253 126 294 350 34 496 336 170 77 144 446 133 173 335 185 52 274 138 205 282 352 13 172 344 180
35 191 11 216 284 289 362 29 107 78 475 311 180 315 412 211 220 270 478 229 387 436 274 129 451 137 317 327 25 390 37 126 158 452 164 237
0
40 84 290 5 100 296 215 166 38 233 297 18 49 324 325 9 345 412 1 30 436 448 3 95 228 240 457 397 405 407 444 12 464 55 484 492 88 231 279 302 331
50 230 2 274 394 15 282 348 76 408 11 446 1 104 411 239 288 90 225 457 178 238 148 220 336 244 349 383 441 214 319 406 451 454 467 113 315 478 171 469 163 267 491 297 92 116 278 392 271 321 365
45 117 130 160 178 201 303 353 51 304 462 146 199 403 64 71 406 132 286 235 237 366 113 485 222 489 389 456 133 67 443 155 169 464 52 302 220 265 470 100 273 116 338 137 195 413
50 151 164 206 162 222 410 255 77 336 411 105 117 359 466 477 60 218 192 487 203 211 369 372 432 179 66 112 97 233 309 384 56 21 42 92 268 14 396 98 75 483 88 67 148 68 51 216 212 62 250
34 61 72 143 180 192 238 33 62 78 420 457 92 490 89 99 185 245 31 265 42 355 79 141 164 410 54 272 81 395 115 447 161 101 326
37 23 32 222 61 237 360 383 170 66 83 368 225 347 185 460 314 322 430 441 12 13 317 133 446 164 268 63 313 366 123 124 139 107 435 64 175 479
28 5 131 142 261 264 271 101 303 343 278 211 366 58 249 384 424 156 431 333 344 127 259 298 398 3 400 428 109
16 20 17 34 97 112 253 271 45 41 103 114 186 395 219 100 89
28 53 27 146 155 221 277 58 130 285 153 289 308 345 203 315 160 2 156 219 293 206 298 256 286 361 282 365 313
8 30 154 193 243 269 40 384 225
23 31 34 100 135 4 191 299 357 33 85 277 295 448 39 327 49 153 196 389 157 241 287 174
9 78 235 102 298 282 325 334 357 469
4 73 119 132 225
40 83 193 17 305 365 300 383 384 391 8 441 25 210 428 81 209 445 328 71 407 97 259 470 99 208 185 416 223 103 385 192 458 247 394 36 442 64 137 268 284
10 45 247 284 460 126 138 262 40 312 352
22 32 36 211 214 313 72 243 113 322 28 254 295 380 218 206 308 323 44 120 360 175 252
43 179 279 306 92 354 421 358 118 422 219 456 377 304 464 379 44 178 433 151 372 217 500 37 242 312 9 484 191 315 343 383 133 185 347 87 231 149 398 450 81 230 188 451
24 305 111 64 332 314 359 196 216 363 447 239 264 268 350 410 56 105 188 255 445 473 32 384 124
27 39 117 291 301 337 166 238 253 381 388 159 107 470 483 262 318 336 266 21 385 440 309 484 202 267 327 403
2 158 203
41 37 31 67 74 93 114 174 5 22 180 196 273 277 203 271 290 291 313 142 388 141 186 395 436 60 156 197 208 213 246 30 170 289 334 315 16 396 282 81 295 417
25 107 141 277 147 290 145 295 310 419 80 307 321 227 500 258 350 368 263 287 446 30 442 85 494 224
21 39 202 222 72 230 239 253 96 380 117 383 108 175 471 135 143 148 498 105 125 150
48 33 205 252 301 305 400 383 43 101 427 186 214 460 180 244 375 104 385 53 407 132 175 216 275 288 298 29 300 349 459 38 109 413 12 45 464 46 62 105 185 489 307 318 373 405 4 26 84
16 34 72 248 108 251 349 173 467 276 348 4 357 39 111 142 232
2 42 103
44 78 94 271 359 251 326 186 423 189 194 205 437 62 357 11 320 467 483 171 378 414 257 313 249 323 491 253 312 289 369 402 315 103 324 381 422 64 263 465 229 482 310 383 63
0
35 205 259 170 403 416 421 221 162 437 201 48 67 337 115 440 120 107 193 296 18 103 282 408 166 455 481 43 485 45 127 283 19 41 306 470
34 2 124 188 261 307 140 315 145 309 342 405 447 108 452 30 125 39 155 196 274 347 383 450 244 19 388 220 358 477 235 369 77 490 107
12 122 211 134 150 218 217 246 245 314 332 444 18
0
7 126 173 200 260 329 162 74
49 151 226 284 35 193 146 391 463 164 231 263 301 42 186 347 298 492 214 235 271 39 299 404 440 98 172 195 145 499 373 406 17 73 280 183 434 494 184 169 447 25 261 77 395 37 450 135 467 180
32 123 155 309 243 145 281 433 160 31 446 218 268 358 157 457 85 262 270 280 283 312 318 388 198 495 421 303 26 432 450 34 411
25 175 203 213 215 321 94 360 319 376 202 378 387 105 18 127 230 113 453 478 233 234 25 160 44 157
8 17 61 123 264 118 242 71 143
50 62 269 317 82 107 324 434 26 30 81 88 137 117 141 162 252 413 282 374 384 46 49 70 71 95 426 152 160 20 322 337 22 256 328 118 475 355 106 298 302 323 366 390 398 54 401 93 481 181 150
0
35 29 165 252 326 302 63 357 15 101 347 352 114 259 290 22 111 168 308 333 223 399 473 489 192 238 479 146 475 181 46 336 350 121 477 481
35 128 363 448 18 490 1 61 178 76 497 189 210 212 236 34 440 191 338 294 334 354 399 380 144 415 476 38 444 229 86 416 422 432 156 202
36 124 192 311 321 45 136 165 315 57 296 331 289 413 354 402 462 168 249 2 101 397 458 485 37 44 162 177 208 345 49 145 452 283 65 285 59
47 160 237 149 204 283 104 291 51 191 161 301 212 390 5 211 246 253 285 352 294 112 190 340 249 420 458 2 473 60 400 208 474 57 25 351 442 165 493 240 243 323 100 163 187 371 429 49
34 84 193 266 275 354 413 47 52 131 181 270 433 6 152 464 320 5 46 11 61 1 109 83 315 465 336 349 445 360 148 318 387 500 410
19 145 239 33 28 365 37 56 197 224 25 367 354 61 412 419 484 68 486 100
12 54 72 84 135 196 142 129 476 204 293 49 71
2 152 153
11 66 163 238 35 143 59 145 91 168 94 297
34 30 121 122 207 135 50 297 131 301 489 23 273 346 247 232 401 287 430 332 76 4 475 345 39 354 378 96 112 359 113 129 406 187 258
45 113 321 360 381 34 74 230 390 110 129 175 403 242 486 273 304 320 287 385 411 441 45 107 158 65 238 255 280 425 467 482 13 1 346 465 152 473 172 195 59 291 303 373 174 18
26 107 140 240 241 250 114 266 311 77 436 50 437 309 156 177 472 179 371 462 335 336 347 366 39 378 443
25 120 39 103 104 213 245 127 320 335 412 88 133 215 499 70 329 157 166 384 13 137 477 165 286 222
11 130 160 194 9 268 375 486 101 106 122 182
8 83 157 171 93 253 344 17 355
8 116 212 215 264 309 193 390 411
48 23 196 162 137 275 159 176 219 247 288 328 52 255 112 322 330 89 265 287 474 308 351 41 452 152 496 344 193 363 78 220 379 396 83 240 483 7 107 53 273 140 346 230 251 493 30 300 54
5 109 162 282 379 301
21 108 24 169 227 236 340 85 39 112 181 196 137 338 364 449 101 452 183 300 321 305
40 36 48 61 209 135 233 239 251 326 395 279 293 1 406 5 447 56 58 122 162 188 148 347 491 236 305 410 109 399 475 401 30 99 256 43 51 283 438 37 316
34 76 98 123 60 201 253 262 49 66 317 214 307 430 179 433 464 3 395 421 474 102 423 441 209 480 43 184 318 220 122 481 130 298 366
46 43 95 240 333 383 85 434 124 201 210 458 463 342 477 350 56 385 389 26 424 75 239 263 452 480 81 183 30 152 211 233 8 407 459 205 332 88 91 451 47 143 162 192 478 246 334
42 19 166 296 370 403 103 469 471 153 222 244 269 204 2 230 495 80 275 134 276 277 309 356 181 364 418 87 205 104 154 436 482 50 494 155 112 499 339 362 9 419 500
26 70 101 82 130 160 65 167 136 294 47 205 309 179 325 429 5 93 158 449 146 388 437 452 75 497 50
30 22 70 75 122 131 126 173 221 299 46 192 325 114 327 150 166 367 138 397 273 302 33 312 52 332 45 343 214 87 216
26 65 110 145 151 271 285 348 10 60 204 427 94 100 219 275 455 206 168 225 194 233 263 334 390 43 394
20 119 224 135 156 28 315 200 45 330 53 118 279 388 399 39 486 163 206 186 259
34 3 4 105 242 299 376 397 407 63 134 44 413 226 414 445 26 48 116 492 179 227 77 206 24 270 332 200 240 374 410 412 294 480 482
2 87 198
43 29 158 184 185 235 162 282 311 111 338 155 425 435 69 448 240 100 124 208 265 66 248 328 102 122 139 180 196 228 359 58 366 5 135 382 476 119 62 110 116 164 293 37
22 4 7 40 44 83 442 21 34 262 42 200 68 313 315 440 109 282 492 214 374 360 467
18 12 20 42 120 236 162 362 63 414 89 168 195 482 234 247 296 153 64
31 60 172 114 251 132 175 198 280 500 19 354 112 178 226 253 281 356 438 147 160 366 268 70 444 152 269 461 136 361 368 15
30 35 179 220 354 357 68 370 125 186 443 143 459 108 229 408 134 192 196 289 458 394 109 155 298 117 435 193 456 53 465
9 39 124 223 330 368 369 228 126 107
24 14 86 67 185 231 273 152 310 340 417 430 89 113 469 253 264 250 324 352 41 68 263 50 302
9 64 209 305 373 17 39 268 41 123
23 314 199 383 381 211 130 476 86 230 407 50 480 487 102 125 184 195 303 380 293 416 196 206
4 47 25 152 170
8 99 143 266 67 119 301 157 418
19 33 61 109 224 242 348 276 480 199 479 23 104 395 486 121 249 489 344 358
24 20 55 59 148 196 210 228 333 30 65 41 140 44 187 46 23 408 12 252 494 226 304 32 78
10 78 154 242 287 290 342 415 375 434 472
35 5 17 87 204 41 188 220 296 237 302 81 375 205 134 239 274 312 30 224 338 95 241 211 309 232 373 118 155 270 212 330 333 228 372 293
18 95 164 12 263 15 284 98 324 36 194 387 420 47 217 135 160 221 275
23 183 286 320 206 236 167 271 280 288 40 226 255 445 79 18 210 321 157 215 82 83 89 154
17 141 156 320 326 406 49 438 109 133 143 184 235 301 466 12 66 94
35 33 3 192 139 41 82 287 358 125 413 429 443 80 100 168 321 493 412 418 186 409 431 152 440 458 486 83 163 138 201 48 219 359 223 233
6 153 182 184 255 294 416
22 34 60 164 178 224 358 81 24 148 260 264 214 313 65 409 338 416 471 473 110 132 141
13 130 37 131 266 68 88 142 177 44 274 239 90 303
37 192 247 218 255 296 263 362 272 313 5 25 107 440 145 221 250 415 4 254 325 365 172 130 397 408 413 34 46 63 455 62 258 73 300 230 464 239
23 197 326 165 324 328 420 318 370 44 385 494 209 273 69 363 396 127 236 364 136 490 152 102
15 12 38 95 242 165 41 231 71 346 244 277 161 305 212 412
17 80 105 165 73 239 226 256 216 343 337 347 365 150 460 341 473 102
17 21 92 216 292 302 359 366 51 146 388 159 164 225 476 24 41 1
48 31 44 76 207 270 235 277 329 226 342 403 437 216 463 138 264 311 4 496 66 314 357 388 98 104 293 443 458 112 192 215 418 472 492 68 287 135 148 252 416 82 265 271 184 1 81 328 405
13 146 234 269 427 456 477 56 86 63 335 100 109 186
42 5 98 55 110 246 96 192 326 496 94 361 135 402 35 23 466 221 385 18 212 424 4 456 73 459 226 196 44 206 495 271 354 359 108 111 463 87 112 121 147 250 298
12 118 156 16 377 401 310 394 60 248 203 442 457
45 9 22 178 364 392 230 272 458 299 302 60 421 41 477 80 157 500 135 138 210 205 418 105 54 234 246 391 52 150 169 396 182 274 292 381 404 148 270 407 419 110 276 436 12 115
31 16 59 68 40 234 374 347 372 441 448 98 197 22 456 106 33 203 51 96 62 161 129 230 384 477 76 168 189 60 217 223
34 68 159 239 29 101 430 74 118 133 54 172 244 44 458 89 202 207 266 470 18 113 224 73 296 13 197 46 80 192 309 397 200 442 234
3 9 188 212
12 115 208 236 238 77 237 270 315 98 296 425 40
23 57 215 177 243 455 75 486 206 285 276 352 168 267 328 18 395 498 89 334 159 433 12 63
11 36 75 105 132 199 346 342 387 392 74 217
22 21 70 154 193 71 200 135 320 425 15 432 251 26 59 337 98 198 438 14 225 479 484
19 86 101 271 327 287 335 339 361 157 341 344 449 346 168 383 500 185 321 30
47 48 61 180 6 14 53 222 144 320 350 196 49 295 364 115 118 81 382 3 471 173 63 395 126 230 458 1 269 323 208 237 373 469 18 413 426 78 423 128 159 343 475 355 371 388 4 45
19 38 47 232 251 148 234 305 56 325 103 295 390 119 16 142 258 404 105 26
17 32 227 233 238 272 214 317 319 329 104 107 175 116 205 390 152 181
41 7 33 166 191 398 34 460 196 490 374 382 436 15 134 135 491 383 128 392 442 53 65 250 317 446 325 37 74 484 6 367 44 379 404 81 380 167 278 239 63 371
38 87 55 94 232 112 79 248 311 71 390 104 324 440 39 69 103 48 141 128 273 404 182 471 183 266 267 314 397 95 448 199 495 212 229 263 8 113 285
29 75 98 152 236 140 291 350 165 355 28 378 323 80 373 179 85 295 29 125 212 364 242 448 30 200 252 261 27 260
19 9 7 37 121 181 191 168 117 329 391 10 416 456 140 196 338 138 432 238
35 231 280 2 80 9 482 115 44 135 151 486 251 323 8 354 138 360 108 410 39 150 209 33 375 181 227 422 30 7 168 170 289 364 1 480
14 168 230 253 30 41 385 406 62 133 148 206 443 73 244
40 3 123 144 148 176 97 107 284 325 48 150 208 397 248 254 269 329 162 68 367 371 7 417 31 472 135 47 180 218 106 14 312 83 12 110 205 37 202 216 320
2 116 122
42 29 44 131 142 6 385 172 186 120 127 177 112 101 132 202 310 161 413 223 279 339 287 307 114 311 171 273 329 352 49 154 284 445 82 199 248 364 162 351 190 421 327
10 42 195 176 214 290 180 377 227 243 336
14 20 117 125 223 315 338 7 55 177 204 221 3 27 298
24 144 183 197 60 402 166 211 464 150 260 126 478 155 163 195 140 491 230 272 323 210 335 337 357
27 30 87 91 146 182 212 442 306 318 322 23 369 451 468 37 27 101 126 291 53 79 225 57 253 263 374 350
10 5 14 44 151 203 12 319 16 353 109
22 50 39 69 87 126 149 165 192 232 211 107 342 359 142 234 284 441 498 497 244 250 311
13 74 120 124 135 332 168 437 134 112 210 321 481 21
16 103 217 255 247 300 257 259 269 316 1 329 356 158 323 336 92
16 210 25 353 393 9 41 183 115 69 188 144 197 371 468 225 127
29 90 124 162 277 375 62 106 195 91 434 225 80 246 329 370 44 386 65 97 86 140 191 348 46 69 163 468 136 255
11 21 27 114 25 152 168 182 239 178 256 378
35 65 143 268 360 445 115 207 67 285 321 484 441 36 493 452 25 47 453 280 2 308 63 338 454 5 135 200 210 239 241 274 151 330 314 357
24 88 63 216 228 297 334 235 305 364 372 387 36 418 491 447 458 38 62 69 116 140 180 296 184
31 50 106 143 188 255 260 299 93 125 200 368 35 387 413 456 46 159 174 218 358 59 477 79 80 366 116 90 153 190 415 66
2 66 108
37 98 135 284 295 24 68 176 91 317 469 492 82 183 231 85 114 167 345 105 209 232 382 420 21 53 123 288 335 383 168 253 5 339 388 239 364 431
25 48 104 196 389 102 155 415 84 312 496 49 307 128 323 289 400 327 203 353 453 296 429 443 340 250
12 36 132 16 166 152 294 242 290 354 417 49 235
39 64 112 247 248 2 264 16 326 355 405 408 32 227 327 34 388 3 393 30 425 35 174 476 178 76 173 401 430 194 203 209 222 267 336 72 435 131 317 482
22 81 150 209 26 188 409 120 443 193 257 230 349 383 23 484 149 36 163 433 167 51 85
7 133 168 310 232 40 85 455
19 72 115 179 243 254 282 285 288 296 418 45 156 389 448 73 460 200 194 425
16 109 80 119 160 295 395 436 376 387 38 316 442 78 91 125 162
50 62 127 252 412 151 449 32 161 145 293 311 377 167 271 370 385 148 390 195 438 471 495 210 257 61 283 289 322 246 82 12 352 137 362 75 363 81 213 275 317 389 456 89 160 172 24 443 118 235 1
23 75 239 401 31 42 435 169 499 35 287 348 148 203 303 94 379 358 145 419 83 481 301 448
38 213 119 241 108 453 169 187 229 9 282 87 479 239 361 285 500 126 396 47 8 312 348 357 38 16 250 100 287 189 162 289 422 159 29 190 340 25 350
1 83
19 51 132 145 183 41 194 214 255 352 128 170 422 299 9 220 310 38 359 175
27 36 111 323 195 52 357 206 240 381 118 349 445 32 484 92 310 333 340 60 236 477 259 342 213 8 406 443
35 121 289 115 299 101 408 139 155 250 478 335 91 197 182 345 326 392 178 257 315 317 393 57 398 118 208 301 7 321 46 365 26 176 148 93
21 12 211 245 271 379 59 252 317 384 387 91 155 216 392 114 171 90 363 231 224 275
31 16 27 9 82 123 139 219 221 267 274 285 14 30 293 232 309 494 135 292 243 428 383 396 488 67 183 459 204 236 335 468
1 221
1 63
17 126 174 222 236 242 244 115 254 52 387 221 19 269 220 314 232 191
33 36 93 145 214 243 254 294 299 319 354 364 416 49 260 448 491 153 216 40 128 419 420 365 461 462 424 44 453 58 455 387 283 135
7 7 58 136 203 219 246 247
0
43 40 139 183 194 251 407 190 456 250 473 478 497 37 45 129 159 240 224 246 387 395 6 405 13 444 118 165 304 474 282 310 430 14 454 70 464 366 132 493 185 5 68 105
11 164 64 230 38 277 384 205 39 173 266 421
37 3 50 420 448 142 228 497 96 260 93 173 274 185 349 219 357 18 363 388 119 257 305 397 405 6 304 128 370 499 275 351 165 326 418 66 431 134
45 89 221 225 251 368 371 6 95 130 160 421 80 440 462 182 464 304 129 133 325 435 46 103 111 149 375 481 78 431 114 115 155 120 438 286 413 33 437 42 418 176 226 53 236 254
32 131 104 211 246 332 140 342 218 316 165 367 161 235 422 433 111 205 435 289 139 335 183 231 236 427 73 14 168 242 326 371 82
9 75 79 107 94 140 211 180 263 5
36 75 102 161 181 278 321 326 376 428 20 122 1 450 138 98 218 453 63 196 253 259 262 269 62 165 442 213 382 30 54 412 80 240 335 17 211
32 4 18 110 55 232 176 264 313 318 375 186 188 267 295 311 344 22 161 197 273 393 87 282 285 293 191 224 354 238 280 58 265
42 42 154 225 164 67 84 292 246 55 57 65 352 62 112 113 138 33 168 240 390 95 147 150 454 169 218 474 313 338 353 343 19 234 368 324 408 336 76 386 420 6 448
22 31 80 82 132 162 280 141 142 396 134 259 318 454 56 107 167 326 354 65 371 419 193
26 1 30 120 153 174 2 296 395 466 201 208 252 307 51 345 488 168 241 348 435 138 473 100 362 429 217
13 74 232 233 68 284 172 303 324 13 340 76 339 307
19 225 228 314 360 393 417 102 439 119 216 286 375 461 92 133 148 211 329 362
11 127 320 115 260 322 4 295 22 451 41 71
44 44 177 181 210 95 194 349 202 51 137 455 119 226 282 337 17 340 429 172 216 430 221 236 74 23 263 265 355 380 100 242 290 391 376 446 454 3 11 18 161 388 235 34 266
6 3 87 179 199 56 109
42 283 4 330 44 161 243 350 369 23 300 24 378 114 381 205 500 210 35 294 357 377 64 398 56 323 479 370 75 131 441 157 110 265 272 121 8 136 178 297 340 38 133
22 83 189 245 177 315 97 163 381 395 153 3 441 284 137 491 14 332 426 104 222 494 198
11 61 147 74 245 255 214 111 459 150 291 199
39 22 126 198 208 156 214 239 263 431 179 454 11 253 89 269 311 4 346 152 358 377 396 163 449 468 90 459 212 216 55 174 341 477 83 159 495 166 220 225
15 48 88 121 247 327 110 124 333 152 54 468 305 225 275 210
18 252 63 303 14 331 109 388 153 389 405 93 110 71 357 44 419 180 198
4 175 236 250 269
45 3 45 101 278 386 14 444 51 58 176 21 235 456 368 95 138 59 430 148 366 248 477 302 471 47 168 495 224 53 258 358 474 44 406 70 122 468 132 73 172 208 480 487 110 351
2 35 36
21 147 174 106 320 361 432 21 69 208 433 62 357 478 73 83 87 359 96 281 321 84
34 47 57 110 149 59 150 205 1 278 217 347 171 260 115 362 452 152 440 495 79 157 164 371 185 282 291 317 425 346 35 439 63 54 72
3 76 59 162
45 31 54 85 93 118 363 390 158 182 468 178 240 398 244 250 292 325 357 388 417 430 207 269 401 411 4 264 173 462 194 273 419 157 245 170 235 308 422 25 424 58 88 185 33 191
4 69 234 62 114
11 190 212 12 268 173 349 89 379 437 120 201
38 95 152 210 215 4 306 208 296 389 36 62 391 70 227 352 122 404 181 487 265 27 414 60 74 141 193 213 248 312 473 339 388 480 99 355 437 461 476
11 143 170 106 227 278 271 398 225 57 401 472
18 29 66 119 313 73 343 359 20 83 217 197 417 427 442 398 440 174 484
32 5 87 85 121 134 234 169 202 269 196 375 206 293 386 26 422 267 77 389 179 409 86 205 144 193 214 436 10 225 80 249 283
50 17 161 169 7 197 307 158 360 431 441 451 152 457 295 376 324 391 342 397 428 283 8 195 231 277 287 476 86 105 371 379 72 59 449 137 233 12 175 261 306 355 55 140 179 166 224 253 415 452 268
30 195 194 257 45 186 139 207 137 388 162 206 323 405 414 166 196 411 490 58 93 224 327 457 8 143 217 458 416 420 52
16 53 79 206 347 151 431 276 278 309 402 433 28 34 487 62 128
39 50 122 140 154 5 234 268 78 161 352 373 4 142 271 390 385 27 436 91 124 465 225 375 404 327 37 135 491 76 95 233 236 255 186 194 287 354 318 227
11 86 145 163 201 231 225 93 267 294 328 128
11 243 274 390 54 396 79 487 73 170 40 198
2 185 74
46 71 214 28 258 274 32 318 350 68 121 137 69 108 336 147 400 57 229 332 454 462 467 31 476 498 128 93 106 169 171 298 334 7 37 447 105 189 209 220 338 439 349 368 448 478 185
6 110 187 51 216 185 223
25 30 185 81 356 407 439 17 195 260 301 343 7 39 359 366 31 422 219 223 234 178 134 465 243 377
45 75 119 80 102 128 137 151 210 148 267 276 321 404 76 99 485 115 186 311 249 388 347 383 385 422 468 117 272 9 182 319 31 44 254 192 456 397 202 231 382 466 297 494 55 419
37 18 23 32 74 115 121 254 126 276 297 144 171 258 177 311 323 186 242 345 157 165 271 72 477 27 196 238 357 33 54 418 66 482 301 302 378 260
26 10 15 20 201 150 251 281 321 325 418 213 457 82 282 111 440 288 349 462 2 143 57 322 433 484 26
33 31 28 258 165 21 299 71 433 94 133 228 343 459 4 15 152 158 167 54 61 117 171 186 489 198 270 41 467 344 496 259 204 491
45 129 156 122 275 296 367 20 99 243 389 17 260 149 289 59 310 131 374 420 4 16 151 175 34 187 76 182 186 266 61 311 247 264 322 283 7 409 38 145 148 210 331 226 280 440
41 128 210 49 221 314 302 51 338 374 58 424 108 157 250 264 106 297 433 497 184 189 232 190 119 293 310 351 418 360 137 229 321 66 161 191 305 245 295 304 55 471
39 45 88 101 125 152 248 251 136 40 315 54 234 253 320 8 77 203 98 346 358 428 192 244 93 432 170 71 337 218 30 412 474 63 335 188 364 208 10 390
50 38 88 126 168 184 207 98 130 202 143 321 424 63 266 115 201 204 339 373 33 236 416 92 475 430 66 376 122 464 116 138 139 486 114 267 25 252 276 294 374 176 196 427 224 77 248 368 382 494 179
17 55 253 106 31 64 274 140 154 422 173 386 10 125 283 431 248 324
19 4 12 13 46 59 151 183 116 202 235 268 314 80 130 310 419 430 2 67
44 1 34 163 114 187 256 259 85 315 86 214 320 337 383 243 448 213 362 9 388 459 82 113 460 57 347 474 293 58 469 195 396 244 428 297 356 30 387 444 453 164 374 461 464
9 46 260 279 16 321 20 213 329 357
30 67 203 163 405 411 196 227 294 313 391 443 132 134 456 231 458 240 180 306 242 17 243 407 138 259 328 378 419 40 442
23 90 161 194 270 36 198 276 304 358 96 147 409 22 300 60 317 226 309 268 154 433 160 209
48 60 167 181 185 194 199 211 357 419 28 50 436 184 251 366 451 55 113 132 454 52 223 312 138 304 19 229 299 340 359 151 378 399 452 175 393 197 343 430 377 418 206 63 460 427 84 218 296
27 103 111 315 238 332 367 130 387 143 414 52 489 235 236 362 193 372 495 161 312 316 450 453 15 22 473 98
22 178 187 303 6 338 374 89 23 153 375 400 47 81 411 324 156 432 163 17 164 266 203
37 167 283 153 427 134 493 170 470 32 90 169 249 323 450 499 377 106 392 221 360 442 92 362 223 391 417 425 115 483 260 489 26 116 231 496 232 236
36 33 129 95 137 347 314 365 393 100 346 144 445 277 400 76 210 335 8 252 259 428 86 102 197 264 60 270 91 97 452 116 290 67 135 179 190
29 34 51 73 268 70 320 39 101 336 248 257 348 316 28 329 290 308 364 115 230 392 102 282 298 299 173 474 386 65
40 37 101 117 172 123 219 78 150 221 272 296 218 288 235 310 317 448 278 75 322 189 494 32 316 85 177 357 299 228 373 29 393 415 24 114 200 64 100 118 203
28 30 69 74 231 254 237 323 298 335 345 8 408 227 32 438 255 359 391 28 75 88 261 411 10 11 108 233 235
15 49 99 209 318 147 11 321 352 357 425 171 195 282 304 397
11 64 158 164 250 270 382 399 154 420 316 456
43 79 139 151 258 3 181 276 279 242 326 405 90 373 261 380 428 1 62 314 186 335 450 46 499 402 197 262 406 106 295 47 351 120 376 142 232 51 293 476 267 364 148 72
14 18 91 257 274 327 359 17 370 128 429 69 186 202 360
4 43 154 172 233
45 3 108 219 299 302 305 248 218 307 396 401 494 22 285 181 209 226 321 449 49 23 277 57 388 424 474 99 492 31 468 116 67 126 452 485 149 35 178 190 242 48 98 247 117 135
47 58 124 32 173 208 253 398 404 236 455 26 108 418 154 478 213 263 395 483 498 212 122 157 329 409 112 252 348 442 1 447 33 468 34 225 262 265 472 485 277 437 27 439 341 304 364 470
38 7 125 189 325 405 20 46 302 428 436 487 127 277 416 490 25 269 499 278 39 422 98 145 175 226 287 31 470 147 215 126 237 320 376 322 353 431 434
9 23 137 151 48 86 172 278 195 134
46 70 74 176 232 13 231 255 399 471 242 209 264 270 108 43 156 71 222 343 182 385 219 50 423 63 120 497 160 314 406 127 333 428 85 54 384 250 447 148 203 119 153 208 339 78 414
3 24 191 189
28 197 358 280 362 325 134 375 167 442 179 69 220 302 447 83 304 377 407 57 475 79 171 175 410 180 414 211 85
0
17 9 29 33 73 121 196 314 162 349 246 306 36 370 146 386 179 346
42 135 195 317 390 127 112 418 430 482 38 97 225 164 325 163 408 254 257 371 56 409 5 51 443 119 4 210 446 151 231 54 494 344 31 399 115 236 458 237 65 270 273
27 68 186 189 289 318 90 148 278 339 8 337 402 109 440 187 480 266 492 494 108 110 371 207 236 444 79 254
34 30 48 113 177 192 186 265 224 280 286 94 311 336 410 209 445 199 256 28 419 31 227 274 305 455 247 334 156 341 202 368 26 78 98
31 23 188 37 105 309 329 138 57 353 426 340 471 64 206 299 456 354 111 381 411 172 254 31 348 489 227 491 288 349 494 13
24 21 58 171 115 262 129 347 186 54 362 1 387 61 76 105 109 375 456 72 286 139 227 384 327
0
47 134 153 167 227 253 20 157 429 183 304 401 4 238 409 205 458 5 472 473 215 272 250 283 65 55 297 324 138 433 211 496 347 249 362 264 465 141 160 105 375 196 104 397 106 266 162 405
37 51 251 181 5 207 26 421 349 362 446 453 12 57 135 461 138 175 196 315 243 336 427 341 299 396 221 303 497 18 316 332 77 178 291 367 306 117
26 47 58 82 101 370 67 176 147 12 150 379 433 21 161 286 346 203 348 253 391 439 180 212 454 455 231
11 14 138 67 150 151 253 339 379 56 109 276
23 7 1 99 107 11 209 131 199 253 215 241 428 370 374 176 237 408 189 300 446 84 405 83
34 7 90 43 108 267 74 329 345 349 380 359 456 127 224 314 408 330 23 54 156 460 293 354 385 437 18 66 250 445 258 234 266 295 371
15 36 43 108 158 209 285 41 353 310 365 32 146 235 466 278
21 9 81 109 120 156 95 226 245 241 35 276 327 199 1 473 231 379 390 434 441 475
44 36 251 267 272 135 277 85 306 201 363 64 178 407 122 126 197 442 32 82 204 316 104 246 303 312 395 339 347 59 218 495 372 6 403 114 433 140 241 271 291 113 341 301 498
0
4 137 161 72 274
31 117 216 242 302 121 308 165 52 189 435 472 236 466 301 4 142 261 470 124 414 86 370 429 390 237 493 36 40 110 190 211
2 107 79
20 5 105 150 161 455 170 364 450 473 16 144 497 294 402 129 438 147 205 131 154
18 186 89 256 123 169 298 351 324 364 126 184 376 201 252 380 405 92 250
50 60 110 180 193 206 269 210 334 384 443 24 445 45 259 318 408 447 342 473 79 432 457 80 87 126 237 248 307 497 396 62 111 196 19 202 322 85 336 390 27 449 18 397 36 135 147 201 159 266 340
38 36 193 86 112 283 103 176 248 259 281 473 65 55 127 166 237 316 306 41 339 348 50 378 120 181 371 64 173 178 247 438 257 258 200 427 481 289 27
42 90 3 141 46 100 33 152 251 178 49 374 147 11 155 156 208 160 286 331 70 449 109 135 246 250 330 144 384 236 260 302 424 76 207 500 346 412 86 190 225 240 267
50 61 260 45 314 231 380 271 135 336 405 106 182 109 411 140 11 367 151 219 220 229 422 426 440 7 71 217 485 70 414 439 4 200 366 403 1 494 3 228 52 166 245 415 28 353 413 93 118 17 64
44 147 232 282 298 369 114 234 89 112 203 207 304 124 386 395 406 172 12 75 237 340 216 364 408 423 248 436 481 489 122 221 185 133 276 87 281 310 145 8 451 462 52 57 151
22 62 139 251 287 101 120 124 284 285 167 384 192 200 87 417 403 471 116 276 299 113 146
4 12 110 30 211
35 56 73 76 169 184 59 156 324 186 202 329 58 342 451 284 289 322 84 155 206 141 198 295 458 188 266 313 368 419 45 62 109 441 145 298
28 11 57 71 113 115 168 60 93 117 380 183 292 298 307 402 106 419 435 140 237 354 8 327 439 387 390 426 109
49 14 120 214 239 264 114 289 315 29 325 138 97 360 111 457 173 476 187 36 327 489 164 280 347 158 86 253 88 72 377 145 300 51 127 169 323 28 374 177 418 251 307 331 334 154 368 316 136 471
7 145 148 205 25 293 379 206
46 19 44 329 61 56 221 443 62 331 108 140 382 4 418 139 485 198 368 475 119 209 35 190 388 408 473 21 167 9 175 43 64 500 263 287 392 409 412 89 431 162 488 195 3 214 30
20 72 13 289 219 302 240 317 378 421 18 73 464 134 306 323 389 167 429 15 444
30 7 23 110 319 417 204 163 193 432 195 308 214 433 131 228 298 307 346 412 98 437 227 453 255 141 278 358 294 18 373
43 85 87 107 150 221 239 253 256 289 129 334 375 165 436 13 81 192 206 271 241 486 404 448 279 293 42 78 367 490 340 473 166 243 274 369 43 254 343 485 33 236 215 60
7 13 96 150 257 367 363 386
41 9 77 189 196 213 89 308 322 335 85 222 423 93 135 22 237 293 345 14 394 34 72 98 66 280 305 439 481 69 76 484 141 175 204 438 4 80 309 110 194 369
32 67 102 122 133 242 252 329 333 184 200 9 56 27 221 179 231 83 232 240 279 292 101 236 366 411 389 257 390 408 367 53 394
41 60 247 285 19 80 24 73 93 467 195 465 49 48 269 56 281 337 363 446 243 192 482 332 45 220 486 193 222 389 431 94 457 134 14 497 380 484 77 292 226 78
11 69 298 137 311 258 173 290 361 91 450 364
49 43 256 46 352 203 382 401 431 460 50 156 149 432 217 243 297 373 411 139 422 330 54 222 351 466 311 368 430 410 412 131 459 91 144 371 468 99 178 356 48 471 9 53 191 308 350 428 210 434
0
11 137 167 53 283 319 249 474 332 127 344 349
37 191 281 147 215 279 287 53 326 209 440 495 109 210 237 323 321 242 373 151 374 270 407 451 173 450 477 479 244 78 345 312 424 5 406 1 11 463
49 84 52 98 177 321 380 4 446 365 438 63 218 125 480 146 279 156 294 349 202 267 408 115 426 428 39 70 77 487 213 232 263 28 392 285 292 316 295 69 244 47 97 348 12 343 143 157 287 219
11 84 85 3 138 152 164 86 254 381 126 384
18 155 190 193 39 194 56 437 76 102 32 344 482 264 492 174 375 495 61
36 7 18 9 49 122 88 153 365 410 411 38 158 170 218 283 328 460 280 481 130 483 136 278 54 146 299 334 358 35 229 305 426 90 387 492 91
48 126 150 194 136 172 383 130 226 129 205 496 275 310 328 386 387 394 5 159 321 412 449 144 218 407 20 415 488 65 69 85 110 112 156 7 22 154 223 1 433 333 18 160 97 440 118 119 464
22 123 280 214 359 14 33 52 366 141 195 204 452 205 222 70 88 469 279 258 306 165 272
8 2 11 71 111 219 65 135 185
24 11 99 151 179 240 7 271 272 34 170 307 363 132 165 250 351 81 317 372 71 60 138 375 308
1 61
36 245 94 119 371 161 40 210 60 257 203 157 358 402 121 216 172 285 33 345 175 109 374 196 123 205 317 341 397 147 457 67 375 386 66 387 364
22 6 136 117 375 232 127 371 155 274 381 358 427 154 158 441 494 10 162 392 81 425 465
26 108 190 220 259 287 333 267 171 271 277 298 238 307 384 317 67 140 418 167 244 399 48 411 227 88 126
25 100 239 56 81 253 299 315 296 356 382 87 154 98 130 27 83 416 186 127 467 146 483 213 117 196
22 111 130 150 158 229 263 34 40 242 113 148 195 202 351 456 145 291 348 93 48 283 408
15 8 61 119 85 249 160 297 316 98 229 339 421 449 87 456
43 141 146 249 282 344 356 425 143 202 251 23 273 308 91 440 104 359 260 354 382 413 47 159 176 465 235 299 109 416 102 263 131 179 264 169 315 328 2 58 427 491 32 248
2 9 18
21 82 74 201 350 99 355 131 137 38 141 144 393 10 151 167 209 225 346 383 439 176
26 282 84 189 296 168 438 210 187 245 321 116 333 143 456 240 338 361 384 413 424 33 80 95 287 4 199
19 88 240 266 105 211 278 147 209 104 284 127 341 207 250 44 354 98 317 242
33 89 152 201 206 398 104 35 45 445 85 228 378 110 158 396 399 98 171 468 274 304 166 388 64 389 451 175 77 91 299 8 142 17
34 210 394 477 81 138 218 224 41 232 157 320 180 351 9 373 459 134 174 199 223 237 55 61 308 241 309 44 326 253 305 45 405 430 108
40 52 99 125 166 134 195 229 15 46 278 200 396 331 147 9 349 34 350 143 217 477 394 399 400 306 22 14 35 54 367 97 248 79 277 392 205 28 440 208 210
35 45 89 144 235 345 11 414 32 301 475 161 336 41 52 356 367 169 300 20 426 36 91 97 236 429 66 469 110 196 202 209 242 277 297 103
0
13 31 64 302 203 386 276 405 25 23 281 484 7 29
41 66 91 292 163 179 400 94 100 407 102 227 432 433 25 99 116 138 184 413 443 35 77 69 309 98 360 79 296 369 108 299 88 409 198 468 430 48 495 56 104 101
15 2 106 133 148 308 90 113 101 362 199 245 111 427 41 454
43 56 105 132 222 329 268 376 98 238 42 108 426 253 178 488 203 206 213 293 311 229 353 467 115 365 176 381 66 394 218 2 25 395 281 455 119 463 185 96 307 346 48 11
40 9 113 120 152 230 138 260 146 282 337 436 145 450 454 34 240 289 459 479 98 112 218 109 500 20 299 325 445 21 319 365 477 390 14 402 49 475 417 5 6
15 89 158 369 50 167 455 211 275 109 123 427 27 151 490 60
28 20 54 74 126 135 55 160 293 82 462 110 32 166 331 186 43 209 332 359 86 93 386 168 172 116 220 435 188
18 20 53 169 240 338 361 312 44 483 74 116 105 131 148 37 172 229 230
18 239 229 249 108 374 227 380 322 57 406 83 97 297 423 357 477 412 22
6 87 148 165 230 41 272
8 6 53 148 189 239 124 188 18
17 5 150 210 240 284 97 343 354 172 54 378 405 70 252 85 77 102
8 14 46 113 267 290 233 244 299
4 16 213 252 255
32 100 287 390 33 203 430 210 116 119 161 147 467 294 325 133 425 32 500 102 382 406 476 164 249 17 288 42 318 208 410 229 153
1 5
22 118 133 195 321 323 349 108 230 239 311 181 388 222 320 338 187 223 163 264 137 413 257
36 186 253 312 342 13 354 451 100 126 175 301 455 308 343 79 363 98 378 280 294 77 239 349 290 395 419 443 58 127 157 444 181 183 326 153 452
2 45 182
30 36 38 181 192 259 382 426 75 394 168 35 134 153 213 274 29 42 494 96 221 388 108 169 257 472 312 7 220 258 341
0
8 19 23 239 256 462 109 172 207
38 119 125 188 129 280 30 312 56 111 272 371 162 356 322 387 340 359 369 22 26 484 313 189 181 244 391 402 63 155 439 260 330 131 70 215 427 481 487
26 12 49 145 158 177 208 192 125 197 291 313 335 355 170 380 76 22 389 409 423 29 462 334 127 498 217
15 40 74 111 170 189 41 209 231 48 142 202 267 119 365 146
42 169 66 176 203 1 46 204 241 14 272 211 309 80 370 119 136 380 220 238 257 357 24 390 63 105 107 88 378 145 465 148 184 232 479 52 156 213 196 87 313 393 120
15 55 163 301 191 368 48 390 281 242 187 355 285 486 170 499
42 32 63 77 110 126 148 188 271 14 52 331 132 400 242 360 265 282 38 304 476 217 483 403 99 438 31 314 440 26 458 222 474 71 104 390 149 219 301 165 350 16 249
45 56 196 245 265 382 491 91 104 240 285 289 97 304 13 312 21 135 313 483 60 111 143 189 35 278 46 398 159 309 32 494 86 23 25 170 6 124 234 263 291 322 30 141 325 362
33 132 196 222 92 371 72 226 241 419 255 302 447 46 94 494 150 172 458 186 201 229 232 26 267 38 214 247 435 308 20 291 461 405
28 31 61 221 153 383 385 175 266 270 5 296 149 231 249 365 325 390 391 335 351 444 473 30 55 380 484 104 56
5 24 41 43 214 133
27 2 202 209 242 286 251 262 131 284 206 476 203 231 391 254 289 343 420 79 35 432 164 443 225 307 141 346
15 5 26 46 76 250 323 345 10 368 2 69 206 173 413 227
45 18 74 114 118 200 237 263 264 30 251 338 428 429 132 272 376 68 220 443 409 102 283 311 235 329 451 334 498 38 205 59 115 70 459 198 196 477 277 99 113 130 344 140 351 216
15 76 206 11 255 146 264 270 319 252 385 32 446 451 161 200
24 138 211 271 278 205 305 309 203 331 9 454 119 168 497 281 3 99 358 164 249 301 384 88 139
1 74
39 19 86 107 4 133 252 349 46 309 343 358 423 82 201 334 115 226 361 441 230 227 468 270 294 369 34 379 286 289 79 385 415 128 262 345 134 347 300 29
10 80 162 300 357 313 328 142 109 386 62
49 68 266 214 248 284 286 466 427 454 474 16 88 92 316 340 484 113 205 6 89 444 125 290 328 162 447 303 321 327 17 410 75 137 488 233 326 353 216 304 377 7 58 403 66 313 204 69 112 499
49 33 147 364 150 304 236 345 365 366 355 18 202 429 481 17 61 421 66 118 11 129 181 8 240 499 40 191 198 231 180 109 208 242 256 133 14 15 317 32 90 360 95 120 154 338 465 487 177 2
43 98 103 7 180 215 58 229 99 250 428 455 477 104 118 174 184 134 183 485 114 199 224 160 408 178 440 447 354 246 33 61 413 42 77 107 63 117 153 186 197 169 201 216
0
6 55 71 122 225 68 82
28 64 139 21 165 79 126 241 312 363 185 105 210 350 405 269 442 337 373 123 416 172 174 138 273 336 160 283 333
14 67 246 265 24 290 215 316 141 230 348 465 6 331 3
