5
100 100
0 0 0 0 0 0 0 1 0 1 0 0 1 0 0 0 0 1 0 0 0 1 0 1 0 1 0 1 0 1 0 1 1 2 0 1 0 0 1 1 1 1 0 2 1 0 0 1 2 1 0 1 1 1 1 0 1 1 2 5 1 0 1 2 0 2 0 3 1 1 1 2 3 2 1 1 1 2 4 2 1 4 1 2 1 0 3 3 1 3 0 0 3 1 0 0 0 3 4 2
1 35
0
1 8
1 35
0
0
1 10
2 15 19
2 1 3
2 6 61
0
0
0
0
2 14 20
2 4 80
0
0
0
1 6
0
1 13
1 4
0
0
0
2 21 24
0
1 14
0
1 1
2 20 30
0
1 7
0
1 2
2 38 79
1 6
2 14 40
1 3
0
2 1 9
2 36 53
0
0
2 4 14
2 21 26
2 50 56
0
0
1 5
2 1 7
0
2 26 28
0
0
1 39
2 19 16
2 44 20
1 11
0
0
0
2 4 20
0
1 18
1 6
1 2
2 3 7
2 13 25
1 17
0
2 19 54
0
2 21 23
2 17 26
1 16
0
2 22 32
2 7 12
1 2
2 8 11
2 13 31
1 8
1 5
0
1 11
0
1 12
0
0
1 30
1 9
2 7 4
0
0
2 2 3
1 63
1 43
1 2
96 99
0 0 1 0 0 0 0 1 0 0 1 1 0 1 0 2 2 1 1 1 0 0 1 1 0 0 2 0 0 1 0 2 1 0 0 1 0 1 1 1 0 1 2 2 0 2 0 0 1 1 1 1 2 2 2 1 2 1 1 2 0 1 1 2 1 0 0 3 1 3 2 0 2 1 1 0 1 1 0 0 0 1 2 1 3 0 3 0 3 1 0 2 3 1 0 2 1 3 2
1 14
0
2 12 45
2 21 11
0
1 31
2 22 27
0
1 10
0
2 1 32
2 21 1
1 55
0
1 2
2 9 5
2 15 31
0
2 8 13
0
1 14
1 18
2 5 7
1 36
1 22
0
1 24
0
2 37 40
2 13 17
2 13 22
2 14 33
0
1 7
1 14
2 18 30
2 8 24
1 19
1 9
0
0
2 47 26
1 65
2 1 4
1 2
1 8
1 9
2 11 28
1 19
2 3 71
0
0
2 13 17
1 38
1 11
0
0
0
0
2 16 36
2 4 15
2 11 33
2 18 28
2 10 11
0
1 7
0
1 5
0
0
2 37 43
1 8
1 27
2 37 50
0
0
0
2 14 24
0
2 2 6
2 2 31
2 8 12
1 20
2 3 15
0
1 28
0
0
2 9 27
0
2 22 68
2 2 30
2 35 24
0
0
1 29
95 99
0 0 0 0 0 0 0 0 0 0 0 1 0 1 0 0 0 1 0 1 0 0 1 1 0 1 1 2 0 1 0 2 0 0 0 2 0 1 1 1 1 0 0 1 0 0 0 1 3 1 0 0 1 0 1 2 0 1 1 2 2 1 2 1 0 0 2 0 0 1 2 1 1 2 1 1 1 3 3 3 0 1 3 4 0 0 1 3 1 3 4 0 5 1 3 2 2 1 1
0
1 26
2 31 33
0
0
0
0
1 14
2 36 42
1 19
2 29 34
1 2
1 5
1 3
2 39 61
1 3
1 28
2 7 28
0
2 2 8
1 11
2 10 23
0
2 14 23
1 51
1 16
1 5
1 39
1 18
0
1 4
0
2 7 17
1 42
0
1 5
0
0
1 27
0
2 28 20
1 2
2 17 38
1 2
2 18 47
2 14 21
0
0
2 4 13
2 26 40
0
0
2 24 26
0
1 25
2 30 43
2 3 21
1 23
0
2 3 30
2 8 16
2 18 31
1 16
0
1 18
1 26
2 17 21
2 1 34
2 9 11
1 5
2 48 2
0
0
0
2 7 37
2 7 20
2 7 1
0
2 27 57
0
1 1
1 6
1 28
0
2 55 72
0
1 12
0
1 5
2 10 25
2 8 23
0
2 9 12
1 31
2 10 16
98 97
0 0 0 0 1 0 1 0 0 0 0 0 0 0 0 0 0 1 1 0 0 1 0 0 1 0 0 0 0 1 1 2 1 1 3 5 0 1 0 1 3 1 1 0 0 0 1 4 2 1 0 0 0 0 0 2 4 3 2 1 1 0 2 1 0 2 1 0 1 3 3 1 0 1 1 1 2 1 2 0 1 2 2 1 0 1 1 2 3 2 4 1 2 1 0 2 3
1 4
0
2 3 12
2 2 4
1 10
2 8 47
1 17
1 41
1 7
0
1 13
2 5 49
1 24
1 3
2 15 53
1 9
1 17
1 1
2 21 43
0
1 8
2 6 9
1 26
0
2 1 10
1 18
2 15 29
0
2 1 14
2 16 30
0
1 19
2 26 35
2 8 30
2 26 29
0
2 35 61
2 13 21
1 1
2 12 31
2 4 22
1 7
0
1 10
2 9 15
0
0
2 7 34
2 7 16
0
1 5
1 27
0
0
1 1
1 2
1 2
0
2 21 34
1 4
0
0
0
1 9
2 8 10
2 22 6
1 2
1 32
2 4 14
1 41
2 19 22
2 6 20
1 10
2 15 20
0
1 3
1 14
0
1 33
1 35
0
1 14
1 32
2 1 3
2 4 36
0
0
2 29 50
0
0
2 18 1
0
0
1 15
0
0
2 7 33
2 18 4
96 100
0 0 0 0 0 0 0 0 1 0 0 0 1 0 1 0 0 0 1 0 0 0 0 0 2 0 0 1 1 0 0 0 1 1 1 0 0 1 0 0 2 2 1 2 1 1 1 1 0 3 2 1 1 2 1 1 2 0 0 1 1 4 0 2 0 1 1 3 1 1 1 0 3 3 1 2 0 1 2 1 3 2 2 3 3 2 2 0 2 1 1 0 2 0 3 1 0 2 0 2
0
2 1 27
1 3
1 15
0
2 9 10
1 12
2 13 21
1 21
1 30
2 11 6
0
1 48
0
2 5 6
1 2
2 3 11
1 14
1 2
2 11 25
0
0
0
1 29
1 24
2 21 39
0
0
1 2
0
0
1 1
1 6
1 4
2 3 17
2 35 9
2 17 26
2 30 31
0
2 16 44
1 32
2 8 10
0
0
2 3 4
2 14 29
1 2
0
0
1 13
2 6 29
0
2 1 6
2 5 11
0
1 22
2 14 17
0
0
0
1 7
1 10
1 7
1 6
1 10
1 8
2 12 70
0
0
2 10 34
2 37 51
0
2 7 15
0
2 16 19
2 32 56
1 12
0
2 15 30
0
2 24 8
0
0
2 5 7
2 1 11
0
2 3 7
2 12 33
1 13
1 11
0
1 2
0
2 8 9
0
0
