5
95 99
0 0 1 0 0 0 0 0 1 1 0 0 0 2 1 0 0 0 1 0 1 0 0 0 1 2 0 0 1 1 2 0 0 0 1 0 0 1 1 1 0 1 0 1 1 0 1 1 1 2 2 0 0 0 1 0 1 1 1 4 3 0 3 1 2 1 0 1 0 1 5 0 1 1 0 3 0 3 1 2 2 4 0 0 0 1 1 1 2 3 1 0 2 4 0 1 1 4 3
0
1 5
3 31 50 70
1 21
5 14 26 31 2 6
5 7 41 19 45 30
3 1 6 40
0
2 16 19
4 5 6 9 25
0
0
5 17 47 12 16 64
1 5
2 7 26
4 10 19 29 24
1 19
1 10
5 9 34 35 45 2
1 5
1 15
2 28 49
0
0
0
2 2 8
5 21 25 1 31 4
3 4 13 70
5 12 15 2 32 39
5 18 55 77 3 20
0
0
3 16 32 38
0
5 3 25 27 31 40
5 1 23 51 39 48
1 23
3 8 9 21
4 13 1 21 22
3 8 11 27
5 12 25 29 42 44
3 19 30 31
5 6 20 85 16 90
2 45 49
4 45 76 19 41
4 12 15 38 72
4 8 51 25 36
0
2 40 12
2 95 13
5 27 31 41 44 32
3 7 17 20
0
1 15
3 13 40 41
1 3
5 12 15 53 63 70
3 36 3 23
2 25 38
1 5
2 7 42
5 30 48 75 76 31
3 28 31 49
1 13
3 3 57 61
3 20 22 10
4 12 38 1 54
0
2 18 74
3 15 42 47
2 38 1
4 5 37 14 48
5 38 41 45 65 71
0
5 35 36 40 41 47
1 20
1 2
3 21 27 37
4 14 8 87 17
0
4 17 28 37 38
4 58 66 31 76
2 49 46
3 67 71 8
4 13 38 48 74
1 2
4 6 26 27 47
3 3 6 8
4 28 32 34 39
4 5 9 12 48
0
4 14 6 13 31
4 6 40 12 30
1 6
0
96 95
0 0 0 0 0 1 0 0 1 0 0 0 0 0 0 0 0 1 0 0 0 0 0 0 1 0 0 1 0 1 0 0 0 1 1 4 1 3 1 1 1 2 0 1 2 0 0 1 1 2 3 0 2 2 1 0 1 0 1 1 1 1 4 1 3 1 2 1 1 2 2 1 0 1 3 5 2 4 0 0 1 2 1 0 2 0 1 0 4 3 2 2 1 0 3
4 8 15 40 17
1 12
2 7 11
0
3 55 8 58
3 18 2 64
1 23
4 1 22 30 41
5 3 46 6 47 39
4 19 20 25 42
0
5 2 4 21 23 44
5 42 28 50 19 31
4 1 14 34 44
2 22 4
3 17 42 64
3 5 11 16
1 31
4 19 35 47 49
2 2 8
0
0
1 20
1 5
2 10 27
1 19
2 15 16
5 3 28 1 26 89
0
3 21 32 78
1 5
1 8
2 12 18
4 38 49 53 65
2 15 27
3 4 14 27
1 1
4 7 9 15 36
3 28 36 52
3 4 11 34
1 17
3 7 26 4
3 5 10 20
5 42 49 19 62 75
2 31 37
4 22 56 5 31
4 47 5 66 70
1 12
5 11 33 36 39 53
1 3
4 13 35 18 30
0
0
5 17 25 54 78 18
2 16 29
0
3 18 33 64
2 17 6
3 36 21 48
2 4 18
3 25 40 51
5 46 36 47 1 50
0
0
2 8 28
2 19 37
4 5 11 26 49
5 20 30 38 49 57
3 3 4 10
1 6
2 7 11
4 1 4 19 29
2 8 38
0
3 4 14 5
1 7
3 3 5 22
1 14
4 24 34 45 50
5 15 3 29 16 38
4 1 15 24 28
5 42 20 44 22 23
0
1 2
1 19
5 37 77 10 30 79
2 15 26
2 7 52
1 3
5 2 12 32 35 28
2 24 42
4 4 5 6 14
4 36 19 37 46
2 15 43
1 34
5 17 31 33 9 47
95 100
0 0 0 0 0 0 0 0 1 0 0 0 0 1 0 1 0 1 1 0 0 1 0 0 0 0 1 0 0 1 1 1 0 1 1 1 0 2 0 0 1 0 1 1 2 1 0 1 1 1 0 1 0 0 1 2 4 0 0 1 1 1 1 0 2 0 2 2 1 2 2 2 2 2 2 2 1 2 0 4 1 2 1 2 0 1 0 0 1 2 5 1 4 0 3 2 2 2 0 2
3 9 42 79
3 23 52 1
5 19 26 27 31 36
2 11 32
2 7 9
5 21 12 20 29 69
5 5 35 22 38 62
3 7 21 40
0
1 5
1 3
2 10 37
4 10 13 7 21
5 7 41 13 87 1
0
0
2 12 29
1 10
2 4 5
1 7
0
2 17 36
2 3 4
3 72 29 27
2 24 29
2 47 48
4 6 8 35 77
3 4 5 6
1 31
2 1 25
1 26
2 1 25
4 4 21 25 16
1 3
2 11 29
2 5 13
1 8
4 20 33 47 52
5 4 17 33 2 34
4 11 26 10 28
4 5 41 58 63
0
3 1 2 9
0
3 30 71 31
5 35 3 10 14 54
0
5 2 20 64 48 67
5 15 12 13 23 54
2 22 29
3 2 8 18
5 8 16 23 39 43
1 3
2 2 11
2 5 7
1 11
5 9 18 35 1 38
3 1 6 39
0
3 12 23 35
4 17 22 24 27
4 10 42 6 23
0
5 14 25 31 32 68
3 9 17 32
2 13 12
2 11 13
4 1 22 37 50
1 34
1 6
3 4 8 16
0
4 12 20 22 28
4 24 29 36 18
2 6 10
3 11 16 47
2 19 34
2 26 63
0
0
4 15 20 22 38
5 20 23 22 11 24
3 15 19 44
4 8 28 43 48
1 21
5 1 13 25 60 5
0
2 4 19
3 34 31 67
4 4 23 47 11
3 2 9 14
3 22 33 43
3 8 9 10
5 12 15 31 37 11
0
99 97
0 0 1 0 0 0 0 0 0 0 0 0 1 1 1 1 1 1 1 0 2 0 0 0 0 0 1 1 0 2 0 0 0 0 0 2 0 3 0 1 0 0 1 0 0 1 2 0 1 1 2 0 2 2 0 1 1 0 1 3 0 0 1 4 0 0 0 0 1 2 3 0 2 1 1 0 0 4 1 2 2 2 1 3 4 0 5 0 1 3 3 3 1 3 4 3 1
1 6
5 42 47 3 33 51
0
1 3
2 18 25
3 11 26 28
2 11 51
3 5 2 33
5 9 16 31 45 1
0
0
0
0
2 7 2
2 1 11
5 7 16 20 24 35
5 11 21 32 19 33
1 1
3 2 12 5
1 53
5 3 26 15 73 36
4 39 9 60 33
4 10 12 4 15
4 10 24 34 36
2 7 25
4 1 5 7 12
4 3 9 20 22
0
3 20 36 11
2 23 42
2 5 8
2 15 51
0
5 8 17 47 50 9
3 16 36 19
5 36 45 46 56 5
0
3 20 34 69
5 2 3 16 11 21
2 15 5
4 18 40 48 58
3 3 53 58
3 30 85 50
1 5
1 13
0
2 9 10
5 24 63 65 84 55
5 3 21 1 24 2
2 23 52
5 6 20 9 40 30
0
4 1 31 4 33
4 3 31 33 18
3 3 17 18
0
3 48 53 63
2 38 63
0
5 4 6 26 50 57
5 2 10 28 48 66
5 8 9 38 47 73
0
5 3 4 8 12 37
0
2 32 51
5 26 29 37 8 24
2 7 15
2 25 34
2 5 9
2 2 49
2 1 21
2 4 18
5 12 22 9 14 23
0
0
1 6
0
2 29 43
0
5 2 9 54 42 60
4 5 51 14 53
3 10 15 17
0
4 4 9 13 3
1 20
2 4 29
0
4 53 67 4 85
2 18 53
1 21
1 19
1 18
1 19
2 20 21
4 17 7 29 41
0
2 16 19
2 50 77
100 97
0 0 0 0 0 0 0 0 0 0 0 0 0 0 0 0 0 0 0 0 2 0 0 2 0 1 0 0 0 1 1 0 3 1 2 0 0 0 1 0 1 0 2 1 0 2 1 2 3 1 1 0 0 0 5 0 1 1 0 0 2 0 2 1 0 0 2 1 2 2 2 3 2 0 0 3 5 1 2 0 3 2 3 3 1 1 0 2 2 2 5 3 2 1 3 1 1
0
0
1 8
0
4 21 39 6 50
5 13 30 17 43 50
1 2
1 25
4 32 62 66 12
0
0
5 10 40 6 58 21
5 11 40 43 2 46
5 9 52 27 32 64
3 11 4 6
2 14 51
3 22 26 7
2 37 67
5 37 75 90 2 11
2 44 50
4 2 11 7 14
3 16 39 17
3 21 25 27
2 2 15
5 17 14 23 46 35
1 9
1 10
5 1 3 17 9 28
1 39
0
4 19 54 60 73
1 33
3 7 18 23
3 31 38 4
5 2 15 24 32 39
4 15 20 45 39
3 1 19 29
0
4 23 32 34 5
5 68 13 46 72 67
5 34 6 47 64 74
5 6 19 20 34 39
5 3 9 38 16 54
5 3 25 28 53 63
5 41 55 56 66 32
1 3
5 18 3 21 36 44
3 13 15 21
1 10
3 2 6 8
2 2 3
5 4 17 21 15 19
4 11 42 4 83
1 9
2 5 8
4 8 1 13 45
4 14 34 40 43
0
0
2 32 55
4 3 5 8 76
5 15 10 33 38 41
5 11 35 2 39 40
0
0
2 12 14
4 3 31 37 54
0
5 32 48 34 56 62
5 4 17 23 29 57
0
3 11 17 30
2 1 35
2 23 70
0
3 12 26 50
1 8
5 12 10 13 14 21
1 18
5 1 5 25 26 49
5 7 20 27 43 44
1 12
5 11 27 10 20 43
2 13 21
3 2 17 24
5 22 29 36 31 61
2 2 7
1 21
0
1 7
4 12 32 3 74
1 7
0
2 47 73
4 25 18 29 34
2 33 59
3 33 44 48
0
0
2 10 8
