5
97 97
0 0 0 0 0 0 0 0 0 0 0 0 0 0 0 0 0 1 1 0 1 0 1 1 0 0 1 1 2 0 0 1 2 1 0 0 1 2 2 1 0 2 0 1 0 0 3 0 2 3 0 2 1 1 1 1 0 1 1 2 4 1 0 2 1 0 1 2 1 2 2 2 1 2 5 2 0 1 0 3 1 3 1 0 1 2 0 0 2 4 2 2 1 2 1 3 0
0
5 14 16 33 41 9
7 12 28 16 32 45 46 71
10 15 63 65 17 66 18 81 45 8 68
6 8 35 12 54 21 63
0
0
0
3 6 31 35
10 25 31 39 40 20 48 41 50 65 26
2 25 30
2 5 18
7 4 9 11 15 21 30 34
1 39
0
4 8 15 38 47
0
1 27
9 20 6 56 7 80 64 82 87 8
9 9 52 57 58 21 62 36 80 74
5 5 7 38 70 14
5 3 8 11 26 83
7 1 5 8 11 42 41 61
6 50 62 41 46 27 72
5 17 18 47 44 51
3 7 8 42
10 18 26 36 49 61 69 81 92 47 65
2 7 14
4 27 38 49 63
3 12 13 17
7 53 64 33 47 85 86 23
1 2
3 9 15 5
10 19 27 21 29 37 72 1 74 22 79
2 8 11
9 10 25 5 27 52 55 75 46 57
0
6 6 14 24 34 17 27
2 6 12
2 21 22
7 23 24 3 33 55 83 39
10 20 24 26 2 41 52 4 66 16 40
4 20 22 25 29
0
10 1 5 8 82 20 41 89 32 59 65
4 11 27 31 45
8 12 17 19 50 54 53 55 62
8 28 51 52 26 31 54 19 56
3 46 47 17
9 10 21 24 41 58 36 59 68 37
7 2 17 55 35 38 64 65
7 18 27 30 31 5 63 13
9 1 5 23 45 53 12 31 55 42
7 5 14 16 18 28 41 52
6 10 33 1 2 9 61
6 39 48 56 1 50 60
6 1 17 55 25 58 2
9 2 14 21 12 47 76 4 26 11
4 26 29 30 34
9 1 10 34 47 15 86 64 92 68
0
7 2 1 24 4 41 65 74
6 38 49 52 55 62 71
7 13 19 7 9 23 49 75
4 29 36 3 59
2 21 26
7 9 27 37 2 35 40 19
0
6 23 20 16 28 41 53
6 10 46 78 83 15 34
9 20 31 68 74 89 14 87 21 25
3 2 19 32
3 47 55 57
1 36
5 9 15 7 20 39
3 22 30 4
6 27 32 47 41 50 54
7 8 15 17 56 61 25 43
2 12 20
3 27 30 2
9 36 39 50 31 60 33 41 52 64
3 7 18 11
3 9 36 58
10 35 47 56 61 6 75 28 38 53 60
4 6 9 20 23
1 19
9 7 33 36 41 10 29 44 52 57
1 5
6 29 32 33 55 81 18
1 3
9 11 13 14 9 21 22 8 23 33
5 36 43 61 37 2
9 2 37 39 7 20 35 29 21 50
4 7 23 46 29
5 17 30 32 18 64
8 10 39 35 27 29 71 81 4
6 45 21 1 59 60 3
98 97
0 0 0 0 0 0 0 1 0 0 0 0 0 1 1 0 1 0 0 1 0 0 0 1 1 0 2 1 0 0 1 1 0 0 1 0 2 0 1 0 2 2 0 2 0 4 1 1 1 1 1 1 1 1 1 2 0 1 1 0 0 0 0 2 2 1 1 0 1 3 1 4 1 2 2 2 0 2 2 2 0 1 3 1 2 2 1 2 6 3 1 0 1 2 4 1 1
9 1 9 21 22 25 39 41 46 48
1 38
0
4 2 22 32 54
10 16 19 32 45 57 14 66 71 25 47
1 5
2 3 6
7 16 14 23 28 32 27 47
1 10
10 4 1 30 7 49 20 40 15 56 57
9 28 35 38 46 30 53 69 19 21
8 11 36 26 38 42 67 40 41
8 12 22 30 19 36 13 35 54
3 16 52 55
6 10 3 12 23 43 73
3 17 21 12
1 9
7 7 15 16 52 22 25 66
10 19 23 29 47 48 65 74 46 49 71
5 11 22 27 38 2
10 11 12 46 37 33 59 60 73 4 30
7 17 26 32 42 66 68 4
4 15 28 45 46
4 23 19 30 42
0
4 10 20 36 54
5 10 68 32 52 8
8 33 5 11 32 40 61 2 62
9 40 8 23 1 49 4 15 39 21
8 12 34 9 38 29 56 41 10
5 5 12 15 70 75
3 6 7 12
8 7 8 19 23 47 55 13 37
3 19 28 47
1 37
2 4 8
6 24 25 54 58 69 64
7 20 22 34 50 17 52 18
9 24 26 10 30 41 36 45 72 7
6 1 40 42 58 63 71
9 3 24 35 40 84 18 21 9 45
8 2 12 25 43 61 38 97 54
7 20 24 63 43 64 6 71
2 4 46
3 11 13 47
1 13
8 4 25 26 81 58 86 87 13
2 13 32
3 28 31 1
4 14 23 25 35
2 8 11
8 4 5 73 11 93 37 81 79
6 18 26 12 48 33 54
0
6 7 48 45 64 36 78
1 21
10 30 34 36 46 2 4 49 18 3 8
8 52 21 55 35 43 58 20 85
5 6 7 20 2 21
9 9 28 41 53 10 55 47 39 59
8 15 44 48 55 24 58 50 61
2 3 6
3 8 1 13
9 32 20 22 37 41 47 49 71 92
0
6 6 8 12 31 52 36
1 28
4 1 9 47 14
8 2 16 27 39 45 90 3 26
7 29 45 46 31 86 63 76
4 25 16 12 22
8 73 46 80 94 89 14 32 95
9 14 35 40 83 86 1 29 89 6
9 5 22 3 28 43 38 53 32 61
5 11 19 21 53 77
5 14 34 8 61 71
6 8 33 3 18 38 62
2 15 22
0
5 14 20 24 37 38
2 28 31
4 3 12 16 21
7 8 9 54 2 10 28 60
3 41 14 61
2 12 35
2 12 17
8 8 24 61 10 5 26 22 93
8 23 37 2 22 44 48 43 49
1 11
9 11 12 16 40 32 43 49 88 24
3 9 11 15
7 8 19 24 13 38 64 44
10 28 38 46 51 65 75 90 5 9 14
8 21 25 28 42 7 29 49 67
5 3 9 24 11 28
9 12 22 25 27 34 43 17 64 76
5 32 36 5 68 40
2 1 26
95 100
0 0 0 0 0 0 0 0 0 0 1 0 0 0 0 0 0 0 1 0 0 0 0 0 3 0 0 0 0 0 0 1 1 0 0 3 1 1 1 1 0 0 1 4 0 1 0 0 0 0 4 2 1 2 0 1 0 0 0 0 2 1 0 2 0 0 1 1 1 2 1 2 0 1 1 0 4 0 1 2 3 3 2 1 4 1 3 3 1 4 1 1 1 4 0 0 1 3 4 3
10 7 12 15 43 44 58 60 75 37 17
9 23 30 39 45 40 44 51 91 20
10 10 30 6 21 24 35 67 13 28 55
0
9 3 5 23 8 37 52 61 66 13
10 9 12 32 42 2 11 19 65 80 21
8 4 15 33 88 93 12 18 26
5 15 23 43 48 50
0
0
6 1 22 51 58 4 78
3 1 3 6
6 30 53 57 60 9 72
2 5 25
2 5 2
5 44 52 51 73 29
8 1 4 23 12 59 74 48 11
3 26 1 40
3 21 34 72
10 8 24 14 31 47 81 15 19 43 89
4 1 9 22 25
4 2 9 14 15
6 7 15 24 35 43 17
2 13 16
7 3 8 6 63 26 14 45
2 3 6
9 2 9 32 33 42 54 12 60 6
4 11 24 49 1
6 3 12 14 17 18 30
8 1 11 20 47 72 41 10 60
7 4 3 13 29 17 30 34
4 16 19 20 47
7 43 56 60 70 5 62 35
8 59 16 65 68 30 40 49 11
6 3 8 35 37 52 64
1 13
5 9 18 23 42 64
1 7
1 2
0
0
1 3
1 14
2 34 56
0
3 3 18 46
5 3 22 8 29 74
10 11 8 38 29 41 99 66 67 32 22
5 8 10 16 28 20
1 9
1 2
5 1 16 40 49 46
10 11 15 98 44 52 53 74 76 84 86
3 7 12 14
0
1 28
5 4 27 55 63 65
8 50 52 66 2 30 74 38 83
4 11 51 72 41
3 57 2 14
1 19
4 6 35 56 18
0
2 6 11
8 25 19 37 2 70 72 86 12
3 9 61 2
8 5 13 20 10 29 43 45 57
0
0
1 5
4 5 29 33 44
9 2 22 49 51 5 63 69 1 79
10 2 9 6 62 77 82 92 23 3 42
0
4 2 7 46 58
3 19 27 46
0
1 12
7 9 35 53 13 72 12 24
2 12 20
5 54 21 48 51 63
7 29 52 56 59 63 8 40
3 29 63 64
1 11
7 8 26 30 43 60 7 61
5 40 20 65 70 80
8 15 34 50 57 11 65 66 24
1 17
4 47 62 11 31
7 13 23 53 55 63 9 77
7 14 65 18 5 22 35 12
2 21 45
5 1 20 40 76 12
10 4 8 7 24 43 23 41 69 58 61
7 6 1 29 18 31 35 5
96 98
0 0 0 0 0 0 0 0 0 1 0 0 0 0 1 1 0 0 0 1 0 0 0 0 0 0 0 2 3 0 1 0 1 1 1 0 2 1 1 1 0 3 1 2 1 0 2 2 0 2 0 2 0 2 0 0 0 3 2 1 1 1 1 0 0 1 1 1 1 3 1 2 1 1 0 2 1 2 0 6 5 2 2 2 1 2 0 0 1 2 2 1 1 1 1 2 1 3
0
4 36 39 3 62
7 11 27 4 62 69 65 67
0
9 14 25 50 37 57 53 58 27 36
2 22 42
5 3 18 25 41 9
0
6 17 19 20 32 43 56
9 6 15 28 35 17 51 42 76 44
5 19 80 21 82 15
9 4 7 11 17 36 38 35 65 41
5 9 16 25 27 34
8 13 26 50 71 22 16 58 25
5 6 23 15 8 34
1 22
9 32 34 41 43 9 46 61 65 68
1 27
0
6 3 18 44 81 87 16
2 8 7
10 3 8 10 89 24 32 36 61 30 92
7 10 19 27 38 57 33 61
1 19
1 22
0
4 1 88 32 42
2 23 3
7 10 24 45 50 88 11 43
1 8
0
4 4 7 8 9
0
5 12 69 79 76 81
7 4 8 51 58 19 69 97
4 30 7 26 32
2 10 21
10 23 73 28 42 22 30 20 54 66 93
5 16 18 37 48 58
0
0
1 1
1 3
1 6
2 1 9
9 35 11 40 53 24 33 57 47 68
10 8 14 20 42 49 51 50 58 28 38
4 1 2 12 34
10 29 38 12 21 17 46 31 70 94 52
2 13 12
7 5 8 24 29 33 37 9
1 6
4 3 23 31 43
10 71 20 72 76 1 89 15 36 18 91
2 35 43
6 3 12 33 7 36 45
10 19 51 70 71 2 34 82 93 96 5
9 14 19 33 40 1 43 44 60 63
7 9 18 6 24 62 39 38
0
5 1 49 10 5 35
2 6 9
6 27 32 17 37 41 42
0
6 50 4 23 51 52 59
0
4 5 15 34 9
2 9 43
2 19 21
6 5 16 18 7 33 37
8 4 15 17 36 6 51 44 48
8 13 20 45 96 5 27 34 1
0
2 3 13
6 5 26 37 19 38 10
2 20 28
6 6 35 62 73 4 16
1 3
3 8 15 17
8 3 7 39 49 19 51 21 67
8 9 53 33 87 36 16 50 73
8 3 12 28 40 5 22 31 30
2 20 49
1 16
9 41 48 57 61 85 7 9 19 87
3 7 12 11
10 1 3 5 9 38 50 56 59 70 8
2 15 18
10 12 19 26 31 18 41 39 49 1 67
1 34
0
7 14 40 1 71 69 80 74
0
10 18 3 55 78 12 86 98 31 88 4
5 7 13 20 30 59
3 5 9 34
95 97
0 0 0 0 0 0 0 1 0 0 0 0 0 0 0 0 0 0 2 0 1 0 0 0 0 0 0 0 0 0 1 0 1 2 1 1 2 1 2 2 3 1 1 1 0 0 0 0 1 1 3 1 2 2 1 2 1 2 0 2 1 2 0 5 0 1 0 1 1 1 1 1 3 1 3 1 0 3 3 1 3 1 1 0 2 1 1 1 2 3 3 1 0 2 1 2 1
8 5 16 17 53 47 56 77 2
9 8 25 31 50 47 53 59 64 58
8 37 2 53 24 62 26 21 16
5 32 56 80 2 86
9 8 25 32 39 41 16 27 35 66
5 4 9 12 37 8
1 16
7 16 18 26 42 9 44 45
10 2 8 26 28 35 41 54 12 78 79
1 9
4 2 53 87 7
8 21 48 14 31 61 7 16 47
3 23 25 62
10 9 16 42 54 55 36 21 58 77 12
10 14 37 41 44 59 60 11 22 25 50
7 19 20 29 10 3 43 5
0
8 12 19 5 22 37 16 18 44
6 30 33 5 27 65 53
8 11 13 19 37 5 56 25 6
0
2 10 20
2 11 25
8 18 28 35 37 7 41 58 80
10 4 34 55 2 64 92 6 7 14 20
8 3 6 14 29 59 91 63 67
8 37 60 82 18 31 88 22 27
9 6 14 28 17 30 54 70 34 26
4 10 54 39 8
0
5 4 12 15 11 13
2 1 3
7 14 55 29 68 77 87 94
6 12 19 40 43 44 51
9 21 48 51 60 63 22 19 29 7
2 70 5
2 24 30
4 10 18 24 49
3 5 12 42
8 11 23 32 12 41 13 91 97
2 10 13
1 1
7 16 35 63 50 60 75 10
10 23 34 40 13 47 29 48 60 62 32
2 32 21
0
8 6 31 48 37 7 81 39 50
8 16 4 15 19 9 21 24 53
10 3 8 7 39 44 45 55 9 43 16
0
1 30
5 19 18 25 52 60
2 32 50
8 1 18 35 63 79 27 36 39
7 36 6 39 59 66 51 74
10 9 28 32 18 60 25 42 49 51 3
0
2 2 4
1 4
1 14
4 35 15 36 61
6 17 37 74 12 85 11
2 26 43
2 18 23
7 4 12 30 5 31 37 44
5 36 10 54 62 86
5 6 13 16 28 41
8 1 15 21 29 33 10 13 50
9 11 13 15 35 24 36 37 39 43
10 2 20 41 44 70 15 71 21 33 43
10 29 44 57 51 61 78 19 18 90 92
0
10 9 10 18 27 30 38 28 56 63 68
5 8 11 35 45 73
8 10 28 12 57 40 68 77 71
1 13
0
7 10 18 31 15 50 44 60
3 10 19 45
7 22 66 75 2 59 76 24
0
8 9 21 18 54 6 62 13 20
9 28 52 59 45 51 64 6 65 26
0
3 25 29 30
8 12 14 17 18 25 38 68 11
8 7 1 67 93 50 13 5 53
3 32 35 50
6 14 9 45 55 57 78
4 19 27 39 41
4 28 50 27 44
10 29 30 35 39 42 44 94 14 95 54
10 5 1 12 30 35 50 69 2 41 49
5 29 30 9 50 67
7 16 5 8 27 64 14 41
