5
95 95
0 0 0 0 0 0 0 0 0 0 0 0 1 0 0 0 1 0 1 1 0 1 0 0 0 1 1 0 1 0 1 1 1 0 0 2 1 0 0 1 1 0 0 1 0 1 0 0 3 0 2 1 1 5 0 0 0 4 3 0 2 1 0 3 2 2 1 2 1 6 1 3 4 2 1 2 2 3 0 2 0 2 1 1 2 2 1 0 2 1 0 0 1 2 3
16 2 9 23 36 52 58 31 65 66 71 72 17 75 24 44 27
28 4 2 32 38 45 21 52 61 94 55 46 79 92 1 11 65 73 95 6 37 83 91 5 7 18 22 36 93
3 17 30 31
39 1 20 27 37 65 73 84 87 7 89 33 13 58 23 25 93 35 86 36 42 62 32 69 88 59 83 22 40 72 18 54 9 15 77 63 21 74 92 11
3 2 8 28
39 37 20 43 49 80 14 65 72 6 15 36 85 48 63 64 74 3 31 66 59 71 4 16 79 28 41 42 25 84 19 54 57 21 38 58 73 33 90 34
3 31 51 18
2 4 7
3 7 20 31
21 1 11 22 32 37 43 47 51 19 54 56 20 62 41 76 55 61 84 26 58 2
17 10 20 2 36 38 41 46 48 51 62 70 35 69 4 5 7 6
0
37 2 8 9 20 30 58 65 39 44 76 16 82 84 43 95 24 69 29 12 34 67 94 25 73 40 81 26 66 33 35 79 18 87 22 37 4 54
43 1 33 16 26 21 62 41 45 22 40 83 49 11 28 36 51 65 74 5 25 37 18 78 89 56 57 68 81 10 39 50 3 55 6 63 59 23 79 31 43 46 91 48
15 4 32 70 11 60 72 89 23 71 36 74 81 28 35 30
29 37 45 36 63 13 35 44 48 49 57 66 30 31 56 67 2 70 29 12 95 80 4 87 91 17 22 34 41 51
23 20 55 4 90 14 5 91 21 31 16 29 36 69 24 81 37 10 54 68 48 60 82 58
20 1 15 21 44 62 49 55 66 33 29 91 92 18 93 52 56 5 6 3 83
22 1 25 26 44 83 13 29 54 34 61 92 24 94 79 93 41 53 73 16 87 89 14
38 10 12 20 21 8 32 67 74 3 79 87 4 15 82 38 45 11 59 44 61 94 65 27 66 72 84 91 9 13 24 95 18 28 30 40 14 19 36
40 2 33 36 65 21 24 25 29 44 47 46 61 84 86 43 14 15 27 62 78 90 4 12 26 48 91 95 20 53 11 55 76 34 35 58 70 23 31 39 74
11 16 32 39 66 68 19 34 86 17 54 56
10 27 38 47 62 67 91 9 15 58 50
0
9 5 28 47 56 24 49 62 8 63
38 28 39 22 21 43 25 27 76 40 11 10 60 56 69 80 5 15 24 82 77 85 14 31 32 86 38 94 50 7 33 71 4 55 92 62 70 72 9
48 8 14 40 46 50 51 58 7 20 90 61 69 11 35 37 86 54 22 66 75 43 17 24 25 91 1 28 30 32 88 33 4 27 39 94 53 49 79 81 9 82 19 36 15 55 2 93 21
24 48 53 74 28 82 41 85 52 27 63 44 87 46 68 5 49 92 1 31 16 19 34 32 45
26 28 40 27 5 43 83 6 26 33 38 2 30 35 44 51 52 61 8 18 42 49 59 65 60 66 69
38 24 45 11 54 15 38 60 13 21 83 50 52 75 94 81 4 14 85 27 29 3 58 87 25 70 16 72 32 62 23 84 7 28 65 18 20 10 93
13 8 13 58 74 17 10 3 75 38 7 54 55 23
12 66 6 11 37 39 49 60 30 47 67 78 93
23 9 19 66 68 21 36 12 43 54 17 23 24 56 64 73 77 4 1 49 22 82 91 37
49 7 13 18 30 52 81 85 5 36 41 42 35 60 65 88 82 93 23 33 39 83 40 43 48 62 71 14 69 84 86 10 21 22 28 47 77 46 58 64 9 59 72 8 78 68 89 11 12 32
37 16 30 70 80 51 64 74 14 44 45 63 83 88 7 90 9 36 11 25 58 43 23 37 4 35 85 77 95 5 87 12 19 20 2 22 26 27
42 21 11 12 13 18 24 16 25 37 42 2 15 85 88 43 51 66 44 46 72 94 65 6 75 95 23 26 47 68 63 71 80 17 83 9 31 91 33 35 36 49 67
24 27 50 57 81 28 11 33 41 17 29 31 84 22 43 86 63 34 8 76 1 15 78 93 55
30 48 59 12 27 29 23 45 69 2 33 49 88 35 89 36 55 38 25 32 44 63 95 31 37 40 56 42 93 79 86
14 8 26 49 20 72 89 92 21 24 54 4 32 12 39
8 18 41 16 46 38 63 89 34
46 18 55 72 2 54 66 83 86 20 38 92 28 33 47 56 62 70 23 80 10 84 13 88 93 4 6 16 30 37 43 25 52 94 29 59 9 61 77 91 74 71 85 90 3 14 5
9 7 5 21 24 27 57 90 47 48
50 12 13 20 29 26 30 32 35 41 22 38 46 50 78 18 60 16 27 55 4 73 57 14 31 90 92 28 53 67 8 24 69 86 37 43 44 45 5 75 19 85 1 36 40 76 39 52 62 77 79
30 3 20 26 7 24 30 44 79 58 23 62 25 69 48 33 77 78 47 90 52 27 75 91 9 92 6 21 82 86 94
20 14 15 23 47 50 52 9 71 31 24 49 74 29 53 67 68 6 10 32 69
15 20 27 29 40 9 38 49 61 66 48 89 79 87 59 80
46 33 34 80 87 29 37 73 76 9 82 24 88 10 47 12 53 26 89 27 31 44 19 43 60 62 95 35 38 21 78 16 22 56 59 70 83 46 91 6 32 93 65 71 66 94 54
37 29 33 11 78 17 22 5 36 85 16 6 26 31 44 57 60 47 61 74 63 15 77 79 41 42 46 55 64 4 2 80 8 3 68 14 27 91
40 2 11 10 12 17 18 6 21 37 57 60 67 82 4 30 73 78 5 92 8 16 22 32 55 66 59 94 75 77 13 79 80 45 83 48 50 15 54 88 34
23 6 8 24 11 25 39 3 34 42 18 48 71 2 7 51 55 77 91 59 27 29 36 65
21 18 22 25 43 16 44 28 45 49 54 94 74 75 83 65 8 23 41 27 55 78
41 4 8 17 20 36 32 62 69 74 48 81 56 61 91 28 47 23 59 12 60 21 34 29 57 76 11 86 16 94 67 22 75 82 5 87 89 6 92 2 7 35
31 17 53 56 64 18 41 72 30 42 81 5 68 80 7 89 13 16 47 33 57 58 91 19 21 59 22 25 46 48 49 62
5 2 9 12 47 22
12 23 21 29 30 45 49 46 4 54 2 69 85
22 16 12 38 43 47 53 61 64 68 6 70 13 77 17 58 56 67 82 28 69 75 95
32 37 7 19 68 44 25 57 65 78 31 82 12 60 95 26 53 5 73 90 21 23 71 81 52 84 85 4 91 14 17 92 40
15 5 33 60 61 74 26 93 68 13 20 48 65 3 86 91
27 11 5 18 26 22 75 13 29 4 60 12 95 20 51 1 19 24 31 35 41 61 47 68 73 14 39 44
28 5 36 11 17 10 18 22 48 12 24 37 50 15 31 81 34 3 39 1 29 59 33 67 23 69 82 25 13
38 18 43 9 53 65 82 10 40 41 48 28 52 17 21 11 34 4 90 59 63 27 88 2 49 14 62 66 93 3 30 85 31 13 33 39 24 25 54
3 1 23 35
19 1 3 8 4 36 9 57 49 50 25 31 59 28 52 11 64 38 66 17
41 3 5 34 35 49 18 69 21 2 54 63 7 16 25 22 51 61 28 65 73 75 27 46 48 66 23 78 42 79 44 50 37 30 45 8 40 6 60 95 33 38
28 1 19 25 56 61 66 45 72 33 11 62 8 78 26 52 63 31 35 83 43 84 93 34 46 37 74 3 85
31 9 23 43 44 17 51 46 50 14 12 38 18 58 67 5 42 10 79 20 45 32 70 81 52 29 56 64 27 39 65 25
27 38 50 20 51 63 85 95 67 71 40 42 43 15 57 61 35 45 9 70 41 48 73 27 33 62 36 30
32 10 23 22 54 55 28 51 7 61 32 82 20 31 70 43 42 60 76 63 6 71 87 4 16 48 78 46 84 49 66 79 88
43 1 5 10 27 34 17 74 84 4 92 9 56 25 75 11 95 15 32 37 77 39 78 19 47 2 28 48 30 44 24 70 16 52 57 72 23 82 58 68 63 71 22 80
46 10 19 21 31 40 62 1 8 25 70 5 30 78 35 36 44 15 49 58 81 13 56 43 24 52 77 37 39 29 92 45 59 76 80 83 6 85 87 14 89 90 17 95 33 38 2
1 13
3 30 46 3
8 9 15 27 35 36 45 48 51
44 18 25 34 44 49 58 9 7 65 66 79 13 67 91 24 76 33 12 36 23 28 39 43 2 31 64 87 45 51 75 83 8 95 19 38 56 60 14 69 26 77 29 42 21
11 15 22 45 57 29 64 46 76 81 7 18
47 1 5 12 18 33 39 42 56 57 61 3 77 81 88 9 22 20 29 86 37 27 44 49 66 46 89 50 51 52 14 70 92 23 35 19 93 10 47 79 53 75 76 24 78 82 83 21
4 2 13 61 74
13 5 16 40 52 51 34 29 59 48 56 70 13 85
24 20 41 27 71 1 73 34 7 35 82 4 51 57 16 48 28 70 50 87 19 61 92 14 15
33 17 28 37 44 36 80 15 54 57 68 55 4 73 26 86 91 13 67 77 24 78 64 12 71 35 85 5 95 49 34 38 10 53
39 5 33 37 52 12 32 35 54 55 78 87 15 62 65 74 82 9 40 92 42 61 66 23 29 41 94 20 68 53 75 4 57 60 7 8 30 64 76 34
29 15 19 38 56 25 28 61 40 63 66 8 84 3 86 88 30 49 91 24 92 26 48 52 54 67 1 78 90 33
17 1 5 37 44 46 21 50 61 23 60 9 54 74 49 55 62 72
22 3 16 38 5 18 65 22 29 52 61 31 33 37 54 73 13 57 78 1 62 70 71
10 26 52 61 38 63 14 60 20 46 84
16 9 22 34 60 33 37 68 70 42 75 80 44 63 39 69 24
39 4 9 10 26 24 34 49 57 78 82 7 63 30 38 65 75 16 61 80 89 1 83 18 28 29 67 86 12 17 21 35 93 94 36 41 59 6 25 48
22 28 16 29 51 59 15 60 21 11 3 35 54 71 75 30 53 61 72 32 41 88 13
36 19 40 48 13 22 72 85 86 77 73 78 88 28 4 38 16 23 43 14 53 61 31 79 15 84 17 26 71 44 37 46 30 58 76 87 90
1 5
13 5 9 12 14 40 58 10 61 18 20 30 73 38
23 13 19 27 31 48 49 50 62 57 30 72 45 67 73 74 76 82 83 7 84 86 8 11
50 3 13 26 29 44 65 69 79 83 61 90 6 28 32 64 4 19 39 80 31 68 33 85 8 93 37 42 46 88 7 16 17 38 40 52 56 60 63 41 48 49 71 11 70 34 54 18 20 2 55
11 49 50 13 21 33 51 57 92 60 61 36
13 18 28 30 45 57 61 62 67 5 10 82 15 24
96 99
0 0 0 0 0 0 0 0 0 0 0 0 0 0 0 0 0 0 0 0 0 0 0 0 1 0 0 0 1 0 1 1 0 2 0 1 2 0 2 0 2 1 1 1 1 1 4 2 1 1 1 1 1 2 0 1 1 2 1 1 1 2 2 1 1 0 0 0 1 0 3 3 2 0 4 0 3 1 2 0 3 2 3 2 1 1 1 2 1 2 1 2 1 3 3 1 3 0 1
19 4 27 54 61 71 69 80 17 23 83 42 10 85 25 6 40 12 72 75
7 15 39 46 41 60 49 34
46 17 52 1 4 37 22 48 55 75 6 67 78 40 82 23 58 70 5 8 41 16 84 25 60 62 72 73 85 95 2 45 46 59 86 7 51 54 66 13 26 93 33 42 3 56 83
9 4 8 9 10 17 2 21 75 88
5 17 21 25 28 27
14 13 14 24 38 43 23 17 98 36 57 47 85 15 31
2 12 46
13 6 10 28 20 72 93 9 99 22 36 48 57 60
39 3 9 1 11 16 55 46 7 73 28 48 95 42 52 8 45 99 4 47 17 27 77 6 20 13 35 44 94 49 54 68 36 37 72 38 74 58 80 32
49 6 18 20 25 36 13 29 39 10 21 9 44 22 94 26 45 4 52 49 68 8 79 78 11 91 27 69 37 38 43 50 63 2 3 87 32 75 76 82 14 74 46 54 7 23 88 48 90 70
35 12 5 13 18 27 29 58 34 35 23 57 25 42 67 53 83 11 60 95 17 26 63 3 30 37 76 28 87 92 8 48 52 62 73 97
25 14 46 42 35 75 72 52 66 70 55 71 28 48 80 18 59 94 64 83 91 10 45 63 92 74
31 37 55 57 6 73 90 98 17 50 7 58 65 99 8 10 25 78 31 34 36 92 47 77 28 33 82 42 1 43 87 40
4 30 33 48 52
34 7 30 46 12 86 14 60 25 10 43 24 95 33 66 40 51 77 59 82 16 81 1 93 3 39 57 80 53 65 83 37 22 75 98
29 6 26 40 44 45 53 5 69 70 61 12 18 41 92 14 34 36 2 48 66 43 79 17 71 65 73 75 77 46
21 7 20 32 35 14 55 59 63 66 69 80 93 70 75 78 19 45 64 85 10 95
1 14
17 14 15 24 70 29 25 53 12 59 39 48 98 1 2 57 7 88
19 14 15 30 42 31 55 59 6 22 52 79 23 40 83 41 50 44 56 46
11 14 22 44 59 68 8 43 39 45 40 82
10 1 13 33 47 58 37 40 67 55 64
27 37 19 22 38 26 39 78 96 10 50 69 30 81 85 18 60 77 4 94 6 63 99 11 64 67 75 1
27 57 61 76 46 82 52 85 9 19 66 43 56 70 74 32 25 72 91 36 41 65 22 68 69 48 29 77
0
16 7 16 46 22 51 55 9 14 20 56 39 88 10 28 11 54
3 11 18 32
50 9 1 73 80 5 3 28 12 40 20 91 41 46 71 78 50 51 60 64 88 58 16 70 2 36 42 24 97 90 32 33 44 6 95 14 66 38 7 48 99 8 29 62 25 21 69 83 43 72 75
30 2 4 10 43 53 63 25 81 42 13 94 55 64 41 51 70 47 60 62 6 68 72 14 44 23 27 73 1 50 92
23 6 9 13 37 38 1 3 34 44 64 49 79 30 50 82 88 8 20 10 29 96 18 35
25 13 22 25 12 30 32 34 52 28 38 47 66 2 60 69 87 78 7 35 16 20 55 21 91 62
33 16 33 53 3 48 57 64 69 17 22 31 59 32 63 13 39 90 46 14 55 25 87 58 23 26 45 62 44 67 4 75 11 42
1 9
30 5 19 18 27 25 36 50 58 44 68 72 77 81 38 35 80 88 62 63 11 69 32 82 85 31 16 89 43 29 99
2 19 22
42 26 42 44 60 64 96 69 84 4 7 98 32 41 93 45 71 95 74 76 27 33 56 73 11 15 57 68 80 79 2 81 29 99 30 46 34 36 78 6 9 63 47
35 16 19 60 69 71 5 49 7 57 77 81 22 46 47 26 31 97 17 53 2 61 38 14 40 29 30 27 75 83 94 37 41 65 99 59
12 39 42 18 66 84 29 89 30 31 36 62 73
49 1 2 10 19 28 97 41 6 63 51 62 27 3 82 50 43 71 49 70 89 79 84 94 12 30 34 5 87 36 53 92 42 45 57 73 77 99 13 14 59 22 83 69 7 32 23 91 15 38
32 3 24 40 39 91 4 6 50 20 60 23 26 41 36 46 73 51 14 64 72 55 74 80 25 31 56 10 85 29 88 92 12
46 9 14 49 58 64 63 62 80 23 84 29 89 10 92 44 57 61 98 69 5 8 65 67 97 21 25 70 86 42 56 12 87 32 96 27 46 13 68 76 79 48 81 11 20 78 37
38 5 9 28 42 43 52 76 15 19 70 17 84 20 86 1 99 12 7 25 59 36 44 49 87 24 60 33 67 71 96 10 27 88 92 18 46 47 48
27 9 15 25 14 33 35 61 66 8 24 32 57 76 80 81 36 99 13 37 18 43 79 10 47 38 29 90
36 43 48 63 78 16 49 59 17 84 87 23 4 26 89 32 69 39 1 27 25 56 90 28 36 40 30 41 14 29 64 47 83 44 61 67 71
3 12 37 50
27 11 1 14 24 58 63 73 38 4 67 76 90 98 6 9 12 27 34 35 36 94 45 53 25 59 65 68
25 39 60 2 40 38 61 71 75 17 78 29 54 24 86 74 90 92 7 26 30 49 98 47 36 69
39 6 4 19 24 50 59 3 29 85 42 63 65 20 98 27 47 26 66 17 30 70 75 81 28 76 82 83 10 61 87 8 9 48 96 57 12 89 31 39
48 6 7 53 5 55 92 66 73 83 35 10 72 87 88 16 19 23 15 90 18 54 29 75 21 60 77 70 74 86 2 12 89 32 68 43 94 3 8 50 22 61 31 33 36 85 13 99 37
46 13 19 9 28 29 30 39 50 55 37 67 63 11 82 91 54 85 22 44 49 70 98 3 74 10 76 7 21 46 48 4 60 8 65 86 87 5 17 33 14 62 64 15 27 40 92
31 14 2 18 29 33 72 74 91 9 11 92 58 96 59 26 13 44 51 60 69 64 35 68 95 43 30 46 55 45 48 82
20 1 17 23 43 4 16 19 57 81 12 21 22 24 85 34 40 64 79 26 30
42 9 18 40 44 37 54 17 47 49 63 19 81 97 28 66 33 65 75 88 67 91 13 12 69 53 55 70 73 16 43 90 39 52 72 79 24 62 74 87 35 94 95
13 9 12 81 34 43 45 48 54 65 16 52 85 95
39 18 40 52 22 64 67 69 14 71 60 78 12 93 25 99 26 43 1 95 54 8 76 2 84 92 11 42 75 6 45 58 61 87 59 21 33 70 80 85
3 47 10 51
7 1 9 54 59 11 39 78
18 14 15 23 18 49 24 91 20 41 9 37 40 52 6 4 74 87 10
38 28 45 16 67 22 77 29 48 79 80 7 30 95 23 55 15 61 74 20 62 64 10 84 32 17 87 21 14 47 33 46 53 71 72 98 12 18 26
17 16 17 48 1 52 55 2 59 72 4 30 83 47 60 70 75 12
47 22 1 39 49 51 27 52 29 20 76 36 30 43 82 37 44 75 91 98 34 42 47 56 73 74 78 3 46 61 6 69 85 86 26 88 92 24 25 93 5 12 99 72 2 55 33 59
30 3 17 60 62 16 71 5 19 77 73 36 38 44 61 63 81 13 96 33 66 83 98 23 84 55 9 78 87 22 40
24 2 49 3 35 56 58 59 4 63 18 32 36 82 1 11 25 15 53 86 26 29 19 68 87
14 1 3 18 25 39 31 49 68 24 81 36 60 62 91
6 8 23 40 52 53 72
25 14 13 28 40 44 32 59 68 23 69 47 48 53 80 60 96 11 39 16 43 70 65 35 75 57
49 6 30 24 68 15 84 23 90 41 65 59 97 2 5 44 74 63 1 12 17 79 29 32 80 22 28 39 54 73 53 58 56 62 64 40 98 4 20 51 75 35 89 55 76 95 87 93 9 99
39 24 48 73 92 51 74 1 63 65 5 99 76 68 20 29 44 53 3 58 19 61 22 64 80 83 27 94 96 98 71 31 72 84 15 21 23 28 26 37
14 12 13 21 53 37 69 45 1 24 34 48 56 81 66
16 8 14 7 71 30 75 93 3 64 12 39 21 87 31 44 88
46 2 15 25 51 67 41 74 78 45 80 88 57 17 81 16 31 69 84 5 96 49 72 87 21 11 22 23 27 37 48 50 32 43 64 10 85 44 1 6 68 18 35 91 38 56 42
34 56 20 8 74 10 44 24 80 84 42 59 88 61 72 2 13 73 90 14 22 25 52 91 33 39 41 69 71 76 1 77 65 15 23
34 18 54 15 40 59 85 55 41 71 64 32 76 66 86 3 73 31 92 28 97 48 36 57 98 30 52 77 6 46 61 82 1 90 99
7 1 24 32 47 55 3 14
44 21 25 28 50 35 40 44 8 26 57 4 96 36 52 72 86 33 38 41 89 43 93 97 3 12 31 49 53 22 29 58 78 30 65 81 1 77 14 87 2 6 16 62 5
28 1 35 37 47 53 10 74 20 62 80 84 9 51 64 70 73 7 14 96 41 2 42 55 67 57 72 82 89
33 3 6 8 97 19 30 20 21 32 45 46 37 48 49 51 60 54 29 55 57 74 33 81 38 82 17 36 43 83 69 85 11 39
9 39 68 72 75 9 67 84 86 6
30 4 69 76 53 56 57 78 28 68 47 84 98 7 29 64 11 67 46 89 93 6 17 19 25 36 55 94 72 80 1
16 5 13 32 16 41 37 48 57 61 62 72 7 24 26 40 78
11 7 6 11 23 37 38 53 12 18 26 52
21 7 9 43 19 54 27 66 47 44 48 41 57 22 62 72 75 25 65 63 69 23
33 5 59 60 38 69 72 65 84 88 49 71 15 50 22 92 23 73 97 26 27 91 99 93 94 7 9 20 16 34 29 36 47 35
14 4 19 25 34 35 60 63 42 64 52 75 59 62 72
48 16 51 4 79 6 23 33 43 57 58 9 77 19 82 94 95 96 29 7 13 30 54 32 41 44 61 18 84 14 8 55 59 2 5 70 62 99 27 37 71 17 74 86 28 34 1 36 20
9 12 19 32 40 74 18 83 91 51
38 4 29 31 39 53 10 72 91 75 77 84 9 87 20 16 33 67 70 26 38 40 12 52 55 89 64 3 13 68 95 34 73 74 81 15 85 17 21
0
25 20 29 38 40 54 57 69 73 74 82 85 19 34 39 41 4 42 47 48 33 87 6 51 16 75
1 2
4 10 28 25 36
14 2 28 30 33 36 42 44 59 18 25 64 78 69 76
31 32 39 69 86 93 42 56 94 75 16 79 91 6 95 96 21 27 44 97 7 55 58 20 25 59 62 65 54 67 72 82
41 3 6 8 17 31 63 15 44 64 85 48 56 60 92 19 35 78 87 5 88 42 62 94 95 16 89 96 9 23 27 41 25 54 69 26 72 12 75 67 40 77
3 9 17 21
4 37 45 51 5
96 100
0 0 0 0 0 0 0 0 0 0 0 0 0 0 1 1 0 0 0 0 0 1 1 1 0 1 1 2 0 1 1 1 0 1 0 1 0 0 0 0 1 2 0 1 3 2 0 0 2 1 1 0 0 0 2 1 0 2 0 1 1 3 0 1 0 1 0 2 1 0 2 1 3 1 2 2 0 1 2 3 0 1 3 4 0 3 0 2 0 0 2 2 2 2 2 2 2 3 4 3
40 18 28 41 62 84 88 3 26 32 33 55 22 57 51 78 98 5 100 34 67 68 8 2 38 23 60 1 95 64 69 72 73 16 83 43 94 56 63 75 12
44 9 13 15 23 28 84 1 33 56 32 40 64 3 45 61 22 82 41 72 73 85 42 94 47 34 55 57 66 70 71 74 16 81 96 65 86 98 78 21 20 46 99 87 27
14 24 13 59 82 6 31 42 78 89 9 52 60 61 10
40 1 15 37 83 51 86 2 45 100 23 28 53 54 38 65 68 20 95 82 35 66 87 19 90 11 75 42 94 48 55 27 72 89 79 13 49 93 98 56 59
9 4 14 54 30 51 64 73 15 5
25 2 32 34 11 45 49 56 8 73 68 80 46 69 24 70 81 82 5 93 98 89 18 38 54 17
36 38 33 31 37 43 35 32 55 86 3 50 6 61 15 48 40 21 97 54 57 47 23 49 75 42 93 7 10 44 77 26 52 58 74 96 64
15 67 7 80 31 86 37 1 97 45 78 87 19 23 47 58
1 8
23 10 18 25 2 3 8 70 39 45 49 4 68 72 76 9 21 14 73 26 54 61 62 69
16 22 38 49 64 68 88 2 19 16 47 24 50 95 53 63 9
30 3 6 21 26 47 62 2 29 80 86 39 88 60 64 4 30 70 15 74 72 18 85 41 23 45 71 89 1 32 96
34 3 7 9 49 15 40 87 28 45 53 55 60 66 68 71 44 52 64 91 14 72 76 96 88 98 100 12 22 35 51 5 54 61 74
14 1 23 2 35 26 51 37 34 78 85 38 53 9 19
32 25 49 53 40 87 94 27 28 59 72 78 2 31 97 23 48 41 82 69 14 43 84 98 7 12 44 33 62 50 64 16 67
11 1 27 11 44 50 12 59 14 66 18 71
33 10 14 37 46 15 21 42 48 27 57 47 58 63 11 23 52 73 77 86 29 95 4 61 66 96 18 20 32 36 44 64 99 39
7 24 30 38 40 48 50 52
37 43 15 30 49 5 74 86 46 90 6 50 63 69 25 89 27 70 62 71 37 73 76 59 16 22 35 72 12 92 98 52 33 65 64 75 78 80
41 17 21 22 27 44 45 53 57 64 48 65 61 76 94 95 11 79 15 34 59 42 98 52 55 58 68 10 14 88 16 2 18 30 35 36 51 77 67 28 37 72
16 10 61 77 4 49 80 6 56 83 35 70 2 91 31 38 63
2 20 31
33 1 9 16 22 24 29 35 98 88 100 53 97 64 70 74 80 42 54 20 57 96 5 43 12 23 55 26 4 75 56 65 10 27
9 42 49 50 54 55 56 90 4 8
29 17 20 22 3 55 46 74 82 92 94 29 32 19 57 75 24 38 41 98 11 78 63 64 83 5 10 26 71 93
16 12 18 41 30 43 94 59 10 72 83 86 19 13 29 58 42
0
33 13 49 4 73 82 32 60 15 23 66 86 3 28 51 77 97 43 45 55 58 78 5 35 68 52 61 69 70 9 14 84 85 99
45 14 16 33 57 79 9 52 3 5 80 8 34 75 98 15 23 25 27 66 91 30 13 90 7 24 93 42 4 41 58 65 46 50 72 36 76 60 84 92 6 49 51 62 35 61
13 20 13 56 15 61 81 24 12 84 9 16 57 59
2 9 77
33 4 12 26 40 32 73 16 22 41 51 72 96 50 23 76 84 86 42 58 88 13 17 28 63 5 25 36 11 31 37 95 46 53
19 27 68 8 70 76 1 31 33 44 49 52 83 93 41 79 19 98 28 2
6 41 9 46 73 15 77
50 30 31 32 46 51 56 69 42 81 57 90 97 2 61 43 89 20 98 66 28 35 92 94 7 37 41 95 16 5 65 79 22 25 44 1 27 53 4 71 6 9 67 77 15 99 17 40 26 54 62
20 14 18 29 46 53 62 23 76 6 81 11 45 91 5 41 55 50 63 9 30
41 18 20 22 29 13 14 38 45 55 39 99 43 57 65 72 73 10 32 76 27 47 54 96 59 31 58 61 17 74 42 2 80 51 52 34 53 9 19 69 82 62
15 4 39 62 74 90 10 24 37 8 95 31 30 35 57 88
19 7 10 12 80 54 33 38 76 81 28 73 34 91 14 37 21 75 95 35
23 2 7 32 28 36 38 42 59 17 84 22 60 25 47 92 77 33 86 53 61 69 31 29
3 28 35 12
23 12 25 33 57 64 67 21 31 69 38 50 52 10 73 27 93 5 42 44 37 9 47 51
41 12 23 27 49 33 51 9 44 76 11 74 86 53 55 57 21 96 8 82 93 22 24 38 46 52 41 71 94 62 64 65 36 78 97 80 5 34 37 43 13 4
44 2 11 34 32 77 17 63 79 1 51 54 13 86 89 47 64 80 59 58 92 96 48 28 53 60 10 55 81 6 33 56 67 74 25 37 87 26 27 68 88 7 14 94 22
49 9 18 56 54 5 21 74 13 70 53 87 30 91 45 51 58 65 20 61 59 44 66 93 7 69 4 71 86 23 35 67 6 49 60 96 38 62 82 11 63 83 14 97 78 80 29 46 88 33
38 6 12 14 87 94 36 57 41 72 38 97 15 5 50 98 19 59 66 28 37 45 51 17 18 58 23 26 69 33 52 60 16 61 31 54 64 65 75
24 14 1 20 31 48 46 18 71 85 30 55 67 88 32 42 36 52 75 13 81 76 29 41 89
50 22 27 24 51 53 55 74 38 77 48 100 78 6 56 12 81 52 58 90 7 92 21 96 25 30 28 39 36 42 57 54 63 82 67 14 3 18 44 73 66 89 32 61 33 45 29 68 88 62 98
4 4 24 37 41
11 3 11 13 21 27 50 47 77 68 71 83
1 17
11 7 48 51 63 72 21 38 46 26 81 60
39 4 12 10 15 74 30 51 76 13 77 38 79 91 21 20 40 1 41 6 8 32 61 29 24 31 71 67 5 28 39 68 18 33 42 45 47 56 16 60
21 30 36 66 64 13 38 78 73 80 39 88 94 2 95 100 3 6 57 7 14 21
12 34 48 54 37 61 53 58 66 89 40 52 56
39 4 5 47 50 49 58 17 59 23 69 56 62 8 1 35 88 29 63 78 60 70 75 24 76 82 11 90 6 57 37 74 21 38 68 26 51 72 12 89
12 16 4 17 41 1 47 62 73 75 11 14 43
29 16 18 28 2 23 29 48 7 79 17 22 24 30 32 61 36 66 50 54 78 80 43 74 41 71 81 77 82 94
7 18 56 61 86 96 20 32
23 14 40 30 46 7 16 39 84 12 51 67 74 95 23 10 6 65 75 81 5 82 11 28
17 70 78 27 88 89 95 28 38 10 22 52 68 37 53 61 69 7
36 43 44 64 70 37 38 4 52 63 20 42 1 71 60 65 10 82 13 89 74 14 96 21 81 50 15 29 53 87 8 3 48 94 58 23 45
11 11 13 20 27 8 39 70 14 73 25 76
36 25 30 15 46 56 60 49 62 71 18 14 48 73 74 78 54 91 35 68 87 8 16 42 11 6 34 38 85 13 55 90 4 100 20 23 29
45 11 23 35 47 52 61 71 72 10 15 57 22 70 17 78 89 97 2 31 50 18 60 56 42 65 93 85 99 33 58 69 43 82 41 88 90 1 92 3 14 16 51 100 77 4
32 21 43 55 4 76 39 53 95 64 69 16 81 32 79 24 86 66 56 92 5 1 30 35 8 36 78 25 37 38 41 70 100
41 1 41 42 50 53 77 82 89 15 19 39 36 27 46 76 79 10 75 58 63 90 72 81 26 37 84 3 49 57 80 17 83 55 56 95 97 61 51 65 29 68
29 32 35 46 5 27 73 71 74 76 83 69 91 11 12 95 40 38 68 14 98 28 22 10 21 39 24 33 44 45
47 2 7 25 3 22 50 66 26 33 9 63 74 81 92 14 48 58 8 90 39 91 55 59 73 29 71 45 82 41 93 21 16 47 15 95 32 6 61 40 5 35 100 62 88 68 20 42
26 29 12 30 32 63 9 22 38 90 11 36 33 98 40 8 54 61 66 43 15 75 27 39 87 44 46
45 23 29 2 38 46 54 55 60 62 17 19 63 35 82 91 90 34 52 74 81 28 3 92 41 95 37 50 59 66 76 77 79 10 16 21 24 32 42 80 49 83 87 88 100 30
1 25
1 8
35 25 26 35 36 52 79 85 51 89 2 57 98 67 68 99 10 12 14 100 40 62 28 80 3 44 21 4 56 9 77 82 48 97 50 7
38 23 33 38 7 20 30 1 91 49 55 62 67 35 61 72 21 56 22 84 31 69 11 27 97 73 98 5 41 65 99 9 71 14 16 89 95 42 50
13 9 25 41 42 92 97 10 16 61 50 71 64 95
47 7 30 43 18 75 78 85 19 23 32 91 27 74 93 33 34 41 54 16 73 67 77 95 22 72 14 90 100 4 38 68 87 12 82 92 8 20 31 46 40 44 49 25 56 48 55 69
10 13 26 32 29 31 45 56 59 72 8
39 30 31 39 1 44 47 9 27 35 55 26 60 56 45 50 64 52 63 74 83 8 86 12 91 19 3 7 46 15 38 58 93 17 49 57 14 24 34 40
24 11 15 43 70 81 3 18 71 88 96 99 25 42 90 57 7 98 22 50 86 37 53 95 35
43 11 15 7 3 52 8 36 53 66 72 26 37 39 31 60 42 56 75 91 44 14 64 25 70 57 71 89 18 99 20 34 35 19 63 30 86 33 38 49 78 55 67 77
0
23 22 14 18 23 45 35 87 19 24 32 49 77 81 89 55 95 97 100 31 4 39 56 13
25 12 29 63 26 30 68 4 79 42 88 14 96 44 18 43 47 48 59 86 46 35 76 33 52 91
38 39 47 18 29 53 68 88 58 12 83 19 49 70 81 3 5 6 67 24 50 75 54 45 79 91 94 36 38 51 63 74 48 77 9 56 87 57 61
44 8 28 22 16 37 79 15 20 83 27 26 49 3 75 99 25 1 52 41 48 53 55 78 29 47 66 80 81 95 40 34 56 44 30 68 59 69 71 57 84 76 82 92 5
31 9 34 51 55 70 100 8 31 56 59 74 26 83 85 86 45 46 58 64 72 73 91 28 37 44 95 99 18 19 80 22
0
28 1 28 23 42 31 54 21 50 89 71 35 51 8 98 30 32 80 38 45 100 44 18 48 56 66 16 74 19
42 4 16 18 45 64 3 56 7 13 32 58 24 44 60 53 66 26 73 31 80 35 22 54 62 90 65 48 84 88 96 11 89 99 15 37 50 63 14 51 6 55 27
5 5 12 18 34 8
35 13 14 62 28 63 78 54 72 18 23 58 79 44 2 8 26 67 92 45 46 52 5 56 64 7 88 73 90 1 12 65 82 32 41 47
21 20 29 60 6 64 83 17 42 31 72 81 82 84 19 23 1 50 63 9 99 21
35 17 22 23 28 31 47 1 62 27 48 39 26 11 66 20 68 86 42 5 43 36 64 91 70 97 12 13 51 60 25 33 87 44 18 78
15 1 2 13 41 23 12 68 4 80 9 14 19 51 20 15
17 25 1 66 18 24 69 76 13 82 26 9 11 94 28 45 40 97
97 99
0 0 0 0 0 0 0 0 1 0 0 1 0 0 0 0 0 1 0 0 1 1 0 3 0 0 2 0 0 0 1 0 1 0 1 2 1 1 1 0 0 2 1 1 0 1 0 1 0 0 1 1 1 1 0 1 1 2 1 2 0 2 1 0 1 0 1 1 2 2 2 2 1 1 0 2 1 2 2 1 0 2 1 3 2 4 0 1 5 1 3 3 3 2 4 0 2 0 2
40 14 22 2 40 5 45 6 55 60 66 93 17 39 61 65 23 81 59 99 35 70 26 49 13 71 77 27 75 37 86 89 94 8 32 96 3 33 11 44 46
19 11 18 71 16 42 54 95 29 33 50 65 13 34 78 36 53 72 1 90
29 9 37 15 19 7 27 25 54 69 55 58 64 4 72 95 73 83 3 90 14 23 30 5 93 48 33 1 32 35
35 73 74 7 14 38 80 56 59 11 65 85 32 54 22 17 64 76 90 6 23 99 44 3 21 77 27 26 33 82 8 15 42 25 66 18
42 34 48 54 62 71 73 75 77 25 35 67 83 86 87 7 92 26 95 43 99 49 93 57 97 59 1 70 29 96 63 6 65 10 11 13 21 47 58 15 66 64 46
43 9 48 50 58 10 17 46 57 90 1 25 67 68 38 73 75 81 83 89 99 20 24 45 51 79 84 92 22 55 56 63 65 74 93 86 41 7 21 95 26 27 91 28
20 20 4 44 23 54 64 31 45 72 74 19 87 34 58 81 84 22 63 6 90
50 69 16 75 62 76 63 34 36 54 68 44 88 56 92 99 5 8 28 74 45 13 83 32 38 96 52 10 12 42 1 6 87 22 94 29 86 39 98 51 55 58 14 17 41 19 21 47 59 64 73
23 31 32 35 47 55 63 5 43 71 46 20 52 25 59 36 13 82 44 73 56 67 1 7
36 2 13 75 3 35 1 58 71 85 4 12 93 19 87 27 73 16 82 38 99 48 50 63 77 18 80 86 8 40 41 51 7 11 54 47 66
37 37 56 57 65 19 82 40 91 7 8 15 26 23 58 44 47 21 54 55 43 95 30 1 75 53 9 85 32 61 3 22 20 52 98 35 67 36
27 26 27 56 44 59 78 83 81 4 9 55 16 10 28 32 31 90 69 7 39 70 14 62 12 45 67 47
36 6 24 30 41 12 3 50 51 52 60 81 21 36 54 92 49 57 73 5 20 94 13 42 53 72 37 14 58 78 90 25 34 99 43 63 9
43 18 30 37 39 47 4 22 65 66 85 1 25 20 28 13 54 60 95 17 51 62 36 90 21 79 57 91 97 5 26 42 80 9 50 99 52 38 58 7 64 92 10 73
13 7 38 59 24 31 63 40 42 79 84 46 25 71
29 35 45 9 71 6 20 40 2 22 16 54 55 76 58 4 62 31 87 33 23 32 38 25 99 42 52 53 68 92
49 4 22 64 51 73 89 7 93 60 63 67 72 65 9 42 30 84 56 88 17 95 26 74 99 40 43 45 32 81 23 80 83 91 15 37 35 98 2 47 61 62 66 33 58 71 8 1 11 69
28 3 23 30 35 55 29 38 43 64 45 49 68 69 75 33 95 42 60 13 62 27 73 82 87 9 78 57 88
42 2 37 42 61 27 56 57 75 40 70 76 55 58 85 16 86 91 14 22 24 28 30 52 60 34 82 13 46 89 47 96 63 74 32 88 66 71 94 25 43 73 20
48 7 49 73 11 12 20 75 55 18 80 43 88 60 9 1 10 71 6 97 14 19 15 45 39 57 59 62 64 79 83 87 23 24 29 51 50 98 53 3 66 67 28 34 76 41 81 48 54
22 14 54 18 43 39 26 87 90 15 72 41 2 49 28 35 33 51 86 45 52 31 40
42 16 24 44 46 60 9 65 34 84 89 3 97 4 26 56 64 69 78 7 8 81 86 58 72 38 39 55 6 18 28 11 5 51 23 57 27 79 45 47 63 93 17
4 3 36 5 45
28 3 19 31 32 18 55 10 68 20 57 59 77 64 67 2 73 76 79 5 69 1 37 82 39 25 49 45 91
16 20 21 1 29 22 50 19 27 31 7 52 72 74 34 41 15
47 4 21 6 38 17 68 72 33 86 2 76 90 34 37 42 75 41 1 94 44 52 54 60 73 59 66 61 98 64 70 71 14 40 46 79 97 32 47 53 3 56 99 7 5 58 18 43
47 5 12 72 81 84 88 8 89 30 38 64 37 66 74 45 69 93 50 1 15 55 40 76 79 20 48 54 31 59 11 3 87 35 39 41 68 99 83 52 21 57 91 16 92 43 49 25
18 13 37 75 2 84 5 78 94 14 28 43 51 62 64 12 71 76 23
8 20 35 52 48 68 31 38 82
40 36 48 4 61 84 87 24 40 49 1 50 62 12 57 18 25 99 27 35 42 63 37 38 46 53 56 60 69 75 23 64 76 54 15 96 16 43 78 7 28
16 8 26 36 53 13 45 46 57 11 54 69 71 6 24 9 82
50 3 9 24 4 41 16 71 75 18 21 88 42 43 46 56 59 85 7 93 27 33 45 92 23 69 86 72 76 96 5 8 87 20 97 6 11 36 15 17 84 19 95 47 48 61 65 78 29 31 2
24 21 28 20 30 34 41 2 43 46 25 56 75 45 84 96 51 59 55 11 13 16 63 77 14
31 46 49 52 28 63 6 50 51 74 59 41 5 45 76 80 26 33 44 12 66 67 77 99 98 7 10 19 83 85 29 86
31 7 45 48 60 23 74 17 95 26 49 50 5 53 59 66 84 44 51 39 88 37 67 77 82 4 62 55 28 94 63 97
48 7 23 39 40 4 6 65 74 33 37 41 25 56 36 72 77 24 82 78 18 51 87 95 54 55 31 99 16 68 21 11 75 64 92 17 43 48 28 34 35 32 96 60 38 45 9 46 8
23 3 35 10 48 71 2 53 58 82 18 59 28 32 68 70 74 14 44 12 75 40 5 92
10 22 40 29 37 47 60 16 65 18 66
12 47 61 13 30 57 62 37 66 71 6 8 64
39 12 5 71 7 17 52 59 40 42 66 38 99 14 62 68 74 76 78 70 13 57 84 72 73 41 18 54 82 3 61 94 97 10 15 39 21 19 22 24
14 2 11 34 36 9 48 22 41 74 59 83 26 78 79
14 5 23 25 29 36 4 54 10 91 15 97 99 17 26
25 7 18 19 9 24 68 28 45 46 52 95 65 76 11 43 63 79 84 31 2 85 25 41 90 55
14 3 5 7 48 29 32 60 12 26 45 78 2 63 27
49 7 19 21 8 44 16 47 52 2 55 63 30 82 65 75 37 53 80 6 9 89 22 39 60 50 5 69 84 24 49 32 81 54 18 76 12 10 83 1 90 13 23 40 93 25 48 74 4 73
9 43 40 48 55 57 17 26 36 42
10 11 26 36 50 66 80 55 69 76 86
22 27 31 37 52 15 56 64 66 79 16 17 19 30 83 96 36 46 65 69 84 12 88
15 19 39 2 36 41 44 56 65 93 5 64 66 12 52 78
5 4 5 28 11 54
37 5 11 41 42 45 48 63 7 19 39 13 52 68 53 74 12 6 33 44 25 80 98 17 26 27 55 28 51 65 1 69 86 3 84 20 90 38
37 12 24 52 66 67 75 83 29 69 84 88 30 36 50 76 4 96 33 58 62 9 60 70 73 74 18 78 40 85 17 1 45 86 3 87 53 56
17 1 13 19 20 40 47 58 84 5 15 25 39 42 16 61 43 45
46 5 6 18 26 29 12 45 53 58 84 89 10 37 91 92 48 65 82 7 21 86 54 93 32 98 39 31 69 60 81 40 85 44 36 62 52 64 74 9 75 76 88 24 41 73 99
26 23 39 10 26 45 47 68 1 83 87 42 19 43 93 44 21 67 46 61 95 48 50 69 32 80 89
41 2 31 42 22 75 86 5 32 36 41 17 53 65 33 39 71 1 51 90 3 79 95 18 48 97 35 44 62 67 8 94 19 34 27 37 47 20 46 21 49 55
1 6
46 5 9 22 44 45 15 57 81 60 18 23 27 65 3 4 39 64 66 88 93 19 46 97 7 35 95 11 14 98 6 12 38 37 67 80 21 86 1 24 32 85 90 26 31 33 89
12 11 39 10 14 58 16 33 61 34 75 2 62
6 7 20 21 28 33 34
45 1 24 61 64 80 82 17 46 94 55 11 96 54 36 42 29 56 60 32 51 73 78 3 19 22 34 40 91 53 43 45 87 67 88 35 27 37 52 92 6 75 90 62 2 66
25 11 16 18 38 42 20 46 50 41 47 22 51 52 60 65 75 79 90 93 95 9 62 84 98 8
42 12 24 27 38 45 11 33 47 67 37 44 4 50 26 42 9 72 54 62 18 66 97 70 15 87 88 91 39 1 75 35 8 21 95 43 52 28 98 10 32 51 55
42 8 16 18 42 36 48 28 52 67 64 69 32 43 60 72 15 79 66 14 68 96 30 49 82 34 45 50 1 87 35 59 85 5 31 37 51 53 57 62 38 44 3
40 11 19 5 13 60 21 24 49 52 76 85 55 56 41 74 14 75 26 39 45 66 96 67 31 69 58 16 97 72 91 92 22 25 51 4 71 87 9 10 98
12 24 35 43 40 47 94 31 5 58 42 49 50
6 6 8 17 30 38 51
4 16 29 22 12
42 5 10 30 47 49 56 77 12 18 83 84 89 57 19 94 97 3 22 98 25 35 44 79 1 91 31 54 14 53 16 60 62 74 86 7 36 55 66 24 68 32 45
31 27 39 62 42 92 61 12 66 22 68 23 13 90 34 54 46 7 41 52 64 35 81 70 4 85 24 37 18 38 9 45
44 14 38 34 44 13 50 64 15 47 17 71 89 49 54 60 84 92 95 6 25 75 46 98 57 63 20 8 93 28 96 16 21 30 56 58 40 65 66 52 69 73 82 18 23
14 6 10 41 28 50 18 34 75 32 69 7 9 24 53
24 41 42 18 59 71 79 4 25 16 48 12 80 62 23 5 8 35 73 10 19 95 70 96 76
10 12 16 3 38 4 44 10 26 47 52
9 3 16 19 24 53 41 42 54 56
6 9 15 19 28 30 45
11 1 43 45 5 63 6 30 13 72 28 92
24 16 28 39 53 7 82 57 58 60 96 12 97 33 43 18 45 51 54 56 3 24 69 27 68
2 19 32
4 1 11 12 34
41 2 3 27 33 9 24 55 36 54 59 12 84 6 26 40 25 51 68 82 31 53 44 81 89 52 75 96 34 10 43 67 48 56 65 97 83 22 20 93 28 23
37 1 6 26 33 53 65 7 9 61 10 27 45 2 58 39 81 74 13 91 37 50 40 99 41 51 63 14 36 66 48 76 97 4 17 20 64 85
45 5 18 29 49 63 65 31 11 66 92 54 74 70 84 76 14 80 47 2 55 93 38 43 81 1 48 97 6 32 12 61 50 69 78 7 19 16 85 42 71 62 83 9 15 79
43 8 9 37 61 73 74 29 75 81 92 33 46 67 40 78 27 90 93 34 32 56 64 47 42 99 76 53 18 19 85 4 10 63 25 79 12 59 77 44 97 54 88 11
9 28 39 15 50 66 16 35 47 25
2 13 23
9 25 42 43 35 58 37 28 79 48
23 55 4 30 38 12 64 66 89 27 21 68 80 13 88 16 24 90 39 77 93 37 41 59
20 17 21 25 13 29 62 64 68 48 71 5 82 89 51 92 74 78 87 94 7
6 2 9 15 14 32 35
27 10 45 47 24 78 48 50 44 67 71 41 90 94 5 8 27 32 43 96 30 51 22 55 14 23 69 97
15 1 6 17 31 80 32 10 35 40 60 64 70 77 12 4
42 11 22 39 12 48 19 72 91 33 47 58 92 6 20 71 74 30 53 13 61 79 63 5 14 50 3 68 7 16 70 18 77 78 4 25 27 28 35 41 9 43 51
34 10 17 27 36 42 47 63 64 67 78 80 92 16 30 81 49 94 56 97 57 13 32 44 61 38 45 75 83 4 48 3 71 8 25
46 17 62 30 64 68 76 78 98 27 44 53 24 87 88 4 31 37 89 46 9 12 47 55 79 48 52 80 13 16 3 19 25 26 29 59 72 14 85 94 11 15 51 66 40 82 32
50 1 10 24 39 22 78 28 37 63 3 64 27 38 41 97 61 53 81 54 73 12 74 29 42 85 6 43 83 88 89 11 16 21 30 44 93 48 2 25 31 52 58 13 14 55 67 32 5 56 57
31 3 28 44 88 35 40 11 62 47 15 26 48 49 58 69 21 90 92 37 52 1 72 57 10 5 85 7 93 6 17 36
98 99
0 0 0 0 0 0 1 0 0 0 0 0 0 1 0 0 0 0 0 0 0 0 0 1 0 1 0 0 1 0 0 1 1 0 3 0 0 3 0 1 1 0 2 1 0 0 0 3 0 1 3 0 2 3 0 2 2 1 1 3 3 1 5 1 1 1 1 1 3 2 0 3 2 1 3 1 3 0 0 0 2 2 2 1 1 2 1 3 2 3 1 0 1 2 0 2 0 0 2
10 4 5 46 55 27 70 40 71 18 44
32 4 7 29 48 10 63 26 66 35 16 88 94 37 43 32 65 93 33 57 83 96 27 98 22 30 51 64 68 28 77 80 53
3 6 41 63
50 5 11 38 62 23 30 58 59 70 71 2 6 92 32 48 12 33 61 50 60 65 3 72 63 88 7 27 43 46 95 51 76 49 57 21 41 89 64 35 47 68 93 42 53 55 77 81 18 78 82
34 13 21 41 46 59 6 7 73 37 43 53 17 10 33 8 81 95 98 27 30 5 39 74 89 83 20 35 38 91 12 25 56 70 11
28 1 14 16 17 60 11 26 32 66 67 7 21 69 83 6 34 45 96 65 64 72 84 13 76 33 55 91 18
46 1 36 38 53 17 18 21 13 37 44 47 50 60 7 64 69 48 70 23 33 28 82 31 89 99 55 72 78 19 26 83 12 52 42 58 20 96 22 27 14 32 73 9 39 40 43
25 3 44 54 84 27 98 32 55 79 12 7 45 14 57 88 65 68 71 97 1 78 83 6 8 10
32 1 17 21 27 33 8 37 91 4 40 42 51 78 6 7 12 84 92 18 28 54 39 64 65 83 5 15 9 45 46 35 11
45 6 45 63 15 46 65 5 79 9 99 35 40 14 26 43 2 52 90 3 12 71 4 78 10 39 27 85 93 32 41 91 59 8 34 95 98 11 21 54 58 7 89 1 96 24
19 18 5 35 47 52 53 9 73 78 70 79 13 84 20 15 89 36 40 54
25 19 25 26 34 42 6 20 47 63 65 3 75 23 90 69 77 81 29 88 50 87 91 7 11 92
28 5 28 37 49 3 68 60 40 76 52 66 59 7 16 32 62 55 94 64 34 65 2 54 17 71 87 22 36
44 3 18 6 76 24 87 55 56 67 39 72 77 86 32 45 31 51 40 69 84 25 41 99 52 13 14 7 70 19 73 74 79 34 36 38 94 27 44 78 50 66 82 33 85
31 35 39 41 4 60 67 68 22 45 83 29 36 59 90 55 79 65 10 98 12 99 15 19 33 25 66 73 72 3 77 81
22 5 11 29 35 38 44 49 73 79 13 18 25 46 67 82 4 6 91 55 95 26 27
38 26 68 13 70 9 88 92 15 16 19 94 3 38 56 62 71 57 39 93 60 96 41 47 83 49 79 21 36 81 42 95 40 85 29 45 30 48 52
22 32 38 36 59 6 12 13 61 34 77 55 46 19 28 52 91 98 43 42 56 60 69
29 23 39 20 46 50 19 57 70 80 33 61 96 65 13 49 24 54 79 25 2 76 38 17 43 51 78 1 71 5
29 7 34 46 2 47 27 66 19 76 79 24 48 75 71 87 13 96 93 23 21 72 49 55 68 70 18 86 90 95
11 10 2 9 13 23 76 89 90 46 53 33
44 14 19 24 29 30 31 35 45 52 11 57 39 60 66 3 8 25 64 26 84 40 43 2 5 47 71 27 93 72 96 48 97 82 17 38 87 21 22 98 59 56 67 4 9
11 6 7 23 30 73 78 85 41 86 57 90
46 2 4 16 20 27 50 54 45 64 83 34 38 85 63 28 91 95 41 51 33 53 5 7 74 49 61 23 98 24 14 72 12 26 89 29 3 31 71 60 79 1 70 46 76 78 57
32 16 56 57 31 61 81 54 9 91 7 38 41 64 22 42 46 55 97 93 68 75 3 27 84 35 74 88 29 94 36 8 76
30 14 34 9 35 17 24 10 49 55 32 58 82 39 6 41 81 29 31 84 44 12 46 68 98 33 71 60 75 94 21
3 36 45 3
16 8 18 34 7 84 13 91 3 38 43 11 98 22 72 30 49
23 6 10 15 9 17 43 21 47 25 53 60 19 48 34 42 49 64 76 83 59 70 71 77
11 13 21 23 33 4 58 60 80 43 76 77
41 26 43 21 56 61 16 78 67 77 88 99 17 28 47 49 32 86 19 33 91 87 46 93 23 45 58 71 75 92 96 24 10 35 34 83 38 51 95 5 54 9
39 12 57 62 93 4 46 94 53 60 95 42 5 59 69 73 79 13 78 86 89 3 8 92 52 99 11 37 38 40 72 84 14 18 19 87 2 96 32 15
25 14 38 2 7 29 49 70 44 4 18 45 54 95 26 71 36 43 1 52 33 80 81 85 87 90
17 9 26 35 44 45 54 66 18 41 73 77 87 47 89 48 99 65
46 2 21 46 50 6 64 5 63 45 62 72 79 1 16 85 94 51 97 56 58 73 15 31 88 89 3 8 90 22 48 14 71 25 84 44 11 26 93 13 23 29 65 82 9 36 30
39 9 29 41 50 1 6 20 53 55 2 70 27 71 5 52 60 51 15 73 69 58 22 76 77 86 30 32 4 49 63 28 93 36 43 79 18 42 83 46
46 2 32 46 55 67 37 84 61 70 76 91 96 4 97 31 18 52 98 3 41 85 90 13 33 47 56 68 72 1 74 15 77 80 20 22 27 86 40 30 53 8 45 60 65 11 75
5 2 29 41 66 12
40 14 30 24 20 39 1 89 41 51 36 65 18 92 27 63 76 16 71 59 79 52 61 81 97 9 93 69 72 35 50 57 85 91 10 90 17 98 23 40 48
31 17 72 90 5 94 52 39 26 36 55 65 62 19 70 33 97 27 59 64 57 20 69 81 76 83 86 88 1 2 74 14
49 26 40 8 83 79 97 27 99 36 61 84 20 33 50 35 58 38 62 71 32 77 22 67 69 95 31 34 53 57 85 13 44 56 73 91 94 14 18 19 21 52 70 66 16 78 80 24 55 81
35 5 43 6 9 37 34 57 60 69 70 76 87 30 20 17 67 84 48 53 78 74 81 85 92 31 39 32 47 52 66 14 56 35 93 2
8 3 4 8 6 75 35 30 85
47 16 23 32 37 24 86 88 28 30 50 10 38 22 77 29 45 3 59 12 73 75 21 26 48 51 53 17 61 81 63 65 74 8 49 15 76 1 40 79 85 87 14 25 36 42 44 60
14 17 25 31 19 39 55 76 77 32 18 27 16 36 63
49 2 5 26 10 13 58 68 47 80 9 14 27 31 16 45 48 55 83 17 21 70 84 32 95 34 54 30 35 91 39 43 50 52 56 7 82 23 51 24 78 3 22 41 92 20 36 62 38 73
19 6 9 22 37 67 59 66 70 3 82 43 86 26 42 38 47 92 35 8
45 9 25 28 30 3 51 67 17 8 14 83 45 46 91 36 55 66 73 19 75 76 85 37 79 64 11 86 99 6 1 81 77 84 12 20 41 42 61 93 56 50 21 63 26 68
23 7 14 19 22 32 13 56 34 73 46 74 80 3 31 67 38 79 90 41 72 75 8 58
11 54 27 61 63 20 75 45 84 85 7 13
20 9 11 20 23 4 15 30 39 6 34 42 53 71 77 78 7 88 93 98 10
41 18 9 25 11 12 46 60 65 66 81 85 17 59 13 43 47 90 54 70 74 8 15 89 57 35 39 52 58 29 64 67 28 32 51 71 80 99 38 20 98 69
31 42 58 1 59 71 29 38 90 47 41 60 96 2 78 26 82 51 62 20 22 28 72 65 9 88 24 30 25 31 36 40
0
20 9 20 38 50 59 7 76 8 90 35 41 10 42 45 58 87 25 32 36 47
30 5 15 30 9 40 1 39 47 53 10 59 66 62 4 8 19 24 58 73 75 17 26 80 28 22 85 46 23 55 6
34 17 37 31 51 18 58 83 9 56 11 42 60 66 59 23 61 67 70 80 16 90 21 92 41 6 40 62 5 77 15 25 38 94 12
23 3 18 33 59 64 6 53 68 32 5 82 57 65 71 78 92 22 56 62 70 73 74 37
42 5 12 43 76 4 86 6 94 34 15 97 41 21 23 25 42 20 40 45 30 70 37 11 82 87 53 92 55 61 28 29 38 58 59 72 68 95 89 19 69 71 3
5 10 6 13 1 20
33 19 6 14 49 42 54 64 56 66 69 76 40 57 63 15 78 84 16 22 81 5 7 92 50 88 53 85 99 23 31 90 93 1
11 2 31 13 45 30 74 56 17 24 72 1
25 11 23 88 30 31 16 90 14 22 27 32 24 43 53 55 8 61 92 42 54 9 65 21 66 70
24 47 50 23 61 5 13 14 62 70 91 17 18 37 39 41 53 63 11 43 56 31 74 1 75
34 12 14 39 67 46 68 20 59 69 26 72 91 31 40 48 60 27 77 61 34 53 66 70 15 85 29 35 51 37 87 49 93 5 50
12 32 15 86 20 23 89 38 3 44 67 81 9
39 1 8 14 15 26 20 34 46 82 27 36 54 29 61 90 77 35 72 84 49 52 94 11 25 86 45 40 55 19 58 24 33 44 48 65 9 50 69 41
5 4 5 9 67 8
7 18 40 6 14 16 41 50
50 8 26 27 33 34 3 20 28 37 30 36 65 75 25 76 35 45 89 9 50 66 10 72 78 88 2 90 96 17 21 24 43 52 19 55 49 74 77 5 81 91 94 15 38 40 14 18 44 42 99
36 4 5 64 6 10 74 77 15 16 18 42 43 25 27 40 56 57 29 19 58 75 81 28 2 34 9 35 50 53 63 78 87 79 97 99 30
44 20 9 30 57 75 68 28 44 49 56 70 94 73 3 46 36 76 1 87 98 25 7 27 55 35 67 21 89 31 69 10 22 79 84 8 37 93 11 65 12 54 38 52 61
41 3 26 15 52 60 11 69 44 75 50 20 67 85 97 27 98 9 89 72 10 12 74 77 78 29 70 47 57 88 6 76 94 30 22 34 86 96 7 1 31 43
17 31 40 17 42 41 44 46 13 52 60 8 71 99 11 23 26 67
17 6 10 35 57 44 67 70 16 47 78 80 2 27 84 12 52 62
47 27 37 43 45 3 72 67 73 76 77 32 69 2 98 74 46 81 53 24 64 42 47 40 70 86 41 9 34 50 71 19 60 28 68 57 26 88 93 10 23 6 13 29 38 63 84 95
39 13 20 24 41 66 52 74 10 97 78 28 40 27 91 35 58 99 8 9 63 67 12 95 15 19 22 26 21 38 25 55 86 1 18 59 83 7 42 16
36 6 15 22 45 53 95 19 20 30 35 37 98 47 41 46 52 13 16 57 17 73 7 11 84 94 26 43 51 10 63 61 64 18 75 31 44
16 7 6 27 30 10 41 66 79 38 48 35 70 96 74 3 91
18 15 23 26 45 51 60 71 7 76 52 10 14 11 27 93 31 43 64
25 35 45 17 64 85 57 9 39 87 79 86 91 20 49 59 69 18 82 30 89 16 42 47 67 74
18 25 42 5 6 12 14 34 41 49 59 38 61 65 31 68 98 2 23
11 1 16 12 38 53 25 37 30 68 77 46
28 25 28 38 52 20 59 24 2 44 51 75 4 92 94 27 98 31 36 37 48 72 83 23 91 7 17 41 56
21 3 4 13 16 5 15 24 27 31 33 49 10 20 14 18 66 71 6 80 11 8
21 10 4 38 50 32 40 75 46 89 51 11 14 97 35 37 70 99 36 31 47 59
42 25 36 39 69 2 10 37 40 41 83 21 65 55 70 80 35 92 28 9 56 20 76 3 33 82 87 44 11 96 34 6 47 46 50 57 51 53 61 85 81 97 1
37 14 51 67 21 68 85 98 28 45 70 7 77 76 32 94 13 46 91 29 33 1 41 26 38 73 58 4 40 43 34 36 18 84 86 89 53 23
41 10 16 9 18 31 37 38 39 46 8 51 63 22 2 27 4 5 35 57 68 81 40 93 95 34 49 43 6 64 72 73 75 56 77 92 97 48 53 79 58 82
23 17 19 8 34 15 49 50 75 64 82 24 33 7 63 87 77 1 40 52 57 37 69 47
49 23 54 65 90 20 73 18 53 68 81 5 82 86 88 10 28 39 55 61 41 70 72 77 31 85 89 92 45 96 22 49 58 75 67 94 14 76 21 95 16 32 33 34 48 84 15 52 97 2
20 7 32 27 28 93 40 3 5 48 8 49 64 52 61 62 65 13 67 72 81
28 8 31 45 46 50 47 68 2 32 10 70 17 33 57 78 35 61 94 55 41 63 48 58 60 82 84 3 18
20 13 22 33 1 3 34 32 40 45 63 6 71 80 82 86 90 76 12 9 91
8 3 4 6 18 34 40 64 75
17 21 25 29 33 35 39 51 23 52 11 43 65 32 55 87 44 79
9 19 31 37 15 21 33 56 63 86
19 17 24 28 29 22 34 72 79 84 99 25 36 35 93 60 15 94 23 55
