1
498 500
0 0 0 0 0 0 0 0 0 0 0 0 1 0 0 0 0 0 0 1 0 0 0 1 0 0 0 0 0 1 0 0 1 0 0 0 0 0 0 0 1 0 0 0 0 0 0 0 1 0 0 1 0 0 0 0 0 0 0 0 0 0 0 0 0 0 0 0 0 0 1 0 1 0 0 1 2 0 1 0 0 0 0 0 0 0 0 1 0 0 0 0 0 0 0 0 1 0 1 1 1 2 0 0 1 0 0 0 0 0 1 0 0 2 0 1 1 1 0 0 1 0 2 0 0 1 1 0 0 2 0 0 0 0 0 3 1 0 2 0 1 3 0 0 0 1 0 0 1 0 2 0 0 0 0 1 2 3 0 1 1 0 3 0 1 0 2 0 0 1 0 1 0 0 1 0 1 0 1 0 0 0 0 0 1 1 0 1 0 0 1 1 1 0 1 1 2 1 2 0 0 1 0 0 0 1 0 1 2 1 1 0 0 0 0 0 1 1 1 0 2 1 1 0 1 0 0 1 3 0 1 2 1 0 2 1 0 1 0 0 2 1 0 0 1 3 2 0 0 2 0 2 1 0 0 2 0 1 0 1 2 2 0 0 0 1 0 1 1 1 1 1 1 0 0 0 2 1 2 2 1 1 0 0 1 1 2 0 2 0 2 1 2 0 1 1 6 4 0 1 1 2 0 1 1 1 1 1 1 1 2 1 1 1 0 0 1 0 2 1 0 1 1 1 1 1 2 2 2 0 3 0 2 1 2 2 1 2 0 1 3 2 1 3 0 0 1 3 3 1 1 1 3 0 3 1 2 1 1 1 0 1 0 3 3 1 4 1 0 3 0 2 2 1 0 4 3 3 4 0 1 2 3 5 1 0 2 2 0 1 2 2 2 0 2 2 1 3 0 4 2 4 0 3 1 3 0 2 2 5 0 1 0 2 2 4 3 1 2 1 0 3 3 0 0 1 7 3 0 1 2 0 1 0 4 0 3 5 1 3 2 0 3 1 4 4 1 1 1 3 3 0 1 2 2 2 1 3 1 3 1 2 3 2 3 2 2 2 2 1 0 3 1 3 2 1 1 2 2 1 3 2 1 2 0 1 2 1 1 2 2 2 1 3 1 3 2 1 4 0
1 88
0
0
0
2 118 186
3 44 55 90
1 1
0
2 69 116
1 23
0
2 272 250
3 24 56 66
3 123 268 127
2 176 179
3 57 40 271
3 40 88 151
3 31 60 88
3 15 39 43
1 7
1 145
0
1 89
1 19
1 69
3 39 224 244
0
0
2 319 332
2 86 153
0
1 131
2 179 237
3 111 120 38
2 71 88
0
1 105
0
3 204 215 160
0
0
2 328 331
3 19 25 73
1 81
0
3 202 36 219
0
3 77 155 183
2 20 27
0
2 219 318
2 24 1
1 94
2 158 182
2 65 84
0
1 73
3 123 139 230
0
1 151
0
2 17 65
0
0
1 32
1 28
3 24 33 153
2 23 37
3 10 82 26
1 174
3 21 104 113
1 10
3 46 22 217
3 4 29 80
3 21 101 179
2 162 19
0
0
0
2 5 27
3 8 71 173
3 4 97 105
3 1 20 59
1 67
0
1 235
2 274 205
0
0
0
2 63 95
2 12 45
2 36 41
2 34 188
2 14 160
2 33 108
1 54
3 191 223 67
1 306
0
1 30
2 18 35
3 121 171 222
3 53 114 128
3 111 32 145
1 74
2 43 131
1 22
0
3 42 62 142
1 4
3 105 171 421
2 25 78
0
2 25 85
3 47 93 73
1 93
1 86
3 109 124 187
3 38 45 177
0
1 39
2 7 41
1 115
2 225 15
0
1 114
3 100 116 243
0
0
3 8 14 69
0
3 158 163 96
0
0
1 15
1 177
3 16 62 111
1 99
0
1 21
0
1 8
3 22 52 8
2 75 91
0
0
0
2 105 159
1 18
0
1 12
1 192
1 20
0
1 35
0
1 88
3 7 147 210
3 32 33 175
1 111
0
1 69
1 8
0
0
1 120
0
2 5 38
0
1 6
2 21 115
3 63 96 193
1 243
0
0
0
1 15
3 67 129 153
2 90 171
0
0
0
0
1 76
3 116 217 27
3 223 259 264
3 71 152 15
0
3 173 213 37
0
3 23 186 34
2 23 64
1 61
3 126 199 246
2 91 135
3 2 18 142
3 4 78 22
2 84 241
1 43
1 203
2 24 119
2 118 178
1 16
2 4 201
1 56
1 60
2 25 153
1 21
3 160 268 191
1 115
1 79
0
0
2 46 85
1 49
1 18
2 32 50
2 25 184
1 46
1 46
3 3 44 207
2 8 44
1 46
1 46
1 55
2 46 99
3 79 163 250
3 7 204 17
0
1 343
2 31 38
2 22 214
3 42 112 138
1 55
1 5
2 21 137
3 42 299 20
3 4 88 114
2 152 293
2 29 239
0
2 76 143
0
3 27 55 2
2 72 106
3 119 276 319
1 65
0
2 31 123
2 125 158
2 54 99
0
0
1 333
3 110 41 133
3 7 39 74
2 176 237
1 181
3 251 256 272
1 62
0
0
1 21
2 48 83
0
0
0
2 26 46
0
3 34 59 108
1 32
0
0
1 49
2 50 332
2 16 222
3 30 107 133
0
1 70
0
3 97 99 258
0
1 43
1 45
3 90 123 229
0
1 344
3 36 82 83
2 94 108
2 63 229
1 83
0
3 88 139 189
0
0
2 116 264
3 136 169 41
2 37 239
1 33
1 131
0
1 13
0
1 143
0
2 160 173
0
0
3 81 282 164
3 83 287 146
0
0
1 87
3 4 19 77
0
2 44 33
1 115
2 29 271
1 51
2 190 42
3 115 145 162
3 103 139 176
0
2 118 129
0
3 87 116 201
1 5
2 176 323
3 3 233 154
3 64 286 329
1 80
1 36
2 89 131
0
0
0
0
2 2 17
0
2 16 34
0
3 55 150 249
3 62 70 121
3 41 50 109
0
1 202
3 38 241 243
2 15 35
0
3 60 64 49
2 35 107
0
2 88 119
0
0
2 58 145
3 27 37 129
2 45 321
3 6 188 260
2 62 258
2 22 59
0
0
1 156
3 25 181 47
1 72
2 38 50
2 41 43
1 62
0
3 76 122 238
3 56 31 90
2 126 204
2 143 4
0
0
3 257 50 71
3 118 127 180
3 155 166 224
1 6
3 21 90 157
0
3 69 99 87
0
3 100 292 307
2 12 14
2 87 124
2 138 148
0
0
3 56 77 169
2 111 165
3 3 130 53
2 133 282
1 72
3 33 101 202
1 43
3 124 135 138
1 14
1 221
1 1
3 54 55 67
0
2 191 192
2 110 22
3 157 182 226
0
3 71 114 11
1 42
1 43
1 46
0
3 39 76 165
0
2 14 219
3 86 205 281
2 28 44
1 46
2 37 70
2 13 104
0
3 12 91 222
2 6 29
1 13
3 68 86 101
3 41 127 184
1 7
2 168 333
1 29
1 90
2 24 44
3 265 310 102
1 10
0
0
3 100 71 204
1 287
0
1 118
0
1 51
2 57 88
3 131 226 247
2 172 260
3 228 268 296
0
3 7 25 79
0
2 338 352
2 9 255
0
3 25 31 149
0
1 112
2 10 39
1 20
1 8
1 196
2 32 42
3 61 111 166
1 49
1 46
1 13
2 30 131
2 26 155
1 23
3 44 97 131
1 250
3 54 79 172
2 30 204
2 14 163
1 22
0
1 6
3 166 204 215
0
2 51 65
2 158 324
3 82 242 289
2 3 252
1 28
2 37 45
3 8 159 179
0
3 282 287 337
0
2 9 48
2 3 183
1 57
2 72 34
2 40 125
2 49 116
3 84 160 198
0
2 174 181
3 121 155 214
0
