1
500 498
2 0 0 1 1 1 0 0 0 0 1 1 2 2 2 0 1 0 0 0 1 1 1 0 1 1 2 2 2 1 1 0 4 3 1 1 1 1 0 3 0 3 3 1 2 1 0 2 3 2 0 2 0 0 0 1 1 1 0 2 4 1 0 1 1 1 1 3 1 0 0 1 1 2 2 4 1 1 1 0 0 2 2 1 2 1 1 1 0 0 2 0 0 1 0 0 1 1 1 1 0 1 0 0 1 2 1 1 1 2 2 4 2 0 0 0 0 1 1 0 1 4 1 3 0 2 0 3 0 1 1 1 0 4 0 1 1 3 2 0 0 1 0 1 1 1 2 1 3 0 2 0 1 0 1 1 2 0 1 0 1 0 1 1 0 1 0 0 0 2 2 2 1 1 0 0 0 0 0 0 0 1 0 1 0 2 2 0 1 2 0 0 2 0 0 0 2 3 1 1 2 2 2 0 1 1 1 0 5 2 1 1 1 0 1 0 2 1 1 2 2 0 2 0 2 2 2 1 2 1 0 0 1 0 2 0 2 1 1 0 1 1 0 0 1 2 0 3 0 500 500 500 500 500 500 500 500 500 500 500 500 500 500 500 500 500 500 500 500 500 500 500 500 500 500 500 500 500 500 500 500 500 500 500 500 500 500 500 500 500 500 500 500 500 500 500 500 500 500 500 500 500 500 500 500 500 500 500 500 500 500 500 500 500 500 500 500 500 500 500 500 500 500 500 500 500 500 500 500 500 500 500 500 500 500 500 500 500 500 500 500 500 500 500 500 500 500 500 500 500 500 500 500 500 500 500 500 500 500 500 500 500 500 500 500 500 500 500 500 500 500 500 500 500 500 500 500 500 500 500 500 500 500 500 500 500 500 500 500 500 500 500 500 500 500 500 500 500 500 500 500 500 500 500 500 500 500 500 500 500 500 500 500 500 500 500 500 500 500 500 500 500 500 500 500 500 500 500 500 500 500 500 500 500 500 500 500 500 500 500 500 500 500 500 500 500 500 500 500 500 500 500 500 500 500 500 500 500 500 500 500 500 500 500 500 500 500 500 500 500 500 500 500 500 500 500 500 500 500 500 500 500 500 500 500 500 500 500 500 500 500 500 500 500 500 500 500 500
42 29 191 18 230 221 132 21 164 3 64 37 20 232 136 169 236 5 244 52 41 103 98 93 175 153 30 84 157 242 111 87 144 187 174 14 26 147 66 17 100 235 201
42 22 247 124 167 90 36 229 122 137 119 166 175 182 232 41 218 223 23 204 212 56 32 65 199 214 141 92 87 144 5 126 88 233 68 34 191 79 165 39 21 2 238
15 156 152 208 82 151 219 113 21 79 220 77 149 190 223 62
26 56 71 129 95 115 166 143 43 8 223 155 206 109 248 193 192 48 194 82 210 209 69 5 208 97 2
19 98 64 43 49 208 185 120 173 193 233 63 237 55 116 34 194 103 218 246
27 142 230 210 117 136 102 143 150 138 172 72 229 40 69 4 174 133 23 107 152 68 124 211 194 105 112 217
37 27 22 69 198 86 35 81 124 23 48 73 60 38 221 141 94 126 26 234 228 14 84 37 194 197 191 177 77 11 70 28 18 207 169 71 203 130
18 66 138 34 37 234 182 118 44 27 198 140 8 16 133 12 6 17 199
28 203 93 178 2 160 139 100 3 219 1 156 92 63 243 24 162 106 232 54 67 185 120 244 172 103 107 130 179
48 241 238 172 131 54 143 47 212 190 224 45 160 243 113 12 106 204 178 109 158 9 240 66 30 137 189 67 108 55 58 191 77 144 150 88 242 65 134 167 248 95 105 98 151 249 83 239 184
4 127 219 6 233
39 122 116 246 35 231 67 57 177 223 54 141 18 70 207 101 124 185 190 135 7 179 38 46 79 220 184 125 248 127 11 109 205 195 126 62 136 58 40 198
38 158 164 135 177 114 199 59 178 179 10 18 132 190 82 92 233 227 136 90 139 192 71 21 228 157 201 30 79 249 211 193 226 146 119 210 145 116 108
40 46 214 77 56 117 67 111 104 196 34 101 28 231 219 73 124 113 45 186 47 21 151 162 224 102 163 125 123 152 7 160 68 235 157 200 155 247 234 32 88
37 91 246 125 36 147 130 71 178 9 211 15 74 222 227 42 132 194 142 8 188 11 40 72 163 13 129 86 183 248 219 240 203 92 141 158 153 234
25 152 145 50 100 83 234 155 193 7 15 61 226 68 163 110 237 122 242 142 114 31 18 192 69 77
47 54 193 132 98 96 37 126 13 113 86 217 38 152 229 220 145 72 69 140 215 8 112 244 68 105 10 136 124 153 77 223 89 203 21 154 17 225 142 234 248 134 151 210 29 83 171 198
41 59 77 226 40 132 6 129 192 111 32 49 202 170 144 126 10 43 172 9 46 168 163 171 210 197 15 35 58 183 34 209 234 53 94 237 36 148 88 235 173 44
14 21 179 218 105 84 59 41 138 169 213 166 197 63 181
16 22 57 24 202 242 65 66 12 233 77 230 167 1 221 96 217
19 70 202 125 56 134 177 92 130 4 18 195 54 87 7 232 44 12 122 116
45 63 80 16 160 58 34 158 76 216 92 51 129 231 166 19 193 151 196 97 52 236 241 50 213 245 192 165 44 144 163 194 122 13 56 243 244 152 212 170 133 242 17 239 180 211
45 214 35 45 114 48 73 58 170 80 113 71 12 153 165 148 53 147 6 169 102 47 225 27 231 5 55 238 151 103 177 97 229 50 198 20 164 234 141 51 232 81 123 157 22 226
6 116 205 165 99 217 49
46 10 89 166 120 74 194 176 37 199 164 100 103 57 174 213 46 172 229 193 197 135 245 151 224 137 168 241 146 246 126 107 227 138 16 225 148 95 111 189 71 217 33 231 122 214 66
38 95 40 76 4 163 127 54 155 115 222 144 179 51 174 2 14 67 136 238 200 85 64 72 143 37 121 10 215 219 198 201 112 217 227 154 117 170 74
18 108 9 202 83 206 150 12 208 118 54 152 37 164 61 130 235 135 50
3 34 54 36
30 51 226 209 32 74 103 85 13 48 231 142 97 123 27 40 45 18 193 132 141 187 149 37 210 242 127 121 232 49 83
28 89 223 119 207 155 163 3 140 137 2 58 5 181 69 166 183 206 46 72 178 76 171 219 26 112 6 49 160
18 175 42 145 155 172 213 48 40 49 240 62 200 127 68 118 8 113 16
49 72 160 224 225 151 161 45 185 165 176 222 141 203 15 96 128 189 152 31 140 204 83 212 90 148 193 196 51 223 46 57 184 163 248 183 71 88 126 121 195 173 52 19 137 172 40 99 133 147
23 229 220 47 140 54 40 120 199 127 41 167 5 151 30 189 126 88 128 74 203 136 179 228
11 89 37 133 12 134 238 220 55 239 99 164
0
1 66
45 196 54 61 46 65 166 220 163 249 209 85 200 154 102 104 184 26 38 20 232 80 176 238 13 79 240 45 229 171 40 222 111 160 132 150 81 194 133 34 113 10 35 142 28 190
39 82 214 228 120 171 197 167 48 98 208 51 113 119 150 189 18 246 54 59 66 125 142 180 77 72 61 6 62 128 4 122 36 90 181 12 222 136 206 126
24 94 123 207 170 1 142 26 137 136 8 7 106 3 202 32 21 206 120 101 146 210 55 82 20
38 234 87 195 176 31 134 47 140 211 55 97 23 131 124 248 184 227 139 135 117 91 166 157 29 85 235 181 230 206 57 11 156 99 15 154 159 94 19
39 122 195 209 76 128 106 56 190 21 148 228 161 51 166 144 175 73 82 224 249 67 158 132 72 240 19 68 90 57 23 58 31 37 120 16 28 115 118 140
3 35 69 218
15 93 132 235 198 98 137 249 50 85 218 135 8 154 229 88
22 47 50 79 149 156 168 84 181 210 134 55 101 246 11 224 203 222 74 87 65 116 243
50 2 100 73 109 160 219 249 205 223 210 208 58 82 139 30 248 65 185 95 61 209 71 176 147 173 85 220 88 131 229 202 166 135 143 190 83 16 228 33 168 52 197 177 198 111 55 114 148 45 233
40 208 116 170 201 104 198 194 65 53 90 243 58 35 168 130 129 144 224 126 22 150 79 132 82 166 161 84 134 237 160 197 40 162 91 165 226 139 209 123 140
37 127 95 128 141 67 25 240 77 85 239 186 90 105 152 3 185 54 205 156 91 97 227 151 76 171 13 233 123 247 110 68 86 71 75 107 248 211
18 46 67 33 239 198 68 138 100 107 188 180 85 151 94 129 187 10 125
8 88 210 195 198 150 188 165 125
44 10 33 83 87 211 234 146 28 181 68 102 132 72 126 180 65 113 71 133 164 50 136 98 154 217 86 225 12 220 51 79 11 215 29 36 59 76 85 162 25 232 89 175 169
6 2 229 94 200 187 77
17 68 69 2 114 35 127 58 23 208 11 175 197 133 96 131 108 225
46 47 130 11 59 203 201 138 190 60 184 173 54 80 158 216 104 111 106 236 221 20 77 76 248 116 142 53 243 88 21 172 145 249 74 136 202 227 146 57 17 209 239 194 6 182 204
4 35 73 39 43
41 5 234 155 15 108 228 198 178 192 27 18 200 11 238 21 182 248 152 243 223 69 63 199 13 110 117 45 99 1 68 106 42 82 163 121 142 101 118 103 56 146
42 103 127 30 1 89 142 180 134 194 248 26 112 54 159 216 9 239 232 191 245 179 93 209 136 213 110 149 35 229 23 235 82 168 28 15 108 170 184 117 196 177 84
13 144 76 141 16 28 92 172 62 26 159 120 74 236
39 119 243 128 19 27 61 107 57 229 56 44 45 97 106 41 64 232 249 247 20 79 16 99 69 72 93 210 38 65 212 172 143 171 105 3 209 91 152 92
44 21 90 199 189 97 99 113 92 139 204 17 39 25 107 72 18 103 59 174 62 162 7 200 64 108 11 194 67 215 229 239 61 127 192 240 177 159 218 225 47 231 71 150 165
42 28 78 56 61 110 170 65 155 171 5 231 154 218 151 150 101 108 89 64 58 213 192 139 217 216 145 242 147 203 27 190 93 166 159 136 90 49 146 131 36 167 238
38 189 213 45 192 143 44 51 248 75 122 225 7 29 142 151 226 76 118 182 14 5 41 237 190 158 129 96 50 215 94 3 98 32 103 2 249 111 56
35 127 158 128 219 82 105 106 111 53 143 39 132 21 84 211 50 146 173 68 202 196 189 10 16 130 154 95 244 134 71 100 241 61 179 123
16 30 13 152 149 95 94 213 23 155 153 147 244 170 43 22 190
30 100 226 166 134 128 202 207 224 162 32 238 190 53 189 206 117 80 201 30 11 158 249 59 185 246 43 146 177 3 155
36 152 21 17 177 12 175 70 246 171 10 151 3 165 71 38 200 89 112 51 206 229 222 78 144 237 47 1 223 8 67 239 80 9 137 92 41
19 27 133 144 96 117 162 9 213 44 235 106 230 73 201 125 147 128 31 53
34 5 50 83 8 29 191 10 183 218 111 169 89 42 197 137 104 87 211 3 244 57 95 164 46 229 120 225 36 80 64 154 24 159 70
17 229 42 135 19 78 204 182 67 227 133 175 222 6 47 174 168 96
28 89 144 130 77 220 49 61 173 78 99 50 177 170 221 9 185 166 223 190 39 21 101 158 29 207 161 54 222
25 219 28 114 226 247 102 62 6 171 134 43 158 161 135 189 237 95 86 198 148 107 121 243 37 138
20 146 180 8 170 196 3 209 45 139 101 1 214 2 73 117 92 10 113 20 60
0
30 166 85 120 149 243 48 10 90 222 132 63 235 134 139 121 249 5 59 122 233 92 108 84 182 93 124 176 237 205 221
14 143 200 245 230 145 124 181 82 128 44 64 120 149 93
2 106 144
16 36 219 205 103 78 110 129 155 15 5 149 239 93 246 118 49
33 86 26 198 93 167 75 128 177 102 221 204 7 133 67 163 165 164 28 82 148 248 15 29 31 122 70 63 247 200 170 130 168 214
19 131 207 45 13 210 122 73 218 248 61 245 10 130 64 249 2 147 26 139
7 22 188 32 123 119 41 4
18 237 59 41 48 133 92 58 81 75 115 180 45 86 119 110 148 107 37
49 55 212 50 172 146 142 70 122 184 163 117 238 85 208 6 40 10 153 91 41 222 27 219 61 128 204 205 213 65 16 45 28 151 74 84 64 76 152 1 236 81 137 57 220 36 113 4 87 149
8 59 24 94 179 139 82 55 163
30 102 28 154 205 42 19 97 51 198 53 233 16 109 72 161 77 223 26 124 112 183 229 101 91 209 181 249 41 151 194
41 72 115 134 69 59 155 1 49 239 124 145 11 199 133 154 238 6 47 2 137 233 26 31 214 160 58 57 28 53 240 167 228 107 203 14 80 128 166 37 174 78
31 47 92 211 135 6 145 109 188 99 175 190 91 38 141 248 57 66 176 235 227 61 25 204 140 67 151 113 177 239 171 222
46 164 145 23 220 197 179 27 157 73 4 7 37 243 75 71 100 50 19 246 108 47 43 165 122 234 192 78 170 131 86 95 159 6 188 57 146 118 202 211 130 85 229 84 8 60 180
50 5 82 64 80 138 6 125 112 40 180 220 69 184 32 42 38 196 4 103 137 198 114 86 120 212 179 134 123 219 163 73 201 107 202 58 146 175 23 119 153 225 96 226 172 227 222 68 145 150 47
25 31 140 249 164 149 29 203 10 79 83 198 25 147 92 51 12 102 39 129 59 215 128 120 214 146
29 234 224 225 30 240 112 88 103 123 15 145 23 115 70 223 215 242 211 237 154 152 94 200 166 57 64 52 206 176
6 47 66 164 191 32 91
6 68 76 42 227 164 196
16 192 5 14 196 79 103 78 203 72 100 101 183 205 73 127 74
44 103 190 38 189 39 180 1 126 201 73 184 137 242 125 200 237 18 14 221 198 59 153 98 21 74 232 196 206 121 6 58 109 118 80 110 210 81 158 172 133 219 60 26 236
23 111 216 162 76 49 5 27 151 18 52 163 45 32 125 56 75 218 1 36 89 231 192 232
6 173 14 113 85 119 129
31 11 226 169 110 35 192 60 115 154 237 230 42 177 18 244 113 176 174 39 243 186 111 77 106 31 216 64 207 182 118 1
9 176 57 234 105 172 91 130 121 211
33 44 247 16 80 66 124 219 29 116 89 108 78 140 246 142 129 143 231 3 111 65 60 10 242 117 67 27 126 202 4 160 100 85
6 128 8 1 195 127 85
33 56 85 212 61 245 178 236 115 175 214 127 105 209 90 249 223 62 165 79 206 29 51 143 7 114 8 196 102 177 2 10 17 200
35 129 57 183 7 139 28 175 42 206 126 84 137 110 239 60 83 140 36 38 200 172 16 229 21 120 123 220 195 82 35 222 56 90 147 106
29 35 168 210 42 103 194 46 113 120 53 133 244 76 10 134 202 140 248 158 30 151 175 74 67 150 172 22 137 220
45 240 62 198 238 187 107 229 81 103 237 9 155 102 177 146 243 127 131 106 210 94 211 63 194 60 88 170 83 53 16 8 96 115 185 11 78 246 244 79 27 215 15 105 168 219
48 102 22 11 245 158 196 64 100 55 37 174 125 142 35 248 224 75 80 208 57 39 151 160 138 107 15 99 144 178 29 26 225 149 161 132 81 227 147 204 169 12 113 30 94 18 209 92 101
18 126 66 209 3 10 134 202 154 156 246 95 84 71 236 206 146 142 195
25 211 124 148 233 154 243 190 134 182 172 142 163 94 13 128 19 199 31 9 82 242 68 77 165 137
42 236 125 126 231 212 84 151 230 127 201 86 179 123 225 50 58 81 4 24 203 176 189 29 235 68 139 35 109 59 116 3 90 108 38 181 63 185 11 114 168 132 51
19 27 244 81 214 233 180 209 138 234 99 199 44 105 185 46 150 212 195 238
47 188 63 190 127 18 181 169 153 59 10 22 84 91 44 226 49 97 47 150 95 220 227 135 176 68 17 215 61 33 105 143 41 57 183 86 249 144 166 212 13 230 98 92 164 23 216 198
20 25 210 202 50 34 239 98 69 127 5 173 167 240 174 226 99 60 139 186 38
43 46 40 117 189 13 108 172 84 7 214 96 92 192 1 6 91 225 63 82 175 208 239 24 103 180 35 22 143 51 134 212 123 247 93 113 49 38 151 30 243 199 227 3
2 86 183
40 158 10 66 225 232 164 141 112 70 71 206 85 107 55 191 195 167 190 99 151 69 160 111 38 45 105 208 154 46 77 119 210 9 223 53 168 1 134 249 145
28 135 198 9 232 121 52 22 7 68 243 142 174 137 238 53 125 113 200 48 248 156 220 225 73 127 79 100 178
40 85 178 1 13 235 158 34 215 6 50 4 36 175 225 155 92 144 195 14 113 40 209 143 20 187 234 146 200 219 177 119 43 183 83 242 163 132 243 193 179
24 153 119 22 188 147 240 37 127 110 62 104 170 204 38 172 46 225 79 165 103 177 238 122 67
34 165 87 28 187 120 200 227 82 198 92 140 9 222 159 169 132 43 216 224 161 25 108 10 151 175 143 125 19 136 41 174 156 238 121
34 16 203 177 7 245 248 217 102 117 72 197 186 165 183 93 220 139 68 192 63 70 231 125 215 106 75 3 62 124 49 131 189 212 126
14 241 104 64 94 23 105 56 35 85 112 185 42 149 182
16 7 220 141 133 165 26 232 231 148 6 5 158 235 191 218 189
37 71 42 161 146 171 37 222 141 27 200 139 190 213 83 100 207 192 199 203 79 25 96 3 210 177 77 193 140 113 225 155 237 34 242 20 159 184
40 29 205 33 193 22 105 201 98 86 231 95 166 125 217 61 208 136 161 248 71 247 129 194 246 115 240 220 221 48 49 28 40 114 51 45 2 26 219 158 199
8 233 153 102 20 158 187 208 151
32 104 145 75 191 26 230 86 43 156 7 223 11 106 197 79 16 97 29 35 249 73 89 84 68 189 246 110 206 65 48 100 121
16 65 37 247 117 186 112 113 243 162 32 104 40 24 53 204 8
42 59 195 241 208 126 175 92 31 100 122 96 169 151 32 188 110 168 196 7 226 228 223 22 12 106 217 203 70 64 144 50 124 123 19 140 24 85 66 244 119 158 86
12 207 223 238 200 147 27 150 23 33 18 36 44
20 10 47 19 241 56 211 191 106 196 221 13 121 93 224 179 122 110 216 8 41
11 100 83 160 97 67 9 139 98 148 146 19
12 117 201 79 40 64 152 213 19 129 38 23 115
33 186 158 193 24 207 117 127 48 224 229 22 20 4 155 37 18 6 166 137 223 130 245 96 225 89 107 92 40 62 189 12 65 177
18 221 102 177 87 64 203 229 45 236 123 18 162 70 35 223 151 112 174
30 230 50 3 124 32 209 82 190 127 20 244 182 166 102 176 115 173 92 90 48 151 11 235 123 142 111 6 98 33 84
5 236 89 35 246 203
12 11 202 156 135 214 196 108 176 235 243 164 84
38 92 117 149 70 223 199 76 113 6 203 81 86 128 136 58 51 174 88 102 161 61 141 147 77 100 155 225 239 139 39 36 144 168 229 87 59 1 50
0
30 138 104 93 37 150 35 241 144 68 190 131 87 114 19 6 31 244 184 43 97 196 218 219 79 240 109 81 186 239 210
19 120 71 4 225 213 155 91 172 187 204 85 174 152 180 209 127 12 65 139
41 7 93 154 178 151 64 31 75 61 206 153 58 139 195 162 127 190 74 48 15 10 69 171 114 150 72 241 196 32 20 134 78 199 137 212 16 5 244 136 160 86
46 187 226 82 91 179 69 122 126 123 227 24 107 143 96 102 124 211 144 41 2 92 249 29 202 12 154 212 83 121 190 165 166 44 38 99 232 3 111 98 239 184 161 6 134 81 163
45 103 221 52 26 6 80 42 222 162 90 63 226 53 159 161 86 136 35 146 206 147 164 121 56 139 113 140 210 18 118 153 45 228 74 145 224 232 69 186 70 23 65 114 11 176
2 222 99
30 41 32 107 199 100 198 63 97 96 166 197 178 159 2 163 112 23 239 34 187 54 210 89 236 77 242 113 214 128 101
43 175 42 44 157 227 72 12 139 188 149 185 66 173 152 210 92 111 137 231 63 18 98 10 128 223 243 8 2 209 218 241 201 168 211 142 144 108 233 135 36 217 162 54
28 172 141 240 123 98 15 99 220 14 8 107 50 17 237 133 59 230 13 118 235 68 195 79 173 184 228 203 85
3 85 172 13
10 225 241 159 27 129 153 128 60 86 134
28 152 26 24 97 119 53 25 76 181 66 95 60 12 63 243 157 80 198 237 165 2 7 8 212 44 20 114 199
33 23 11 163 44 71 207 160 25 126 249 216 124 19 110 86 101 91 130 221 186 26 183 222 239 79 198 65 177 132 5 148 211 87
14 173 81 37 157 34 160 223 14 74 2 158 50 170 117
41 46 137 156 174 194 190 29 120 52 119 72 169 161 50 211 51 181 221 157 215 227 179 136 208 220 11 19 30 171 112 22 188 202 213 27 151 148 191 60 39 192
27 80 236 106 101 205 209 120 156 197 142 51 148 237 201 49 163 30 233 238 176 133 110 244 52 227 152 40
24 187 32 12 26 11 172 189 223 90 105 72 16 210 183 53 173 69 191 227 8 19 93 94 162
43 42 120 13 189 242 222 141 113 5 116 111 241 210 100 224 71 247 191 51 28 165 146 192 164 25 171 92 127 176 10 102 195 130 37 203 1 213 12 35 233 27 54 7
42 172 240 55 141 83 192 136 112 108 102 114 165 229 26 135 153 68 98 86 200 134 187 69 219 123 242 157 194 11 49 50 177 210 87 182 143 58 198 18 236 8 72
31 98 240 99 211 130 200 22 218 64 56 155 102 158 193 219 41 81 59 216 44 173 37 175 83 189 132 16 71 118 234 76
39 17 170 75 43 176 3 196 185 21 197 150 27 203 244 34 211 226 70 249 143 172 160 121 110 212 165 215 118 115 127 55 204 187 8 80 233 156 50 171
50 101 105 35 192 19 159 131 228 158 70 1 45 57 202 208 103 191 120 108 203 63 212 239 126 18 69 53 121 16 134 44 211 235 6 62 146 166 220 173 13 42 99 155 33 249 169 218 164 219 190
40 7 117 154 70 50 62 80 164 2 189 214 221 29 39 99 225 100 197 19 203 176 30 40 6 163 129 244 119 35 139 103 166 141 84 109 34 242 87 245 108
32 144 55 66 36 196 15 173 198 208 219 88 238 177 166 104 4 174 49 159 176 5 78 157 225 56 8 63 233 184 161 227 100
29 3 204 145 63 226 61 88 12 72 105 120 52 172 155 25 84 66 186 44 33 94 127 174 24 157 177 116 41 126
43 81 88 229 157 217 122 31 43 241 52 127 204 153 2 17 73 4 213 49 232 95 216 134 144 82 197 202 66 140 181 212 244 22 198 156 80 75 225 97 1 196 126 180
0
35 197 128 140 227 121 157 66 116 201 192 53 173 2 163 136 176 71 229 117 145 146 8 182 237 175 233 216 70 151 137 170 194 162 74 164
20 68 193 24 115 219 235 153 217 223 210 34 70 170 87 50 249 171 94 58 236
0
4 208 190 44 230
37 113 174 37 145 1 150 245 21 156 91 161 230 50 97 213 223 51 67 69 136 74 9 171 92 129 212 41 163 166 216 157 128 90 108 23 110 99
23 86 137 29 38 169 145 159 88 122 63 232 211 98 81 1 110 230 87 93 184 175 23 21
32 63 44 31 225 223 217 9 139 235 7 127 33 216 242 49 29 76 106 45 73 111 117 108 219 221 236 116 208 192 130 151 146
20 213 25 208 212 91 177 36 152 129 103 105 179 160 83 98 73 180 242 161 219
19 179 70 18 151 148 25 135 155 22 94 127 246 198 74 217 194 58 144 192
43 200 181 62 112 204 83 74 134 247 63 179 124 153 82 175 40 92 60 197 37 79 8 173 59 186 119 189 33 136 183 21 217 47 145 195 114 4 158 64 51 224 131 72
14 105 186 20 151 114 239 12 169 187 243 245 241 69 102
18 213 200 142 63 131 7 207 68 32 193 76 47 212 247 99 51 206 36
17 195 80 241 152 13 69 227 155 136 187 141 103 244 39 217 181 170
13 18 52 116 44 134 129 125 228 93 179 83 15 226
23 70 50 3 226 141 123 181 117 8 49 31 185 86 205 203 101 138 214 229 143 25 33 145
39 174 178 214 105 139 173 145 188 147 83 153 221 100 49 223 233 213 126 63 182 93 146 186 181 218 171 211 1 240 216 168 76 19 207 158 184 91 143 11
0
40 130 116 236 87 123 75 228 72 220 110 224 104 147 111 202 28 106 129 53 124 79 173 221 139 62 204 208 206 235 237 98 31 20 66 65 143 178 247 175 166
50 239 189 229 192 106 136 111 15 96 145 117 234 13 237 165 242 81 130 75 172 138 163 105 32 4 107 40 21 112 95 245 88 132 217 203 159 225 26 205 38 214 236 86 30 2 134 243 211 182 68
37 40 164 65 5 75 158 150 135 74 16 26 128 11 237 206 125 98 226 115 70 148 33 131 73 192 87 134 76 167 147 15 101 92 145 141 114 110
13 73 84 44 177 38 229 103 195 227 132 237 88 82
2 114 129
2 102 248
10 82 162 190 156 9 68 165 46 133 224
3 15 5 183
16 241 90 213 223 147 247 13 189 133 130 48 75 62 67 182 72
49 169 235 190 174 226 70 26 245 43 119 69 116 128 29 194 165 144 7 93 143 199 178 100 131 156 39 9 115 19 27 25 73 92 48 184 40 85 180 99 216 186 67 221 121 28 52 61 248 112
18 5 44 11 21 107 88 182 165 83 148 240 176 142 209 186 42 35 124
49 207 47 174 220 7 230 219 68 203 85 5 120 184 93 171 161 210 198 18 142 15 168 103 91 90 73 74 201 183 127 66 225 191 244 130 229 248 32 75 200 136 131 2 172 78 89 52 82 148
29 26 141 201 19 138 224 57 226 223 132 27 119 72 218 36 139 157 73 129 94 12 216 127 68 240 214 202 30 179
36 111 114 178 55 28 218 82 132 169 201 97 203 226 7 109 11 237 35 5 90 204 224 245 143 70 78 81 240 36 4 59 119 128 61 161 50
20 178 165 133 140 173 95 96 69 56 139 207 25 101 149 135 208 41 142 47 29
24 143 136 116 103 128 85 58 77 205 45 67 122 231 65 161 126 180 160 37 50 132 172 69 219
17 150 56 241 122 48 228 110 223 75 226 96 91 101 124 125 169 247
7 48 8 225 62 68 158 98
50 234 65 7 233 245 131 174 87 159 218 93 14 190 164 52 170 28 222 41 194 15 148 81 176 19 165 85 63 61 220 59 4 100 47 199 66 133 9 60 228 115 102 36 37 150 75 224 101 225 140
4 20 130 101 157
29 21 15 169 20 247 192 37 35 191 10 56 61 125 227 2 233 194 112 162 126 31 212 239 146 53 213 142 229 237
29 152 48 173 73 219 114 214 223 9 91 89 13 151 169 40 215 175 207 95 136 107 149 153 108 237 199 232 30 210
49 84 174 109 168 60 185 39 98 249 16 22 135 14 247 112 76 104 13 5 145 118 200 227 217 15 102 107 57 244 55 91 24 198 42 170 177 37 26 225 136 51 127 229 184 172 94 3 131 137
27 33 169 29 95 46 37 208 116 128 149 67 160 186 137 209 56 172 104 213 105 79 180 129 85 61 146 13
42 159 134 6 173 208 107 140 103 86 182 176 32 226 228 42 92 116 148 136 64 213 207 162 206 232 235 72 7 45 108 215 61 105 171 66 192 222 39 174 139 71 231
39 157 139 114 57 73 219 148 155 238 54 199 227 247 235 144 37 78 19 17 70 161 51 211 10 27 87 202 218 140 187 147 232 29 100 119 52 36 181 31
38 156 67 83 56 187 5 134 49 18 79 142 92 166 207 11 144 63 221 217 42 106 24 160 88 228 154 241 141 197 110 179 234 20 184 69 171 236 72
38 218 40 75 229 230 106 160 216 64 174 20 48 228 240 141 78 6 214 155 225 133 77 113 109 246 208 92 239 27 124 79 95 24 227 144 221 102 66
5 165 224 46 246 82
46 148 56 204 40 65 232 206 144 145 23 64 190 226 156 80 30 233 135 3 164 44 79 75 9 184 227 129 170 13 63 1 182 177 110 214 84 150 62 240 209 239 243 86 220 58 97
26 161 145 238 188 193 59 22 213 10 134 60 67 3 57 216 11 191 229 82 119 103 164 70 152 187 163
14 48 180 124 88 184 183 243 93 5 57 201 29 192 36
6 211 126 237 154 199 179
5 242 218 132 148 26
33 133 49 197 190 90 53 99 178 199 149 3 155 175 188 63 88 8 206 87 105 154 65 222 109 56 27 231 227 232 69 118 5 40
45 152 193 157 36 48 110 224 3 230 192 240 244 173 84 144 18 67 227 37 187 182 117 220 79 58 131 175 72 184 226 74 126 154 223 76 87 11 39 162 190 138 53 90 113 161
7 210 79 181 103 63 178 1
27 11 129 215 112 93 228 234 123 177 220 30 121 229 116 37 205 137 168 180 34 213 16 32 146 184 142 230
24 170 117 207 47 190 137 228 208 128 202 181 65 131 87 42 192 107 12 97 100 54 195 69 74
41 127 60 191 181 214 170 236 143 150 123 243 9 106 84 244 6 166 87 168 198 48 57 216 96 31 142 146 217 63 49 167 144 207 28 79 38 110 195 162 50 189
13 194 32 69 140 169 36 87 177 175 63 91 70 209
9 126 190 22 84 176 148 97 206 46
47 199 247 39 172 205 158 73 66 128 109 77 19 111 70 48 108 241 212 7 178 198 149 104 183 8 216 177 229 13 41 234 179 23 143 106 107 189 187 67 81 44 246 152 37 125 192 153
26 45 247 141 148 35 61 99 39 122 174 142 197 54 91 129 73 104 85 2 166 127 242 168 57 93 195
39 60 249 10 178 210 80 138 52 97 2 62 193 207 209 208 25 225 95 137 77 38 50 28 100 174 46 147 61 104 23 92 83 101 112 106 132 149 113 22
41 120 167 158 200 108 169 247 83 190 111 175 3 133 112 1 2 152 46 217 55 122 29 218 168 9 246 76 102 185 210 227 97 131 42 64 43 233 54 8 202 84
25 78 124 98 36 66 224 139 99 2 89 108 116 216 141 120 92 196 31 11 30 16 147 172 122 93
1 168
42 109 112 157 83 156 15 146 239 33 81 19 94 199 234 155 57 170 133 177 14 139 189 84 100 228 159 221 227 160 1 126 66 211 120 206 54 42 175 7 141 153 122
4 49 24 43 54
38 8 56 82 201 110 176 220 59 10 118 227 144 130 206 204 16 149 218 182 81 233 235 40 19 133 184 134 131 46 57 83 36 132 61 160 151 39 79
26 183 130 218 84 173 106 60 160 86 126 244 138 169 45 180 151 43 41 228 181 109 12 72 26 37 184
44 243 187 205 208 92 189 125 129 69 192 45 6 232 22 84 168 30 61 115 135 158 113 67 139 239 245 179 147 96 36 110 14 91 118 180 130 178 4 166 167 213 132 240 3
34 142 21 45 82 185 236 84 8 206 227 10 133 151 105 168 198 108 59 35 210 177 188 208 88 78 242 48 180 37 158 102 85 33 122
0
45 227 35 224 36 100 17 93 214 68 164 48 229 15 77 1 18 158 241 8 108 38 127 181 37 78 80 221 9 236 44 87 23 99 218 135 62 57 126 201 235 211 4 122 232 31
27 79 133 196 106 61 117 140 9 84 194 120 13 58 205 111 210 218 221 83 121 215 134 146 143 30 122 224
30 102 121 157 192 180 41 56 235 243 8 144 22 127 223 154 94 55 249 160 237 183 98 244 224 203 17 78 69 158 66
9 51 109 149 52 78 172 91 157 178
21 148 106 248 137 50 218 12 231 170 180 26 198 52 2 222 6 15 114 90 63 186
46 194 112 122 249 123 86 114 217 108 61 135 189 90 98 158 119 117 18 12 203 13 243 196 11 134 109 113 111 131 110 63 152 234 49 6 94 218 139 179 229 149 67 235 105 238 202
16 67 207 38 178 51 190 32 9 238 23 137 143 111 86 243 210
21 196 124 54 222 130 2 193 223 60 236 212 219 43 146 103 10 173 58 49 221 177
16 186 139 226 1 99 32 14 157 246 9 68 44 180 193 22 237
34 249 7 50 153 180 184 163 3 215 124 193 154 237 38 73 76 234 122 65 243 210 151 66 137 203 68 111 100 179 112 213 57 117 127
46 202 13 25 221 164 24 156 2 85 123 248 46 35 211 230 74 105 167 89 152 20 223 185 101 162 194 135 55 131 160 174 236 51 119 36 103 187 198 249 240 38 166 56 157 14 32
44 6 177 210 211 72 233 123 138 118 38 77 184 18 242 71 246 88 99 236 30 5 33 140 156 216 15 224 13 231 193 244 65 175 229 66 207 162 22 90 34 137 2 181 21
46 31 56 234 150 84 61 218 185 22 129 47 142 49 213 36 62 243 38 175 147 66 161 13 164 214 122 211 232 188 16 248 215 104 72 8 60 105 34 57 26 156 70 126 130 7 1
6 11 32 35 89 234 195
48 178 93 165 199 242 33 138 80 121 44 249 59 231 215 167 82 43 76 196 128 171 179 200 84 124 149 79 181 226 248 174 77 246 74 106 183 209 224 204 241 173 214 10 53 238 41 20 150
24 190 148 1 60 143 153 31 9 42 135 213 56 133 164 29 64 183 238 83 227 119 193 228 73
33 138 152 29 189 9 6 1 126 233 182 81 221 88 240 112 98 237 158 22 184 95 45 114 168 157 103 165 183 130 93 30 89 172
5 42 138 198 193 200
8 161 143 184 60 99 187 125 46
43 87 215 43 152 172 111 223 92 137 157 57 200 211 213 201 47 22 114 88 147 69 75 6 191 80 115 81 26 163 106 142 112 94 77 60 177 23 79 16 1 50 249 38
5 212 207 151 39 28
16 76 34 198 126 138 245 132 135 153 227 17 100 70 136 6 2
1 105
13 95 193 75 98 195 64 33 216 25 63 200 89 50
41 61 16 88 159 154 238 164 54 113 79 190 27 87 92 143 104 168 149 215 33 114 89 237 199 211 29 66 95 47 132 28 165 171 208 70 26 247 217 134 161 136
14 179 113 162 39 79 148 185 149 229 177 169 207 112 137
36 124 32 41 17 5 146 228 245 202 75 207 114 50 148 231 242 239 34 115 176 213 111 104 172 165 92 126 229 167 243 247 138 79 45 183 78
35 57 100 229 220 204 7 212 240 49 41 3 68 18 27 130 80 232 90 108 14 207 22 167 249 210 178 194 56 224 164 61 222 177 197 16
15 180 58 44 148 162 70 43 1 142 51 122 175 224 179 92
3 187 57 46
3 37 194 88
4 170 129 159 238
50 136 196 51 57 25 170 174 195 224 153 94 73 225 209 35 241 182 7 116 36 95 141 221 43 93 232 144 19 23 242 191 53 17 41 27 190 6 72 64 14 185 180 30 100 56 125 143 115 233 164
40 63 94 121 231 169 36 17 27 128 191 130 248 189 176 88 15 11 29 221 142 131 69 57 132 37 28 119 44 205 10 59 70 55 206 4 218 89 232 16 35
44 32 12 2 94 71 208 246 152 38 106 60 43 107 91 29 15 189 218 237 69 157 240 225 22 198 181 196 209 76 226 190 150 192 13 121 99 45 64 10 104 14 95 118 232
30 159 39 236 123 233 45 30 132 213 226 163 172 78 223 120 180 7 63 130 76 64 240 34 222 54 247 66 208 121 49
9 87 144 241 41 179 219 93 154 110
46 24 244 160 116 181 22 52 154 47 83 50 111 241 227 193 118 220 202 165 119 54 245 211 207 45 96 184 217 191 1 69 37 234 101 142 151 68 117 42 43 67 29 122 48 226 86
41 102 88 31 122 205 12 246 18 99 141 41 125 19 38 150 30 149 247 105 194 155 21 85 110 58 81 235 190 226 177 22 188 100 32 92 201 239 46 222 113 82
14 32 60 69 155 93 111 113 8 65 217 101 7 95 229
46 248 56 170 116 179 121 11 20 207 191 40 156 7 244 102 127 49 186 223 86 30 147 110 69 97 101 187 125 23 28 75 50 171 98 132 155 210 239 29 188 238 222 43 25 92 165
7 125 173 221 249 111 216 135
12 225 108 104 98 248 173 69 158 100 19 212 76
31 92 20 220 248 27 233 212 91 69 18 118 61 22 179 36 228 106 155 49 78 38 135 157 162 235 35 209 7 100 51 181
29 186 92 171 32 180 16 145 216 102 188 112 114 147 136 13 135 12 85 184 195 193 219 60 127 235 61 122 46 84
12 2 56 159 150 190 125 21 198 225 90 74 45
21 230 61 12 206 64 13 38 229 144 147 237 146 65 46 52 98 44 119 190 134 24
19 126 188 30 14 139 127 43 93 38 87 233 247 148 144 110 66 134 226 68
8 72 26 199 110 11 32 145 130
25 102 177 115 243 18 90 134 52 150 83 218 61 86 137 151 163 209 80 195 7 21 62 87 221 175
45 152 175 71 21 219 139 93 80 155 57 223 50 76 111 164 55 54 116 56 165 112 114 144 153 113 119 200 249 151 198 33 58 59 134 11 156 210 145 109 60 68 178 216 193 205
4 133 18 94 241
25 131 62 24 96 238 158 65 184 225 168 17 178 8 9 44 202 66 63 64 83 127 79 192 124 167
15 43 116 210 71 73 137 47 38 7 194 102 213 52 29 204
32 50 3 223 237 90 46 230 226 231 192 194 225 181 150 179 205 114 182 127 172 244 126 125 220 212 108 60 120 197 211 141 164
19 109 218 114 152 178 208 201 160 225 6 122 98 144 214 235 141 245 110 211
15 50 143 72 41 99 61 6 108 28 25 33 168 191 44 165
23 142 218 16 12 194 60 181 58 216 187 70 220 65 196 230 106 248 243 208 1 206 186 169
32 108 190 113 38 163 37 67 53 243 118 149 44 23 46 60 220 100 58 125 156 8 12 26 54 155 241 86 179 162 73 177 87
35 112 109 217 243 231 88 182 108 223 169 218 70 17 116 241 197 13 97 87 12 69 143 28 15 44 168 83 62 39 72 89 151 147 52 74
2 12 165
30 79 76 219 5 212 49 238 167 26 88 135 200 130 145 246 198 190 199 158 161 229 181 143 63 72 122 204 83 222 242
36 157 19 44 159 218 66 201 174 219 228 56 23 12 26 7 16 10 114 241 20 137 115 103 6 246 204 65 193 100 187 40 46 108 124 22 152
50 134 112 242 204 238 20 236 99 151 37 161 225 97 65 149 23 198 6 105 102 190 181 40 215 93 21 16 22 43 7 5 158 176 4 14 64 118 122 91 206 217 47 115 2 48 82 41 109 187 228
1 229
42 57 37 225 113 5 82 36 154 125 238 88 181 16 248 71 42 214 65 239 235 132 15 140 242 124 246 33 46 186 45 11 20 61 12 209 93 39 103 29 158 207 78
14 155 190 83 199 143 244 5 118 40 221 27 219 211 49
4 60 245 29 129
40 227 223 165 164 96 180 70 226 198 151 189 100 224 60 31 233 65 122 185 134 172 42 8 128 15 182 175 50 80 169 167 184 4 228 215 143 157 242 93 196
20 107 7 176 213 85 62 221 226 192 61 142 243 220 183 22 53 39 137 139 127
7 238 177 165 149 216 243 57
46 171 210 90 97 217 82 92 77 166 47 102 184 95 68 200 44 64 142 232 117 17 148 167 159 124 130 106 83 120 198 18 38 187 109 51 221 94 59 98 181 145 191 132 193 227 48
20 183 18 186 220 230 147 190 38 23 152 19 211 84 87 17 177 188 59 168 43
12 1 70 11 247 223 144 37 218 231 112 201 199
27 120 51 218 214 81 197 111 72 150 175 243 49 226 100 158 233 230 6 57 145 20 160 79 38 1 219 32
25 17 141 119 90 41 27 240 144 197 181 48 218 32 80 167 21 174 74 34 78 175 45 145 73 248
36 6 15 227 67 181 217 210 85 73 179 25 117 247 205 121 137 78 129 94 229 102 135 2 140 242 168 155 43 197 224 199 148 150 53 91 107
1 140
21 97 184 121 151 25 89 243 181 52 193 70 8 2 204 179 1 213 82 226 67 95
43 109 229 5 224 179 233 163 151 119 218 68 88 212 69 155 127 65 80 106 101 94 50 156 81 16 165 181 38 196 52 29 125 33 149 83 214 95 43 4 237 14 219 184
38 156 152 157 216 75 17 222 94 182 6 176 122 180 22 101 1 187 79 183 243 92 20 45 121 196 193 85 87 155 125 168 21 80 32 120 202 30 205
21 187 145 169 217 158 123 155 175 171 219 130 177 61 196 207 168 181 122 58 239 214
12 130 35 146 158 218 42 210 17 36 134 63 189
19 153 16 64 132 68 10 13 194 11 212 52 171 103 95 202 169 137 74 211
32 12 19 229 79 205 108 36 133 161 173 62 194 209 246 178 228 226 249 245 188 115 8 113 128 180 138 171 82 71 224 120 26
0
22 221 88 161 237 178 12 23 203 153 54 70 135 247 45 197 232 115 159 87 64 116 210
14 39 166 200 244 155 173 148 72 197 3 126 34 37 159
39 161 32 90 204 71 133 200 201 146 222 152 56 189 43 225 223 3 149 16 57 132 150 121 217 79 66 59 45 98 49 186 65 214 130 247 209 173 109 101
42 220 135 239 207 123 152 196 13 231 236 241 169 32 163 148 3 19 149 121 232 102 62 187 80 63 125 42 92 8 58 184 235 111 107 54 230 112 129 200 246 208 56
30 153 240 216 90 48 7 229 223 2 194 124 238 69 163 200 213 67 81 196 176 143 62 51 22 106 5 28 64 210 119
33 152 71 231 232 167 21 5 181 241 112 125 35 85 245 211 8 236 135 65 122 187 215 225 2 197 19 7 56 78 68 120 24 162
43 245 97 191 109 11 52 211 26 37 196 170 35 149 68 75 241 166 112 92 134 180 51 163 71 205 47 216 187 15 111 36 91 174 226 214 144 234 120 193 153 207 159 130
42 6 222 155 186 140 249 80 239 86 21 172 142 98 104 171 229 209 61 224 139 63 181 192 244 20 115 100 164 27 190 77 243 24 138 108 107 125 240 207 17 79 241
29 21 100 131 44 121 99 106 65 174 204 19 67 144 92 236 70 45 148 26 88 52 231 108 81 225 249 16 58 13
50 42 211 122 200 218 12 205 111 233 65 116 18 83 161 100 95 157 64 177 99 239 203 33 112 58 143 77 185 70 165 216 190 53 82 90 198 107 134 223 34 22 204 191 150 146 184 5 15 120 183
33 192 120 145 205 17 29 72 211 36 239 246 168 202 91 53 87 223 222 28 111 93 225 142 154 182 67 92 148 56 35 137 86 14
18 142 175 131 71 88 164 74 193 9 17 123 22 34 114 6 73 44 191
28 248 116 198 61 140 85 74 173 161 6 24 111 180 88 132 119 247 64 134 187 216 231 17 1 203 139 3 130
6 17 248 101 216 226 157
23 152 122 204 228 212 114 9 93 192 45 238 69 68 196 175 80 190 106 107 118 209 215 187
2 80 127
2 86 247
34 215 13 82 161 129 110 3 177 137 75 106 39 38 148 170 33 156 188 199 87 61 127 51 30 112 126 202 49 247 29 186 10 122 32
13 210 204 12 149 2 109 157 247 246 120 110 114 169
35 157 197 214 38 155 172 83 23 58 168 11 55 150 120 80 206 217 4 115 57 49 123 130 153 1 62 209 89 238 183 25 154 9 242 66
20 14 200 223 57 47 91 62 191 87 94 177 171 186 92 140 72 24 28 229 199
30 126 186 224 113 114 198 207 172 241 34 106 81 234 185 21 111 72 174 55 62 8 164 247 5 231 29 23 183 42 99
12 194 156 197 180 62 110 47 122 55 236 219 91
5 10 158 14 147 40
37 7 233 55 63 165 22 115 151 28 158 148 48 61 206 94 177 46 200 53 171 117 169 11 111 241 128 223 173 198 132 186 238 193 182 162 125 104
34 231 114 181 155 184 35 12 151 47 127 45 175 22 34 64 37 16 219 80 242 106 170 129 85 187 208 46 190 111 159 213 162 82 44
46 191 72 112 15 210 248 245 141 27 125 33 179 111 98 221 183 209 31 215 162 163 176 159 130 42 123 3 41 104 40 170 28 30 242 146 235 158 12 64 224 243 220 18 151 106 189
28 58 139 7 112 165 159 229 37 205 107 150 32 76 210 185 195 36 136 192 191 57 168 143 147 186 10 61 134
12 22 245 151 14 228 113 146 180 227 54 147 1
44 170 33 204 133 83 211 155 11 142 62 112 163 218 48 102 232 175 157 38 167 111 115 187 60 120 182 171 222 1 223 200 25 144 233 100 97 16 47 43 165 81 101 220 173
33 31 49 183 29 134 205 105 103 164 32 107 141 127 182 148 202 63 88 93 133 120 165 177 42 65 27 83 212 59 12 158 227 13
46 219 88 76 139 28 6 196 149 89 11 101 93 140 221 241 116 69 157 94 163 51 147 202 233 156 123 235 75 54 218 66 234 58 71 249 31 182 242 154 102 216 17 185 195 106 181
30 198 26 46 102 51 147 144 234 227 180 64 211 139 183 23 153 38 106 68 184 178 165 239 155 126 164 223 143 242 2
47 80 95 15 114 169 148 9 215 110 51 230 146 194 173 34 174 238 31 107 231 220 76 151 112 242 61 164 65 155 128 44 73 109 32 129 232 10 99 42 188 101 200 28 113 138 16 180
20 81 159 100 40 94 125 9 69 17 209 68 118 116 83 101 196 203 138 57 80
37 134 24 99 161 243 195 47 147 231 9 128 122 242 138 91 62 109 86 127 16 8 84 74 157 38 240 218 102 115 82 150 230 169 202 30 203 58
30 6 48 170 100 38 200 168 164 203 80 99 154 1 123 178 67 240 45 222 20 194 28 150 89 106 121 166 30 215 130
18 231 169 50 156 171 146 91 49 106 144 28 152 201 210 154 122 54 209
25 40 34 141 131 127 130 187 134 17 195 191 41 111 103 165 101 63 170 178 138 90 177 64 3 240
32 121 168 229 145 100 107 97 50 6 67 59 95 175 126 249 119 43 111 152 239 144 40 159 82 70 125 92 138 156 84 192 194
41 223 40 137 140 30 80 152 53 192 128 207 84 224 209 118 109 169 240 107 14 239 162 206 43 130 212 195 184 222 164 246 159 211 69 76 187 197 38 35 70 97
50 222 81 56 194 39 146 173 196 57 188 6 214 220 40 90 157 167 54 201 45 27 175 12 141 93 234 14 17 114 112 135 243 229 134 248 59 129 236 212 128 1 52 199 219 232 44 109 21 121 30
18 130 235 182 45 20 77 151 206 62 74 8 16 117 108 33 140 208 71
41 50 201 34 168 120 101 244 86 143 27 83 226 41 32 66 75 217 30 33 182 80 206 224 127 211 82 188 128 221 176 87 213 132 146 94 61 20 106 2 49 109
21 227 240 6 235 129 117 11 194 220 65 237 199 186 70 142 120 85 10 86 37 162
24 54 119 71 170 33 18 146 139 167 116 87 174 234 142 186 159 207 103 47 211 45 193 140 123
4 175 74 190 230
23 121 57 241 177 6 129 7 62 242 11 14 214 94 30 244 189 19 161 203 160 75 35 25
48 66 57 43 32 31 187 209 125 139 92 132 168 35 105 244 118 241 99 218 230 171 229 188 19 225 155 212 65 123 117 119 190 194 60 143 136 169 78 90 26 87 239 84 127 182 133 203 231
50 160 189 65 227 70 168 198 60 156 59 163 39 15 249 125 192 229 200 211 92 241 169 176 217 81 185 165 28 143 61 190 128 194 56 196 171 100 102 224 35 129 220 53 210 63 123 24 93 38 208
10 88 176 138 121 141 209 133 192 57 132
41 86 140 208 186 61 132 242 213 199 192 116 76 114 207 174 13 75 2 95 225 211 48 137 111 122 220 107 58 175 20 133 68 234 162 105 87 128 155 91 223 149
3 211 141 90
33 147 136 6 212 100 214 103 115 44 110 202 54 223 42 99 194 71 83 36 82 169 97 179 22 232 50 138 233 222 128 49 168 76
29 100 229 32 55 119 122 169 137 12 224 114 62 237 206 170 34 242 45 47 124 21 176 177 132 79 202 107 213 31
4 12 89 68 170
11 62 67 188 30 196 160 10 6 235 47 42
37 185 9 192 19 223 95 112 181 156 236 99 56 249 173 136 37 160 135 96 144 169 178 108 76 228 248 166 224 134 122 103 47 106 246 226 176 8
36 148 78 3 233 70 59 44 17 212 26 99 29 149 231 36 211 209 43 166 62 98 200 107 203 108 103 246 64 139 53 177 87 189 171 13 206
47 218 166 226 78 79 192 98 94 101 140 171 224 21 182 220 198 146 159 139 59 91 195 45 162 199 97 64 151 161 217 145 150 207 121 54 243 66 237 95 37 90 208 93 41 39 232 71
4 74 131 29 25
32 199 163 15 32 28 49 73 116 192 132 2 238 13 5 39 145 57 228 177 50 176 74 25 107 226 55 111 59 63 186 102 130
21 180 45 169 241 115 6 85 173 105 68 144 153 130 230 129 156 63 109 118 212 26
0
10 66 65 80 164 159 34 107 14 218 249
5 8 53 225 137 96
14 143 20 177 224 106 234 218 207 57 233 116 170 205 95
25 233 29 11 221 163 168 199 88 9 169 74 170 200 178 73 120 79 150 215 229 181 35 49 51 222
6 47 50 160 232 55 173
2 88 23
46 48 39 46 203 55 193 134 218 187 214 210 194 229 65 63 111 98 228 137 167 122 13 154 31 175 33 36 37 83 20 213 35 188 22 168 86 157 113 74 131 82 80 110 77 121 103
28 92 50 161 39 127 85 213 117 187 166 44 105 138 204 18 75 24 126 66 186 122 63 28 38 145 238 8 227
16 62 228 80 101 218 238 240 81 37 231 233 229 10 230 149 51
34 117 8 120 201 152 178 28 149 63 209 71 182 190 200 129 186 233 96 83 73 51 210 173 235 29 126 169 92 128 48 148 151 82 124
12 41 30 33 234 58 247 43 189 80 73 55 210
15 243 175 55 93 196 88 182 71 183 210 151 220 40 206 82
19 183 179 118 132 137 34 31 145 160 141 7 16 91 248 217 162 240 225 222
33 218 105 238 226 175 73 18 179 146 57 241 210 82 141 13 36 37 247 109 231 177 156 84 117 44 116 58 206 243 47 62 30 112
31 146 226 209 104 91 161 93 4 155 188 208 242 22 172 48 72 102 29 97 134 113 109 98 187 186 57 196 152 200 25 245
45 119 157 100 55 95 53 67 185 135 248 149 63 42 243 74 147 229 22 239 203 50 73 160 241 31 30 79 40 204 225 43 188 57 156 194 84 206 223 92 130 209 216 21 211 36
4 191 81 168 109
9 115 218 27 144 137 37 176 53 231
15 162 219 116 38 132 46 207 140 37 231 3 85 161 133 100
13 96 1 133 21 183 106 47 210 214 238 175 13 53
22 198 181 120 98 170 84 187 53 139 118 160 138 92 40 79 175 153 71 26 113 28 17
21 140 211 220 178 212 1 203 47 26 240 207 237 33 165 205 71 42 180 246 247 148
43 178 5 179 240 213 55 120 208 149 57 118 153 17 106 238 187 167 245 198 192 207 202 127 171 170 33 56 13 103 23 161 215 76 73 2 9 204 111 221 102 66 78 95
30 233 236 134 105 3 150 127 20 238 221 143 188 244 69 217 231 211 56 199 63 226 111 174 209 7 230 121 140 142 91
45 122 41 28 39 201 238 125 76 198 123 231 173 107 92 178 163 186 5 157 191 167 42 150 108 86 211 236 130 196 89 96 177 94 230 111 19 225 161 149 6 81 203 109 164 64
43 195 163 141 175 79 10 99 40 30 3 192 176 190 220 138 106 50 2 75 243 61 65 134 36 166 232 178 33 123 78 113 164 249 197 34 115 236 238 92 131 187 117 76
11 220 21 87 209 47 64 180 99 32 65 231
40 66 107 168 19 218 138 142 55 179 53 48 206 14 27 136 196 13 97 167 75 112 150 52 236 200 165 222 125 164 186 81 141 116 175 128 243 230 32 205 151
46 216 71 239 103 85 185 50 120 19 151 14 98 168 149 125 217 15 202 246 96 76 104 59 82 142 73 181 218 176 215 222 197 226 46 150 234 162 182 41 21 157 77 244 34 199 37
39 21 151 235 236 57 75 203 64 24 49 187 112 82 117 37 199 146 89 5 123 80 78 244 104 148 165 54 58 139 127 23 59 145 13 178 63 65 218 43
45 199 46 242 137 196 237 241 5 4 30 170 142 111 13 134 193 47 50 127 191 217 113 236 116 99 60 189 249 33 1 205 245 6 177 68 130 105 84 184 201 20 214 223 23 179
13 88 248 146 162 166 244 40 155 137 148 217 62 206
0
44 48 182 200 123 82 33 154 63 245 132 196 242 69 191 241 211 73 197 20 7 79 71 189 107 185 226 204 201 15 183 91 23 29 165 18 39 74 101 210 14 22 175 246 167
48 108 213 203 191 35 37 47 160 45 122 99 196 172 210 125 119 163 202 206 87 97 96 225 155 100 51 171 212 230 110 242 24 224 118 29 9 245 113 187 135 164 152 84 168 28 175 204 147
20 224 170 153 79 134 230 248 232 110 119 135 76 77 161 155 66 81 239 51 67
19 112 242 147 66 193 56 127 10 69 223 142 17 239 61 59 248 7 171 79
35 100 87 191 49 68 75 51 139 13 7 99 92 39 128 135 41 29 8 237 78 96 54 223 187 57 63 219 130 244 81 72 203 169 65 175
35 97 28 102 162 104 24 17 142 66 212 154 108 138 39 85 141 176 82 88 38 79 8 51 44 175 159 173 158 178 179 187 211 132 204 200
16 164 52 21 11 174 113 226 162 70 132 232 197 63 176 98 246
49 97 138 153 190 83 231 202 25 165 234 87 64 147 4 115 148 60 81 44 139 96 128 28 194 218 200 166 66 18 31 94 40 232 75 35 236 124 176 247 10 149 224 177 172 192 239 93 145 84
37 27 132 87 84 14 144 205 248 88 247 197 24 131 165 186 206 89 56 166 230 68 169 196 60 183 157 210 226 207 33 216 124 45 141 51 69 119
4 118 137 42 51
7 114 138 201 83 1 53 81
8 15 171 155 135 149 94 166 208
37 85 223 53 248 11 239 68 48 79 226 99 240 50 41 17 161 245 145 187 182 19 20 173 90 81 65 16 15 107 179 196 229 46 98 55 102 97
23 6 245 147 8 221 78 167 96 15 192 26 27 53 2 144 233 90 134 123 104 94 65 64
8 8 50 180 32 68 223 171 216
41 192 24 97 230 81 211 224 175 91 220 126 181 226 7 98 102 19 141 125 164 28 166 168 204 135 12 53 145 116 113 209 115 85 11 33 148 78 31 118 121 143
27 45 134 221 174 75 66 153 111 228 224 136 147 171 12 167 239 149 225 112 157 110 189 94 91 20 90 240
19 234 44 238 149 186 228 169 68 216 189 32 9 154 173 89 201 204 25 239
9 35 184 111 169 55 57 179 241 82
16 221 111 226 178 176 198 37 130 74 43 121 160 48 173 138 175
23 188 94 3 56 26 224 91 7 140 248 222 24 68 53 171 231 169 142 2 229 159 168 46
24 90 29 159 47 104 245 71 237 134 157 243 220 172 181 224 137 160 208 116 149 61 43 206 75
14 75 5 168 114 135 221 36 13 241 58 107 96 93 117
39 64 35 60 217 34 201 200 25 191 100 211 56 206 120 48 224 166 24 33 135 218 219 15 46 3 112 86 233 205 47 38 207 23 173 142 164 228 75 110
48 32 66 175 64 187 197 49 239 198 118 193 214 37 173 39 42 76 190 135 161 138 241 91 13 221 6 29 34 18 180 227 215 106 140 220 233 16 54 79 95 52 88 160 131 147 230 234 200
26 246 48 206 144 8 226 240 158 137 168 18 131 91 44 176 122 148 66 235 202 241 31 70 212 170 150
39 248 247 237 194 31 125 22 61 89 23 46 222 100 200 93 103 84 57 187 213 235 134 79 244 33 236 26 74 162 20 176 58 15 160 133 229 224 24 239
25 72 163 203 108 166 29 221 37 125 69 249 143 134 36 243 32 232 218 152 146 76 167 23 84 202
22 207 52 101 181 133 84 170 138 226 206 179 60 166 193 63 215 153 188 76 64 31 224
31 228 112 80 89 4 121 125 188 203 196 212 226 63 61 7 3 46 184 113 242 148 87 95 174 73 179 72 120 248 182 85
27 24 11 94 72 97 6 182 55 31 141 165 157 4 25 209 95 166 39 217 213 156 231 98 234 130 167 92
32 120 216 194 46 196 154 230 170 18 54 12 229 115 158 74 20 140 137 234 104 197 42 195 124 162 25 204 231 70 17 155 4
0
12 139 188 64 150 238 67 83 134 43 47 132 17
35 128 206 63 131 66 56 23 39 129 2 139 165 133 70 231 103 45 247 7 242 190 51 124 72 73 35 10 38 47 29 141 13 209 157 228
27 135 175 71 36 155 35 30 8 48 159 248 102 167 182 111 57 31 4 153 240 108 14 110 243 33 3 120
25 20 22 107 84 124 29 127 161 19 88 136 28 119 184 155 162 181 247 74 100 67 59 192 78 90
9 208 118 235 198 142 222 214 22 3
26 99 159 24 181 237 2 135 146 217 115 163 134 33 42 86 79 20 116 78 171 22 36 81 85 66 49
26 65 247 5 7 202 29 142 108 91 130 87 121 71 155 232 149 244 183 45 41 43 222 48 77 31 88
44 6 99 168 111 69 147 10 140 157 131 146 119 164 61 101 195 141 196 35 17 249 241 186 78 205 247 59 163 158 135 2 38 102 85 124 202 182 91 50 223 190 165 221 82
40 168 191 76 122 232 204 68 179 131 185 16 53 167 241 29 4 20 192 42 224 101 13 144 223 221 128 212 161 50 45 201 17 62 137 211 99 173 205 67 249
35 55 127 209 36 173 134 20 192 13 69 38 186 58 156 12 150 240 179 161 6 8 225 238 196 204 108 45 77 246 205 53 124 84 243 29
26 152 221 102 10 176 215 114 69 92 126 49 46 166 208 201 118 72 30 19 177 98 160 16 25 226 240
15 154 219 244 39 207 92 100 188 31 24 185 28 241 51 198
17 183 213 8 171 164 135 149 227 249 35 224 84 175 130 153 151 182
16 33 19 211 182 153 67 212 101 22 202 207 81 248 62 217 1
4 193 92 160 162
5 75 161 218 220 194
14 169 55 85 106 41 138 213 237 134 119 143 133 167 69
39 144 14 150 39 242 75 72 161 24 19 40 131 230 212 79 239 16 139 3 154 122 36 109 128 194 209 136 151 4 171 224 196 195 146 204 78 102 74 98
16 28 11 91 138 199 230 60 39 9 115 128 110 139 244 7 227
30 109 181 122 248 180 222 44 17 9 215 188 34 101 5 60 81 141 191 99 31 179 117 228 214 20 56 190 244 212 161
2 173 210
7 55 247 8 11 206 38 215
50 52 180 91 31 115 155 124 75 164 64 54 192 189 246 167 129 144 19 232 176 220 133 182 120 197 141 49 145 203 29 10 119 159 245 65 110 201 13 86 215 213 5 156 237 30 105 149 183 214 222
36 91 78 18 8 100 81 200 225 215 185 242 39 95 96 161 137 56 212 218 99 246 51 28 44 226 179 4 124 45 70 187 223 98 109 27 55
45 208 89 143 87 243 218 168 96 165 20 240 171 153 224 195 149 237 200 217 76 181 225 22 163 176 11 132 150 53 15 7 205 2 95 16 66 216 183 194 169 124 32 238 21 177
39 144 119 212 116 135 210 33 208 169 37 219 199 87 106 44 46 161 110 60 107 65 138 201 88 240 23 38 242 56 40 195 184 52 186 177 218 73 32 125
15 248 76 167 171 25 43 40 33 222 42 37 10 135 97 127
50 195 133 26 245 20 104 220 79 29 127 116 54 94 114 36 230 174 144 85 9 25 105 169 199 84 205 86 46 186 8 173 145 43 90 31 161 154 192 236 168 87 207 42 181 121 246 129 204 232 51
49 1 82 211 111 23 222 45 77 63 90 95 10 160 16 81 6 175 217 128 184 232 107 42 212 97 103 71 124 46 132 205 78 38 152 113 91 169 214 200 191 247 129 177 230 74 219 66 136 145
26 227 121 118 183 59 248 127 42 47 115 48 226 94 22 195 164 75 116 55 77 206 39 168 106 6 153
48 49 110 149 56 30 163 55 22 244 191 96 19 137 234 11 211 28 1 7 75 98 237 92 10 97 66 166 67 233 81 246 20 116 157 112 226 195 134 117 104 181 127 31 71 64 16 102 182
24 69 131 9 79 116 238 168 167 80 75 53 90 197 117 191 127 101 122 180 218 215 71 119 78
33 236 16 83 44 58 73 84 230 144 143 203 175 120 248 29 52 179 160 149 77 20 115 199 247 88 89 242 189 57 139 103 127 196
36 228 73 18 95 137 155 44 84 107 83 196 211 110 135 142 145 98 101 52 32 128 56 213 136 103 69 233 63 201 177 221 227 153 53 23 10
17 33 106 244 121 195 116 243 1 54 228 66 18 171 248 100 240 217
8 35 129 172 22 229 174 143 225
33 44 49 24 38 154 34 156 115 86 164 209 67 117 228 184 31 15 196 165 75 148 124 242 131 66 20 222 202 213 155 220 192 102
34 1 138 135 108 29 121 31 28 21 14 199 19 22 119 89 24 103 44 30 91 189 205 4 85 236 248 181 208 80 38 49 90 228 219
10 172 43 126 190 60 37 89 106 70 88
10 167 92 176 236 38 174 161 208 244 81
14 146 104 20 105 135 92 171 236 102 59 25 200 195 55
44 47 195 91 223 182 72 187 124 202 209 137 157 59 121 87 127 150 194 222 186 138 165 235 243 231 133 158 230 115 108 75 63 205 117 173 237 49 135 188 198 100 109 220 40
2 167 143
47 196 102 59 242 223 3 39 38 138 57 55 84 45 116 151 92 147 43 137 216 221 64 87 208 121 120 135 220 114 113 244 132 148 80 155 35 115 88 49 186 161 78 164 224 160 128 177
47 4 214 117 239 158 178 191 184 86 160 146 59 238 141 2 113 71 161 24 204 82 199 215 127 163 106 98 121 180 230 47 247 150 81 3 193 36 171 166 30 246 38 1 68 138 149 195
4 201 245 177 10
36 114 6 84 208 102 64 10 181 85 7 207 92 4 108 52 163 185 210 111 212 49 54 8 194 153 198 128 1 155 100 245 45 223 11 138 196
1 145
