10
49 50
1 1 1 1 1 1 1 1 1 1 1 1 1 1 1 1 1 1 1 1 1 1 1 1 1 1 1 1 1 1 1 1 1 1 1 1 1 1 1 1 1 1 1 1 1 1 1 1 1 1
1 1
0
0
1 4
0
1 7
2 8 7
2 9 8
0
1 10
1 12
2 13 12
0
0
1 16
2 16 17
0
1 19
0
1 20
1 21
1 23
2 24 23
2 25 24
1 26
1 27
1 27
1 28
0
2 31 30
1 32
0
1 33
1 34
2 35 36
1 37
2 38 37
1 38
1 40
2 41 40
1 42
1 43
1 43
1 45
1 46
2 47 46
0
1 48
1 49
49 48
1 1 1 1 1 1 1 1 1 1 1 1 1 1 1 1 1 1 1 1 1 1 1 1 1 1 1 1 1 1 1 1 1 1 1 1 1 1 1 1 1 1 1 1 1 1 1 1
2 1 2
1 2
0
0
0
0
2 7 8
0
1 9
0
1 11
2 12 13
1 13
1 15
1 16
1 16
1 18
2 19 18
1 20
1 20
2 21 22
0
2 23 24
2 24 25
0
0
2 28 27
2 29 28
1 30
2 31 30
1 32
1 32
0
2 34 35
1 36
2 36 37
2 38 37
1 39
2 40 39
1 40
1 42
1 42
1 43
0
2 45 46
1 46
2 47 48
0
1 2
46 46
1 1 1 1 1 1 1 1 1 1 1 1 1 1 1 1 1 1 1 1 1 1 1 1 1 1 1 1 1 1 1 1 1 1 1 1 1 1 1 1 1 1 1 1 1 1
1 1
1 2
0
1 4
0
1 7
1 8
1 8
1 10
2 11 10
1 12
1 13
2 13 14
2 14 15
1 15
1 17
0
1 19
1 20
2 21 20
1 21
1 23
0
1 24
1 26
1 26
2 27 28
1 28
1 29
0
2 31 32
2 32 33
0
0
1 36
1 36
2 37 38
1 39
0
1 40
1 42
1 43
1 43
1 44
0
0
48 50
1 1 1 1 1 1 1 1 1 1 1 1 1 1 1 1 1 1 1 1 1 1 1 1 1 1 1 1 1 1 1 1 1 1 1 1 1 1 1 1 1 1 1 1 1 1 1 1 1 1
2 1 2
1 2
1 3
1 5
2 5 6
1 7
0
1 9
1 10
1 10
1 12
1 13
1 14
0
1 16
0
0
2 19 18
2 20 19
1 21
0
0
0
0
1 26
1 27
1 27
1 28
1 29
1 31
1 31
1 32
1 33
1 35
1 36
0
0
0
1 40
0
1 42
2 42 43
0
0
0
0
0
2 49 48
46 47
1 1 1 1 1 1 1 1 1 1 1 1 1 1 1 1 1 1 1 1 1 1 1 1 1 1 1 1 1 1 1 1 1 1 1 1 1 1 1 1 1 1 1 1 1 1 1
0
1 3
0
2 4 5
1 5
1 6
0
1 8
1 10
1 10
1 11
1 13
0
0
1 16
0
0
0
2 19 20
1 21
2 22 21
0
2 23 24
0
1 25
1 27
1 28
1 29
1 30
1 31
0
1 33
0
1 35
1 35
2 36 37
2 37 38
1 38
1 39
1 41
1 42
2 43 42
1 44
0
1 45
2 46 47
48 45
1 1 1 1 1 1 1 1 1 1 1 1 1 1 1 1 1 1 1 1 1 1 1 1 1 1 1 1 1 1 1 1 1 1 1 1 1 1 1 1 1 1 1 1 1
2 2 1
1 3
2 3 4
0
1 6
0
1 8
1 8
1 10
1 11
0
2 13 12
0
1 15
1 15
2 17 16
1 18
2 19 18
1 20
1 21
1 22
1 22
1 23
1 24
1 25
0
1 28
1 29
0
0
1 32
1 33
1 34
2 34 35
0
1 36
1 37
0
1 40
1 40
1 42
0
1 43
1 44
1 1
1 2
1 3
0
50 46
1 1 1 1 1 1 1 1 1 1 1 1 1 1 1 1 1 1 1 1 1 1 1 1 1 1 1 1 1 1 1 1 1 1 1 1 1 1 1 1 1 1 1 1 1 1
1 1
1 3
1 4
2 5 4
0
0
2 8 7
1 8
1 9
0
1 12
0
1 13
0
1 15
1 17
1 18
0
2 19 20
1 20
1 21
1 23
2 23 24
1 24
1 25
1 27
1 28
0
2 30 29
2 30 31
1 32
1 32
2 33 34
1 34
1 36
1 36
1 37
0
1 40
2 40 41
1 41
2 43 42
0
1 44
1 46
0
2 1 2
1 3
1 3
0
46 45
1 1 1 1 1 1 1 1 1 1 1 1 1 1 1 1 1 1 1 1 1 1 1 1 1 1 1 1 1 1 1 1 1 1 1 1 1 1 1 1 1 1 1 1 1
0
1 2
2 3 4
1 4
1 6
1 6
0
0
0
1 10
1 12
1 13
1 13
1 14
2 16 15
2 16 17
1 18
1 18
1 20
1 21
1 21
2 22 23
1 24
2 24 25
1 26
0
0
1 28
1 30
1 30
2 32 31
1 32
0
0
2 36 35
1 36
1 38
2 39 38
1 40
1 40
1 41
1 42
2 43 44
0
2 45 1
2 2 1
49 48
1 1 1 1 1 1 1 1 1 1 1 1 1 1 1 1 1 1 1 1 1 1 1 1 1 1 1 1 1 1 1 1 1 1 1 1 1 1 1 1 1 1 1 1 1 1 1 1
2 1 2
0
1 3
0
2 5 6
0
1 8
2 8 9
1 10
1 10
2 12 11
2 12 13
1 14
1 15
0
0
0
0
1 20
1 21
1 22
2 23 22
0
1 24
0
1 27
0
0
1 29
0
1 32
1 32
0
2 34 35
0
1 37
1 37
2 39 38
0
1 41
1 41
0
1 43
0
2 46 45
2 47 46
1 47
1 48
1 1
45 46
1 1 1 1 1 1 1 1 1 1 1 1 1 1 1 1 1 1 1 1 1 1 1 1 1 1 1 1 1 1 1 1 1 1 1 1 1 1 1 1 1 1 1 1 1 1
1 2
2 3 2
0
1 5
0
1 6
1 8
1 8
1 10
0
1 11
1 13
1 13
1 14
2 16 15
1 16
1 17
0
2 20 19
2 21 20
0
1 23
2 24 23
1 25
1 25
2 27 26
1 27
1 28
1 30
0
2 32 31
1 33
2 34 33
1 35
2 36 35
0
0
1 39
1 40
1 40
2 41 42
1 43
0
1 45
1 46
