5
99 99
1 1 1 1 1 1 1 1 1 1 1 1 1 1 1 1 1 1 1 1 1 1 1 1 1 1 1 1 1 1 1 1 1 1 1 1 1 1 1 1 1 1 1 1 1 1 1 1 1 1 1 1 1 1 1 1 1 1 1 1 1 1 1 1 1 1 1 1 1 1 1 1 1 1 1 1 1 1 1 1 1 1 1 1 1 1 1 1 1 1 1 1 1 1 1 1 1 1 1
1 2
0
0
2 5 4
1 5
1 7
0
1 9
1 10
0
2 12 11
1 12
1 14
1 14
2 15 16
1 17
0
1 19
1 19
1 21
2 21 22
1 22
1 23
1 25
1 25
1 26
1 27
0
0
0
2 32 31
2 33 32
1 33
1 34
0
2 37 36
0
1 39
0
2 40 41
2 42 41
1 43
1 43
1 45
1 46
0
0
0
0
1 51
1 52
0
2 53 54
1 55
2 55 56
1 56
2 58 57
1 59
0
1 60
0
1 63
0
0
0
2 67 66
2 67 68
2 69 68
2 70 69
1 71
1 72
0
1 74
0
1 75
1 76
1 78
0
0
0
1 81
0
0
1 84
2 85 86
1 87
1 87
2 89 88
0
0
1 91
0
1 93
1 94
1 96
2 97 96
2 98 97
0
1 99
97 100
1 1 1 1 1 1 1 1 1 1 1 1 1 1 1 1 1 1 1 1 1 1 1 1 1 1 1 1 1 1 1 1 1 1 1 1 1 1 1 1 1 1 1 1 1 1 1 1 1 1 1 1 1 1 1 1 1 1 1 1 1 1 1 1 1 1 1 1 1 1 1 1 1 1 1 1 1 1 1 1 1 1 1 1 1 1 1 1 1 1 1 1 1 1 1 1 1 1 1 1
1 2
1 3
1 4
1 5
0
1 7
1 7
1 9
1 9
1 11
1 11
2 13 12
1 14
2 15 14
2 16 15
0
1 18
1 19
2 20 19
1 20
2 22 21
2 23 22
0
2 24 25
1 26
2 26 27
1 28
1 29
1 30
2 30 31
1 31
0
0
0
1 35
1 37
0
2 38 39
1 39
0
1 41
1 42
1 43
0
0
1 47
1 47
1 48
2 50 49
1 50
0
1 53
2 53 54
0
1 55
1 57
2 57 58
1 59
1 60
0
1 62
1 62
2 63 64
0
1 66
1 67
1 68
0
0
0
1 72
2 72 73
1 73
0
1 75
2 77 76
0
1 79
2 79 80
1 80
2 82 81
1 82
1 84
2 84 85
0
0
2 88 87
0
1 89
0
2 91 92
1 93
1 93
1 95
1 96
1 97
0
95 97
1 1 1 1 1 1 1 1 1 1 1 1 1 1 1 1 1 1 1 1 1 1 1 1 1 1 1 1 1 1 1 1 1 1 1 1 1 1 1 1 1 1 1 1 1 1 1 1 1 1 1 1 1 1 1 1 1 1 1 1 1 1 1 1 1 1 1 1 1 1 1 1 1 1 1 1 1 1 1 1 1 1 1 1 1 1 1 1 1 1 1 1 1 1 1 1 1
1 1
1 3
1 3
2 5 4
0
0
0
0
1 9
2 11 10
1 11
0
0
0
1 15
0
2 18 17
1 18
1 19
1 20
2 22 21
2 23 22
0
1 24
2 25 26
1 26
2 28 27
1 28
1 30
0
0
2 33 32
0
1 34
2 35 36
1 36
0
0
1 39
2 40 41
1 41
1 43
1 44
0
2 46 45
1 46
2 47 48
0
0
2 50 51
1 52
1 53
1 53
2 54 55
1 56
0
1 58
1 59
1 60
1 61
2 62 61
2 62 63
1 63
0
1 65
1 66
2 67 68
1 68
2 69 70
1 70
1 71
1 72
1 73
1 74
2 76 75
0
2 77 78
1 79
1 79
0
0
2 82 83
0
2 84 85
2 86 85
2 87 86
1 88
0
0
1 91
0
1 93
1 93
1 94
1 95
100 95
1 1 1 1 1 1 1 1 1 1 1 1 1 1 1 1 1 1 1 1 1 1 1 1 1 1 1 1 1 1 1 1 1 1 1 1 1 1 1 1 1 1 1 1 1 1 1 1 1 1 1 1 1 1 1 1 1 1 1 1 1 1 1 1 1 1 1 1 1 1 1 1 1 1 1 1 1 1 1 1 1 1 1 1 1 1 1 1 1 1 1 1 1 1 1
1 1
0
1 3
1 5
1 6
2 7 6
1 8
1 9
1 10
0
2 11 12
1 12
2 14 13
2 14 15
2 15 16
0
1 17
2 19 18
2 19 20
1 21
1 21
1 22
0
1 25
1 25
2 27 26
1 28
1 28
1 29
0
1 32
0
2 33 34
1 34
0
1 36
2 37 38
0
1 39
1 41
0
1 43
1 44
1 45
1 45
2 47 46
2 48 47
1 49
0
2 51 50
1 52
1 52
1 54
2 55 54
1 56
1 57
0
2 59 58
1 59
2 60 61
1 62
1 62
1 63
0
2 66 65
0
0
2 69 68
1 69
0
0
1 72
2 74 73
1 74
2 76 75
2 77 76
0
0
1 80
1 80
0
0
1 84
1 84
1 86
0
0
0
1 90
0
0
1 92
1 93
2 95 94
1 1
2 1 2
2 3 2
1 4
0
2 5 6
97 100
1 1 1 1 1 1 1 1 1 1 1 1 1 1 1 1 1 1 1 1 1 1 1 1 1 1 1 1 1 1 1 1 1 1 1 1 1 1 1 1 1 1 1 1 1 1 1 1 1 1 1 1 1 1 1 1 1 1 1 1 1 1 1 1 1 1 1 1 1 1 1 1 1 1 1 1 1 1 1 1 1 1 1 1 1 1 1 1 1 1 1 1 1 1 1 1 1 1 1 1
0
2 2 3
2 4 3
0
2 5 6
0
1 7
2 9 8
1 9
2 11 10
0
1 13
0
1 15
0
1 16
0
1 18
1 20
0
1 21
1 22
2 24 23
1 24
2 25 26
1 27
2 28 27
2 28 29
1 30
1 31
2 31 32
1 33
0
1 35
1 35
0
0
1 39
0
1 41
1 41
1 42
1 44
2 45 44
1 46
1 47
1 47
2 48 49
2 50 49
0
1 52
1 52
0
1 54
0
1 56
2 57 58
1 58
2 59 60
1 60
2 62 61
2 63 62
1 64
2 65 64
2 66 65
1 67
0
1 68
1 70
0
0
2 73 72
0
1 75
0
1 77
1 77
1 79
1 80
2 80 81
0
2 83 82
1 83
2 85 84
2 85 86
1 87
1 87
0
1 89
1 91
1 91
1 92
2 94 93
1 94
1 96
0
2 98 97
