1
496 500
1 1 1 1 1 1 1 1 1 1 1 1 1 1 1 1 1 1 1 1 1 1 1 1 1 1 1 1 1 1 1 1 1 1 1 1 1 1 1 1 1 1 1 1 1 1 1 1 1 1 1 1 1 1 1 1 1 1 1 1 1 1 1 1 1 1 1 1 1 1 1 1 1 1 1 1 1 1 1 1 1 1 1 1 1 1 1 1 1 1 1 1 1 1 1 1 1 1 1 1 1 1 1 1 1 1 1 1 1 1 1 1 1 1 1 1 1 1 1 1 1 1 1 1 1 1 1 1 1 1 1 1 1 1 1 1 1 1 1 1 1 1 1 1 1 1 1 1 1 1 1 1 1 1 1 1 1 1 1 1 1 1 1 1 1 1 1 1 1 1 1 1 1 1 1 1 1 1 1 1 1 1 1 1 1 1 1 1 1 1 1 1 1 1 1 1 1 1 1 1 1 1 1 1 1 1 1 1 1 1 1 1 1 1 1 1 1 1 1 1 1 1 1 1 1 1 1 1 1 1 1 1 1 1 1 1 1 1 1 1 1 1 1 1 1 1 1 1 1 1 1 1 1 1 1 1 1 1 1 1 1 1 1 1 1 1 1 1 1 1 1 1 1 1 1 1 1 1 1 1 1 1 1 1 1 1 1 1 1 1 1 1 1 1 1 1 1 1 1 1 1 1 1 1 1 1 1 1 1 1 1 1 1 1 1 1 1 1 1 1 1 1 1 1 1 1 1 1 1 1 1 1 1 1 1 1 1 1 1 1 1 1 1 1 1 1 1 1 1 1 1 1 1 1 1 1 1 1 1 1 1 1 1 1 1 1 1 1 1 1 1 1 1 1 1 1 1 1 1 1 1 1 1 1 1 1 1 1 1 1 1 1 1 1 1 1 1 1 1 1 1 1 1 1 1 1 1 1 1 1 1 1 1 1 1 1 1 1 1 1 1 1 1 1 1 1 1 1 1 1 1 1 1 1 1 1 1 1 1 1 1 1 1 1 1 1 1 1 1 1 1 1 1 1 1 1 1 1 1 1 1 1 1 1 1 1 1 1 1 1 1 1 1 1 1 1 1 1 1 1 1 1 1 1 1 1 1 1 1 1 1 1 1 1 1 1 1 1 1 1
1 2
1 3
1 4
1 5
2 6 5
1 6
2 7 8
0
1 9
0
2 11 12
2 13 12
1 14
2 14 15
1 16
1 16
1 18
1 18
0
0
0
0
1 24
1 25
0
1 26
1 27
2 28 29
1 29
1 31
1 32
2 33 32
0
0
1 36
2 37 36
1 38
1 38
0
2 41 40
1 42
1 42
1 43
2 44 45
1 45
0
1 47
0
1 50
1 51
0
0
1 53
1 54
1 55
1 57
1 57
2 58 59
0
1 60
0
1 62
1 64
2 65 64
1 66
1 67
1 68
1 68
1 70
2 70 71
1 72
0
1 73
2 75 74
1 75
1 76
2 78 77
2 79 78
0
0
0
1 83
0
1 85
2 85 86
0
1 88
1 88
0
1 91
1 92
1 93
1 94
1 95
1 95
2 97 96
1 97
1 99
1 100
0
1 101
2 103 102
1 103
1 105
2 105 106
1 107
1 107
2 108 109
1 110
0
1 112
1 112
1 113
2 114 115
1 116
2 116 117
1 118
1 119
2 119 120
2 120 121
1 122
1 123
0
2 125 124
1 125
1 126
2 127 128
0
2 130 129
1 131
2 131 132
1 132
1 134
1 134
2 136 135
0
2 137 138
0
2 140 139
2 141 140
0
2 143 142
2 144 143
0
1 146
1 147
0
1 148
1 150
1 150
1 151
0
2 154 153
2 154 155
2 155 156
2 157 156
0
1 159
1 159
2 160 161
0
0
0
0
1 165
2 167 166
2 168 167
1 168
0
1 170
1 171
2 173 172
1 173
0
2 175 176
1 177
0
2 178 179
1 180
1 181
1 182
1 183
1 183
0
0
1 186
0
1 189
1 190
2 190 191
1 191
1 192
2 193 194
2 194 195
1 196
0
1 197
1 199
1 199
1 200
2 201 202
1 202
2 204 203
2 205 204
2 205 206
1 207
1 208
2 208 209
1 210
2 210 211
0
2 213 212
2 214 213
1 215
1 215
0
1 218
1 218
2 219 220
1 221
0
1 222
1 224
1 224
1 225
1 226
1 227
0
0
1 231
1 232
1 233
2 234 233
0
2 236 235
0
2 237 238
0
0
2 241 240
1 241
1 242
1 244
0
1 245
1 246
1 247
0
0
2 250 251
2 251 252
0
2 254 253
0
2 256 255
1 257
0
0
0
0
2 261 262
0
0
1 264
2 266 265
0
1 267
1 268
1 269
1 270
0
0
1 274
1 275
0
1 277
0
0
0
1 281
0
1 282
1 283
0
1 286
2 286 287
2 288 287
2 289 288
1 289
0
1 291
2 292 293
1 293
1 295
1 295
2 296 297
1 297
2 298 299
1 300
2 300 301
0
2 303 302
1 304
0
1 306
0
1 308
1 309
1 309
1 311
0
2 312 313
2 314 313
0
0
0
2 317 318
1 318
1 320
0
1 321
1 322
2 324 323
2 324 325
2 326 325
1 326
1 327
1 328
1 330
2 330 331
2 331 332
2 333 332
1 333
2 335 334
2 335 336
1 337
2 337 338
0
1 339
1 340
1 342
1 342
1 344
1 344
1 346
2 346 347
1 348
2 349 348
1 349
2 350 351
0
1 353
1 354
0
1 355
1 356
0
1 358
2 360 359
1 360
2 362 361
2 363 362
1 363
1 364
1 366
1 366
1 368
1 368
1 370
1 370
1 371
1 372
0
0
0
2 376 377
1 378
1 378
0
0
2 381 382
0
0
1 384
1 386
1 386
0
1 389
1 390
1 390
2 392 391
0
1 394
2 394 395
1 396
1 396
1 397
1 399
2 399 400
1 401
1 401
0
2 404 403
1 405
1 406
0
0
0
1 410
1 410
1 412
0
0
1 415
1 416
1 417
1 417
0
1 419
2 421 420
1 421
1 422
2 423 424
1 425
1 425
0
1 428
2 429 428
1 430
2 431 430
1 431
0
2 433 434
0
1 435
1 437
2 437 438
0
1 439
0
2 442 441
2 442 443
2 444 443
1 445
0
0
1 448
0
0
1 450
2 451 452
2 452 453
1 454
0
0
0
0
1 458
2 460 459
1 461
1 461
2 463 462
1 464
1 464
2 465 466
2 467 466
0
1 468
0
2 471 470
0
1 472
2 473 474
1 474
2 475 476
2 476 477
0
1 478
1 480
0
0
1 483
0
0
0
1 487
1 488
1 489
0
0
2 492 491
1 493
1 493
1 494
0
1 496
