10
46 47
1 1 1 1 1 1 1 1 1 1 1 1 1 1 1 1 1 1 1 1 1 1 1 1 1 1 1 1 1 1 1 1 1 1 1 1 1 1 1 1 1 1 1 1 1 1 1
1 1
2 3 4
1 5
2 5 6
2 6 5
3 8 6 7
0
1 8
1 10
0
2 11 13
2 14 13
2 14 13
3 15 14 16
2 16 15
1 18
1 18
0
1 20
1 21
1 21
0
2 23 24
1 26
2 27 26
1 27
1 29
1 29
1 31
1 30
1 32
1 32
1 33
2 35 36
2 35 37
1 36
2 39 38
2 40 39
2 40 39
1 40
1 42
2 42 43
2 43 44
2 46 45
3 45 46 47
1 1
48 47
1 1 1 1 1 1 1 1 1 1 1 1 1 1 1 1 1 1 1 1 1 1 1 1 1 1 1 1 1 1 1 1 1 1 1 1 1 1 1 1 1 1 1 1 1 1 1
1 1
2 2 3
2 3 4
1 6
2 6 5
1 6
1 8
1 9
1 11
2 12 10
0
2 13 12
1 13
3 15 16 14
2 15 17
2 16 17
3 19 18 17
2 20 18
0
0
1 22
2 22 23
0
1 26
1 26
0
2 29 28
1 28
2 29 31
2 32 30
2 32 33
0
2 33 34
1 34
1 36
1 37
2 39 37
1 38
0
3 42 40 41
2 41 42
3 42 43 44
0
1 46
3 46 45 47
1 47
1 1
0
49 46
1 1 1 1 1 1 1 1 1 1 1 1 1 1 1 1 1 1 1 1 1 1 1 1 1 1 1 1 1 1 1 1 1 1 1 1 1 1 1 1 1 1 1 1 1 1
2 2 3
1 4
3 5 3 4
3 5 6 4
1 5
2 7 6
2 9 7
2 9 10
1 10
2 11 10
2 11 12
2 13 12
2 14 13
2 15 16
1 17
1 17
3 17 18 19
3 19 20 18
1 19
2 20 21
3 23 21 22
1 24
2 24 25
2 25 26
1 27
1 28
3 28 27 29
0
3 31 30 29
2 31 32
1 32
1 34
3 33 34 35
1 35
2 35 37
2 36 37
0
2 38 40
1 40
3 40 41 42
1 41
1 42
0
0
2 45 46
1 46
1 3
1 4
3 3 4 5
46 49
1 1 1 1 1 1 1 1 1 1 1 1 1 1 1 1 1 1 1 1 1 1 1 1 1 1 1 1 1 1 1 1 1 1 1 1 1 1 1 1 1 1 1 1 1 1 1 1 1
1 1
1 4
2 4 3
2 6 4
1 7
0
0
2 8 9
3 9 11 10
3 12 10 11
0
2 12 14
1 15
1 15
3 15 16 17
1 16
0
2 19 20
1 19
1 20
2 21 23
3 22 24 23
1 25
2 25 26
0
3 26 27 28
2 29 28
1 28
2 30 29
1 31
2 32 33
3 32 33 34
1 33
2 35 34
1 36
1 37
3 37 39 38
2 39 40
1 40
1 40
2 43 41
2 43 42
1 43
2 46 45
1 47
1 48
45 45
1 1 1 1 1 1 1 1 1 1 1 1 1 1 1 1 1 1 1 1 1 1 1 1 1 1 1 1 1 1 1 1 1 1 1 1 1 1 1 1 1 1 1 1 1
0
1 3
2 5 3
2 5 6
0
1 6
2 8 9
0
2 9 10
2 12 11
2 12 13
0
3 15 14 13
1 16
2 16 17
2 16 18
2 18 19
2 19 18
2 20 21
3 21 22 20
2 21 22
0
1 25
0
2 25 26
2 26 28
1 29
2 29 30
0
1 30
1 33
2 34 33
1 33
2 36 34
3 35 36 37
0
0
2 38 39
3 41 39 40
3 41 40 42
2 43 42
1 43
0
2 44 45
0
45 47
1 1 1 1 1 1 1 1 1 1 1 1 1 1 1 1 1 1 1 1 1 1 1 1 1 1 1 1 1 1 1 1 1 1 1 1 1 1 1 1 1 1 1 1 1 1 1
2 3 2
3 2 3 4
2 4 5
2 5 6
1 7
3 7 6 8
2 8 9
3 9 8 10
1 9
1 12
1 11
2 14 13
2 13 14
2 14 15
1 15
3 18 16 17
2 18 19
2 20 18
2 21 20
0
1 23
3 23 24 22
1 23
1 24
1 25
2 28 27
3 27 28 29
2 29 30
3 30 31 29
2 31 32
2 31 33
2 32 34
3 34 33 35
3 36 35 34
2 35 37
2 37 38
2 39 38
2 40 39
2 39 41
2 42 40
2 41 42
3 44 42 43
1 45
2 45 44
1 45
50 47
1 1 1 1 1 1 1 1 1 1 1 1 1 1 1 1 1 1 1 1 1 1 1 1 1 1 1 1 1 1 1 1 1 1 1 1 1 1 1 1 1 1 1 1 1 1 1
0
1 2
1 3
1 5
3 7 6 5
2 7 8
1 8
0
1 11
1 12
2 13 12
2 12 14
1 13
2 15 16
3 16 15 17
2 16 17
1 18
2 19 20
2 20 21
1 21
0
2 22 24
2 25 23
1 25
2 25 27
1 28
1 29
2 30 29
1 29
1 31
1 32
1 33
2 34 33
2 36 34
2 36 35
1 38
3 39 38 37
1 38
1 39
1 40
3 42 41 43
3 43 44 42
2 43 44
2 44 45
2 46 47
0
2 47 1
2 2 1
1 4
2 4 3
45 50
1 1 1 1 1 1 1 1 1 1 1 1 1 1 1 1 1 1 1 1 1 1 1 1 1 1 1 1 1 1 1 1 1 1 1 1 1 1 1 1 1 1 1 1 1 1 1 1 1 1
1 1
1 3
2 3 4
0
2 7 5
1 6
2 8 7
0
1 10
2 10 11
2 11 13
1 14
2 13 14
1 16
1 16
1 18
0
2 18 20
1 21
1 21
2 21 22
1 22
0
1 26
3 27 26 25
2 26 27
2 27 28
2 30 29
3 31 30 29
1 30
2 33 32
2 34 33
1 33
2 35 34
1 35
1 36
2 39 38
2 38 40
2 41 40
2 42 40
2 43 42
0
1 44
0
1 46
49 49
1 1 1 1 1 1 1 1 1 1 1 1 1 1 1 1 1 1 1 1 1 1 1 1 1 1 1 1 1 1 1 1 1 1 1 1 1 1 1 1 1 1 1 1 1 1 1 1 1
1 2
1 2
2 3 4
2 4 5
1 5
2 7 8
1 7
2 9 8
0
2 12 10
0
3 13 12 14
3 14 15 13
1 15
0
1 16
2 18 17
2 19 20
2 21 19
2 22 20
3 23 21 22
2 24 23
2 24 25
1 25
0
2 27 26
1 27
1 28
2 29 31
2 30 31
3 31 32 33
2 32 34
2 35 33
0
2 35 36
2 38 37
3 37 38 39
2 38 40
1 39
2 41 42
3 41 43 42
0
2 45 44
2 44 45
2 45 47
2 48 47
2 47 49
2 1 49
1 49
47 49
1 1 1 1 1 1 1 1 1 1 1 1 1 1 1 1 1 1 1 1 1 1 1 1 1 1 1 1 1 1 1 1 1 1 1 1 1 1 1 1 1 1 1 1 1 1 1 1 1
2 2 1
3 2 4 3
0
3 6 4 5
2 7 6
1 6
2 8 7
2 8 10
0
0
2 11 13
1 14
2 14 15
2 14 16
0
0
2 18 17
1 18
1 19
0
1 22
3 22 24 23
3 23 25 24
1 24
2 26 25
1 27
3 27 29 28
2 30 29
1 29
2 31 32
2 31 32
3 33 34 32
3 35 34 33
2 36 35
2 35 37
1 37
2 38 39
0
3 40 41 39
1 41
3 43 41 42
3 42 44 43
3 45 44 43
2 44 45
0
2 48 46
0
