5
99 99
1 1 1 1 1 1 1 1 1 1 1 1 1 1 1 1 1 1 1 1 1 1 1 1 1 1 1 1 1 1 1 1 1 1 1 1 1 1 1 1 1 1 1 1 1 1 1 1 1 1 1 1 1 1 1 1 1 1 1 1 1 1 1 1 1 1 1 1 1 1 1 1 1 1 1 1 1 1 1 1 1 1 1 1 1 1 1 1 1 1 1 1 1 1 1 1 1 1 1
3 1 3 2
2 4 3
2 4 3
0
2 6 7
1 6
3 8 7 9
2 10 9
1 11
3 12 11 10
3 13 12 11
1 12
2 13 14
0
1 15
2 17 18
0
2 18 20
2 20 21
1 20
0
1 22
1 23
1 24
0
0
2 29 27
0
0
3 32 31 30
0
1 33
1 35
1 35
0
2 38 37
1 38
2 39 38
2 40 39
2 42 40
2 41 43
2 42 44
1 44
1 44
1 45
2 46 48
1 48
1 49
0
1 50
0
1 54
2 54 53
1 54
1 55
2 57 58
0
3 59 60 58
1 60
2 61 60
0
2 63 62
2 65 64
1 66
1 67
1 68
1 67
2 69 70
0
1 71
1 72
1 72
1 73
2 74 76
2 75 76
2 78 77
2 78 79
0
1 81
2 81 82
2 83 82
1 83
2 84 85
1 84
2 87 86
1 87
2 87 89
1 88
3 91 89 90
2 90 92
2 91 92
2 93 94
3 93 94 95
0
2 97 95
2 96 98
3 97 98 99
2 99 1
2 1 99
95 96
1 1 1 1 1 1 1 1 1 1 1 1 1 1 1 1 1 1 1 1 1 1 1 1 1 1 1 1 1 1 1 1 1 1 1 1 1 1 1 1 1 1 1 1 1 1 1 1 1 1 1 1 1 1 1 1 1 1 1 1 1 1 1 1 1 1 1 1 1 1 1 1 1 1 1 1 1 1 1 1 1 1 1 1 1 1 1 1 1 1 1 1 1 1 1 1
1 2
2 3 2
1 3
1 6
2 5 6
0
1 8
1 8
1 11
1 12
2 12 11
2 14 12
2 14 13
1 16
3 16 17 15
1 16
1 19
1 19
1 21
1 20
1 22
0
2 23 24
3 25 26 24
2 27 26
2 26 27
1 29
0
1 30
2 32 31
1 31
3 32 34 33
1 34
2 35 34
0
2 38 37
0
1 39
1 40
1 41
2 42 43
1 44
0
2 45 44
1 45
3 48 46 47
2 49 48
2 48 50
1 50
2 51 52
2 53 51
2 53 52
2 54 55
2 54 56
2 56 57
2 57 56
2 57 59
3 59 60 58
3 60 61 59
2 60 62
1 63
2 64 62
3 63 65 64
1 64
0
2 67 66
2 69 67
3 69 70 68
2 71 69
3 72 70 71
2 73 72
2 74 72
1 74
3 74 75 76
2 76 75
0
2 77 79
2 79 78
0
1 82
0
0
2 85 84
2 86 85
1 87
1 87
1 87
3 90 89 88
3 91 89 90
2 92 91
2 92 91
2 93 94
1 93
0
1 95
97 99
1 1 1 1 1 1 1 1 1 1 1 1 1 1 1 1 1 1 1 1 1 1 1 1 1 1 1 1 1 1 1 1 1 1 1 1 1 1 1 1 1 1 1 1 1 1 1 1 1 1 1 1 1 1 1 1 1 1 1 1 1 1 1 1 1 1 1 1 1 1 1 1 1 1 1 1 1 1 1 1 1 1 1 1 1 1 1 1 1 1 1 1 1 1 1 1 1 1 1
2 3 1
2 3 2
2 3 5
2 6 5
2 7 5
0
2 8 9
2 9 8
1 9
1 12
1 11
1 12
1 15
1 15
2 15 16
1 18
1 17
1 18
0
1 20
2 21 22
0
1 25
1 25
2 25 26
1 27
0
2 29 28
2 31 30
1 31
1 31
2 34 32
1 33
1 36
2 37 35
2 36 38
2 37 39
2 39 38
1 40
3 42 41 40
1 41
2 42 44
2 44 45
2 45 46
2 45 46
1 48
1 48
3 50 49 48
1 50
1 50
1 52
2 53 52
2 55 53
3 56 55 54
3 55 57 56
0
1 58
2 60 58
1 61
1 61
1 61
1 64
2 63 64
1 65
2 65 66
1 67
1 67
2 70 69
1 71
2 71 70
1 73
2 74 72
0
2 76 75
2 77 76
2 78 76
2 78 77
3 79 78 80
0
1 81
1 81
1 82
2 84 83
3 86 84 85
0
1 88
2 89 87
1 88
3 90 89 91
1 91
2 92 93
2 94 93
1 95
1 95
1 95
1 96
0
96 97
1 1 1 1 1 1 1 1 1 1 1 1 1 1 1 1 1 1 1 1 1 1 1 1 1 1 1 1 1 1 1 1 1 1 1 1 1 1 1 1 1 1 1 1 1 1 1 1 1 1 1 1 1 1 1 1 1 1 1 1 1 1 1 1 1 1 1 1 1 1 1 1 1 1 1 1 1 1 1 1 1 1 1 1 1 1 1 1 1 1 1 1 1 1 1 1 1
3 3 1 2
1 2
3 3 4 5
2 5 4
1 5
1 7
2 8 9
1 8
3 11 9 10
1 11
2 13 11
3 14 12 13
1 13
2 16 15
1 17
2 16 18
3 19 17 18
0
1 20
2 20 22
1 23
1 23
2 25 23
1 24
2 26 27
2 26 27
3 27 28 29
1 28
2 30 31
2 30 31
2 33 31
0
3 35 34 33
1 35
1 37
1 38
1 37
2 40 39
2 40 41
2 42 41
2 42 43
1 43
2 45 44
2 44 46
0
2 46 48
3 49 48 47
1 49
0
2 51 52
1 52
2 54 52
2 55 54
0
1 56
3 57 56 58
1 58
2 59 58
2 61 60
1 60
0
3 63 64 62
1 65
1 64
2 67 65
1 66
2 69 67
2 69 68
3 71 70 69
2 71 70
2 73 72
0
3 75 73 74
1 76
2 77 75
0
2 79 77
1 78
2 80 81
2 82 81
2 82 81
1 82
1 83
2 85 84
3 86 85 87
0
2 87 88
3 89 90 88
2 91 90
2 91 92
1 91
1 93
2 94 95
1 96
1 96
0
99 98
1 1 1 1 1 1 1 1 1 1 1 1 1 1 1 1 1 1 1 1 1 1 1 1 1 1 1 1 1 1 1 1 1 1 1 1 1 1 1 1 1 1 1 1 1 1 1 1 1 1 1 1 1 1 1 1 1 1 1 1 1 1 1 1 1 1 1 1 1 1 1 1 1 1 1 1 1 1 1 1 1 1 1 1 1 1 1 1 1 1 1 1 1 1 1 1 1 1
3 3 2 1
1 4
0
2 5 6
2 5 7
2 8 7
0
1 9
1 9
2 11 10
2 11 12
2 12 13
1 14
2 16 15
1 15
1 16
1 19
2 19 18
2 19 21
1 20
1 22
1 23
1 24
1 26
2 27 25
0
3 29 28 27
1 30
3 29 31 30
1 31
2 31 33
1 32
2 34 33
1 36
0
1 37
1 39
2 40 39
2 40 39
1 42
2 42 43
2 42 44
3 45 43 44
2 44 45
2 46 47
2 47 46
1 47
1 48
2 51 50
1 52
1 52
1 54
1 54
2 56 54
2 57 56
1 58
1 57
2 58 59
2 60 59
2 61 60
2 63 61
2 62 63
2 63 65
2 64 66
1 65
1 68
0
3 69 68 70
1 70
1 71
1 73
2 74 73
2 73 74
1 76
0
1 78
0
3 78 79 80
2 81 80
2 82 80
2 81 83
2 84 82
2 83 84
1 85
1 86
2 86 88
3 87 89 88
1 89
0
1 92
1 93
2 94 93
2 94 95
1 95
2 97 96
0
1 98
1 2
2 2 3
