1
495 497
1 1 1 1 1 1 1 1 1 1 1 1 1 1 1 1 1 1 1 1 1 1 1 1 1 1 1 1 1 1 1 1 1 1 1 1 1 1 1 1 1 1 1 1 1 1 1 1 1 1 1 1 1 1 1 1 1 1 1 1 1 1 1 1 1 1 1 1 1 1 1 1 1 1 1 1 1 1 1 1 1 1 1 1 1 1 1 1 1 1 1 1 1 1 1 1 1 1 1 1 1 1 1 1 1 1 1 1 1 1 1 1 1 1 1 1 1 1 1 1 1 1 1 1 1 1 1 1 1 1 1 1 1 1 1 1 1 1 1 1 1 1 1 1 1 1 1 1 1 1 1 1 1 1 1 1 1 1 1 1 1 1 1 1 1 1 1 1 1 1 1 1 1 1 1 1 1 1 1 1 1 1 1 1 1 1 1 1 1 1 1 1 1 1 1 1 1 1 1 1 1 1 1 1 1 1 1 1 1 1 1 1 1 1 1 1 1 1 1 1 1 1 1 1 1 1 1 1 1 1 1 1 1 1 1 1 1 1 1 1 1 1 1 1 1 1 1 1 1 1 1 1 1 1 1 1 1 1 1 1 1 1 1 1 1 1 1 1 1 1 1 1 1 1 1 1 1 1 1 1 1 1 1 1 1 1 1 1 1 1 1 1 1 1 1 1 1 1 1 1 1 1 1 1 1 1 1 1 1 1 1 1 1 1 1 1 1 1 1 1 1 1 1 1 1 1 1 1 1 1 1 1 1 1 1 1 1 1 1 1 1 1 1 1 1 1 1 1 1 1 1 1 1 1 1 1 1 1 1 1 1 1 1 1 1 1 1 1 1 1 1 1 1 1 1 1 1 1 1 1 1 1 1 1 1 1 1 1 1 1 1 1 1 1 1 1 1 1 1 1 1 1 1 1 1 1 1 1 1 1 1 1 1 1 1 1 1 1 1 1 1 1 1 1 1 1 1 1 1 1 1 1 1 1 1 1 1 1 1 1 1 1 1 1 1 1 1 1 1 1 1 1 1 1 1 1 1 1 1 1 1 1 1 1 1 1 1 1 1 1 1 1 1 1 1 1 1 1 1 1 1 1 1 1 1 1 1 1 1 1 1 1 1 1 1 1 1
1 2
1 2
2 4 3
1 4
1 6
1 6
1 9
1 9
3 10 11 9
1 10
2 12 11
2 14 13
2 13 15
2 16 15
0
1 18
1 18
1 18
0
2 20 22
2 21 23
2 24 23
1 25
0
2 26 25
3 26 27 28
1 28
2 30 28
2 30 31
1 30
1 31
2 33 34
2 35 33
3 35 34 36
0
2 37 38
1 39
1 40
2 40 41
2 41 42
2 43 41
1 43
2 43 44
0
2 45 47
1 48
2 49 48
2 48 49
2 51 49
1 51
1 51
2 52 54
1 55
2 56 54
2 55 57
0
1 58
2 60 58
2 61 60
1 60
1 62
3 62 63 64
2 65 64
1 64
1 67
1 66
2 69 68
1 68
2 70 71
3 72 70 71
1 71
1 74
2 73 74
2 74 76
2 76 75
2 77 76
2 79 78
2 79 78
3 79 81 80
3 82 81 80
2 82 83
2 84 83
3 85 83 84
3 84 86 85
1 87
1 87
2 88 89
1 89
2 89 90
1 90
2 92 93
1 92
2 95 94
1 95
2 96 95
2 97 98
3 98 97 99
1 99
2 100 101
2 102 101
2 103 102
1 104
3 103 104 105
1 106
3 107 105 106
1 106
2 107 108
1 109
1 111
3 111 112 110
1 112
1 113
2 115 113
1 115
1 117
0
2 118 117
1 119
1 119
2 122 120
1 122
3 122 123 124
1 125
2 125 124
2 125 127
3 128 126 127
1 128
2 128 130
2 131 130
2 131 130
2 132 133
1 132
2 133 135
3 136 135 134
1 137
2 136 138
2 137 139
1 140
1 139
2 141 140
2 141 142
0
2 144 143
2 144 145
1 147
1 147
2 148 149
2 148 150
1 151
1 150
0
2 154 153
1 154
1 155
3 155 157 156
1 157
1 158
1 159
1 160
2 161 160
0
0
3 163 165 164
0
2 166 167
2 167 168
2 169 168
2 168 169
2 170 169
1 170
1 171
3 173 172 174
1 173
1 175
2 176 175
0
2 177 178
2 178 179
1 179
3 181 182 180
1 183
3 184 183 182
2 184 183
2 184 185
3 186 187 185
2 187 186
1 187
2 188 190
1 191
1 192
3 193 192 191
1 193
3 195 194 193
3 195 196 194
1 195
2 198 197
1 199
1 199
3 199 201 200
1 201
2 201 203
1 204
3 204 203 205
3 205 206 204
1 206
2 206 208
2 209 208
1 208
1 209
1 212
2 213 211
3 214 213 212
0
2 215 216
2 215 216
2 217 216
2 217 218
2 219 220
1 220
2 220 221
1 223
2 222 224
2 225 224
1 225
2 227 226
1 226
2 227 228
2 229 230
1 230
0
1 231
1 232
3 233 234 235
2 236 234
0
1 238
1 238
0
1 241
2 240 241
3 243 241 242
1 243
1 243
2 245 246
0
1 246
1 249
1 249
0
3 252 250 251
1 251
1 254
3 254 255 253
3 256 254 255
3 255 257 256
2 258 257
0
2 259 258
3 259 261 260
3 260 261 262
2 262 261
2 264 263
2 265 263
2 265 266
1 266
0
1 267
1 268
1 270
2 270 272
1 272
1 274
2 275 274
1 274
2 277 275
3 276 277 278
0
1 279
2 281 280
2 282 281
0
1 283
2 285 283
1 284
2 285 286
3 286 288 287
1 289
0
3 290 289 291
1 291
0
1 292
2 294 293
2 295 294
0
0
2 298 299
3 299 298 300
3 300 299 301
1 302
1 301
0
0
2 305 304
0
2 308 307
2 307 308
2 310 308
2 310 309
1 311
1 312
1 312
2 315 314
2 314 315
2 315 317
0
1 317
2 319 320
1 319
3 322 321 320
2 321 323
2 324 323
1 323
0
0
1 327
3 329 327 328
0
2 330 331
1 331
0
2 332 334
1 335
0
2 335 336
1 336
2 337 339
0
3 339 341 340
1 342
0
2 343 342
1 344
1 346
2 346 345
1 346
2 347 348
1 348
1 350
2 352 351
2 351 352
1 352
1 354
1 355
0
3 357 356 358
2 357 359
2 358 360
2 359 361
2 361 360
1 363
2 362 363
2 365 364
1 364
2 367 366
2 368 366
1 368
2 369 370
1 369
0
2 373 372
0
1 373
2 374 375
1 376
2 376 378
1 377
3 378 379 380
1 381
1 382
1 381
0
1 384
1 384
1 387
2 386 388
1 387
1 389
1 389
2 392 390
0
2 392 394
1 393
3 394 395 396
1 396
1 397
2 399 397
2 400 398
0
3 400 401 402
0
0
1 403
2 405 404
2 405 406
3 406 407 408
1 407
2 410 408
1 410
2 411 410
2 413 411
1 412
0
1 416
0
1 418
1 417
1 418
2 421 420
3 422 421 420
0
1 423
3 423 425 424
3 425 424 426
3 427 425 426
3 426 427 428
2 428 429
3 428 429 430
0
1 430
0
2 433 432
1 434
1 434
3 437 435 436
2 436 438
0
2 439 438
3 441 440 439
2 441 440
2 441 442
1 442
2 443 445
3 445 446 444
0
1 448
2 448 449
1 449
0
3 451 450 452
2 453 452
1 453
1 453
1 454
1 457
1 457
0
2 459 460
3 460 459 461
1 460
2 462 461
3 464 462 463
1 463
1 466
0
2 466 468
0
1 470
0
1 471
0
3 474 472 473
0
2 475 476
2 477 475
0
2 479 478
2 478 479
2 479 480
1 481
3 481 482 483
1 484
1 483
2 486 485
1 486
1 488
0
1 488
0
2 491 492
2 492 493
0
1 494
2 496 495
0
