10
45 49
1 1 1 1 1 1 1 1 1 1 1 1 1 1 1 1 1 1 1 1 1 1 1 1 1 1 1 1 1 1 1 1 1 1 1 1 1 1 1 1 1 1 1 1 1 1 1 1 1
3 3 5 2
0
2 6 5
3 4 5 8
3 9 6 8
3 7 8 10
1 8
3 8 11 10
2 12 10
3 13 12 10
3 14 15 12
3 14 13 12
3 15 17 13
2 15 18
3 19 17 18
4 16 17 19 20
3 18 21 20
1 18
2 19 21
3 21 20 23
3 23 21 25
1 22
3 25 24 23
4 25 28 27 24
2 27 28
2 27 29
4 31 29 27 28
5 29 32 30 28 31
2 32 33
1 32
1 33
4 32 35 36 33
3 34 37 36
3 35 36 37
3 38 39 36
2 37 40
3 37 39 41
4 41 39 42 40
2 42 41
3 44 42 43
3 42 45 44
4 44 46 45 43
2 43 45
2 45 48
3 46 47 45
45 47
1 1 1 1 1 1 1 1 1 1 1 1 1 1 1 1 1 1 1 1 1 1 1 1 1 1 1 1 1 1 1 1 1 1 1 1 1 1 1 1 1 1 1 1 1 1 1
1 4
3 6 2 3
2 3 5
2 6 4
2 8 6
4 6 9 10 7
2 11 9
2 9 10
2 11 13
2 13 12
2 14 11
2 12 15
3 14 15 17
3 15 16 17
4 17 19 15 18
2 16 17
3 17 18 21
4 22 19 18 21
3 19 22 23
3 23 22 24
3 24 25 21
2 25 22
3 25 24 23
1 27
1 26
3 26 29 28
3 27 31 28
4 32 29 28 30
1 32
4 30 31 32 33
0
3 33 34 32
1 35
2 34 37
2 36 39
2 37 38
3 38 39 41
3 38 42 41
1 43
1 44
2 44 43
3 44 46 42
4 43 44 47 45
2 46 45
2 1 46
46 45
1 1 1 1 1 1 1 1 1 1 1 1 1 1 1 1 1 1 1 1 1 1 1 1 1 1 1 1 1 1 1 1 1 1 1 1 1 1 1 1 1 1 1 1 1
2 2 1
5 2 4 3 5 6
3 7 5 6
3 6 5 8
4 6 7 8 5
3 6 8 10
4 9 10 8 11
2 8 10
1 13
2 14 12
2 11 15
2 13 16
4 14 16 13 15
3 16 18 14
2 18 19
4 19 16 17 20
4 19 20 17 21
2 22 18
2 23 19
3 21 20 23
3 25 21 23
4 25 24 22 23
3 23 26 24
3 27 24 25
1 25
1 27
4 28 29 31 27
3 30 29 28
4 30 32 29 31
3 32 33 34
3 31 32 34
4 33 35 32 34
3 37 36 34
4 36 34 38 35
4 37 36 39 35
4 38 37 39 40
3 40 37 41
2 42 40
1 41
1 43
3 44 42 45
2 44 42
3 44 43 1
3 1 44 2
3 2 45 1
3 5 3 2
47 48
1 1 1 1 1 1 1 1 1 1 1 1 1 1 1 1 1 1 1 1 1 1 1 1 1 1 1 1 1 1 1 1 1 1 1 1 1 1 1 1 1 1 1 1 1 1 1 1
3 4 3 2
1 5
4 3 7 5 6
2 6 8
3 9 6 7
1 8
4 8 10 7 11
3 10 12 9
3 11 9 13
3 13 12 11
5 11 14 12 13 15
2 15 12
1 15
3 17 16 18
3 19 18 16
1 18
4 18 21 20 17
0
2 21 20
2 22 23
3 25 22 23
1 25
3 25 23 26
2 26 28
2 25 28
2 28 26
4 29 28 31 30
2 32 31
2 33 32
1 32
3 31 35 32
3 35 32 36
3 37 36 34
2 35 37
4 35 37 36 38
2 36 39
2 39 38
1 41
2 43 41
3 42 40 41
4 43 45 41 42
2 43 45
2 46 47
2 47 46
4 47 45 1 48
2 48 2
1 1
45 47
1 1 1 1 1 1 1 1 1 1 1 1 1 1 1 1 1 1 1 1 1 1 1 1 1 1 1 1 1 1 1 1 1 1 1 1 1 1 1 1 1 1 1 1 1 1 1
3 4 3 5
1 6
3 5 4 6
2 4 7
5 5 6 8 9 7
2 6 9
3 8 9 10
4 8 12 10 11
2 10 13
1 10
4 11 15 13 12
2 12 16
1 15
2 16 14
0
2 17 20
3 21 19 20
2 21 19
3 23 19 20
2 21 20
2 24 23
2 25 22
2 23 24
3 26 28 25
3 28 26 27
3 30 29 28
4 27 29 30 28
2 29 31
4 31 32 33 29
3 30 31 33
4 34 31 32 35
3 35 36 33
2 35 36
4 37 38 35 36
1 36
3 39 40 38
4 40 38 41 39
4 41 39 40 38
2 40 39
4 40 44 41 43
1 42
3 46 44 45
2 46 44
4 45 47 46 44
3 47 46 45
48 50
1 1 1 1 1 1 1 1 1 1 1 1 1 1 1 1 1 1 1 1 1 1 1 1 1 1 1 1 1 1 1 1 1 1 1 1 1 1 1 1 1 1 1 1 1 1 1 1 1 1
1 3
1 3
1 6
4 6 7 5 4
1 6
1 7
3 11 8 7
1 11
3 9 13 10
1 11
2 11 15
3 12 14 15
4 16 14 17 15
1 17
2 16 15
2 18 19
2 20 21
2 18 19
1 19
2 24 21
3 24 22 25
4 25 24 22 26
4 23 26 24 27
3 27 24 26
1 25
3 29 26 28
4 29 27 28 31
2 30 29
2 32 31
4 31 32 30 33
2 33 31
2 32 36
3 37 35 36
4 34 38 35 36
5 38 39 35 36 37
2 40 39
3 41 40 38
3 41 40 38
5 39 40 42 43 41
1 44
2 44 41
2 44 46
2 44 45
4 47 45 48 44
2 46 48
2 50 46
3 48 49 47
4 48 49 1 50
50 49
1 1 1 1 1 1 1 1 1 1 1 1 1 1 1 1 1 1 1 1 1 1 1 1 1 1 1 1 1 1 1 1 1 1 1 1 1 1 1 1 1 1 1 1 1 1 1 1 1
2 4 5
3 5 6 4
3 5 4 6
3 7 4 8
1 6
2 9 8
3 11 8 7
3 8 11 12
1 13
4 11 10 13 12
2 11 14
4 16 12 13 15
2 14 13
1 15
4 17 19 15 16
2 20 17
1 19
2 22 21
0
4 23 22 24 21
4 23 25 22 24
2 24 22
5 27 24 23 25 26
1 26
3 26 27 28
3 26 29 28
0
3 28 29 32
3 31 30 32
3 34 30 32
3 33 31 35
4 35 36 34 32
2 33 35
2 38 36
2 36 35
3 39 38 40
1 41
1 40
2 42 39
4 42 43 40 44
3 43 42 41
3 42 43 46
3 45 44 43
4 46 47 44 45
3 48 49 45
1 46
3 2 47 48
3 3 49 48
3 1 4 2
1 5
46 48
1 1 1 1 1 1 1 1 1 1 1 1 1 1 1 1 1 1 1 1 1 1 1 1 1 1 1 1 1 1 1 1 1 1 1 1 1 1 1 1 1 1 1 1 1 1 1 1
2 3 2
3 4 3 2
4 5 3 6 7
2 8 4
2 6 9
2 9 6
0
5 8 9 11 10 12
2 12 10
3 11 10 13
2 15 13
2 16 14
3 16 13 15
3 16 15 17
2 16 19
3 19 17 20
2 19 18
3 18 20 19
4 23 19 21 22
3 22 24 21
4 23 24 25 22
0
4 27 26 24 25
2 25 26
3 26 27 29
2 30 27
3 29 28 27
1 31
3 30 31 33
3 31 32 33
3 35 32 34
1 35
1 34
4 35 34 38 37
3 36 38 39
1 37
2 39 40
4 38 40 42 39
5 40 39 43 41 42
4 40 41 42 43
1 44
2 45 43
2 47 43
4 46 47 48 44
4 1 47 46 48
1 1
48 45
1 1 1 1 1 1 1 1 1 1 1 1 1 1 1 1 1 1 1 1 1 1 1 1 1 1 1 1 1 1 1 1 1 1 1 1 1 1 1 1 1 1 1 1 1
3 4 1 3
3 2 6 5
5 7 3 5 4 6
2 5 8
4 5 9 7 6
3 7 9 10
4 7 9 8 10
4 11 10 8 12
3 13 11 10
4 11 13 12 14
2 13 12
3 15 13 16
3 17 15 13
2 18 15
3 18 17 15
1 19
2 17 21
1 22
3 20 19 23
4 21 20 22 24
2 24 23
4 22 26 25 23
3 27 26 25
1 28
4 27 25 28 29
2 30 27
3 28 27 29
2 30 28
0
2 30 32
3 31 34 32
5 33 36 35 34 32
2 37 35
1 36
3 39 38 36
3 39 36 38
3 40 37 38
2 38 41
2 39 40
1 41
2 45 43
3 45 1 43
3 1 44 2
2 3 1
1 3
4 3 4 2 1
4 3 5 2 4
2 4 6
47 46
1 1 1 1 1 1 1 1 1 1 1 1 1 1 1 1 1 1 1 1 1 1 1 1 1 1 1 1 1 1 1 1 1 1 1 1 1 1 1 1 1 1 1 1 1 1
4 5 3 4 1
4 4 3 2 6
3 3 6 4
3 6 4 5
2 9 6
3 9 10 8
0
3 9 8 12
5 10 12 9 13 11
2 11 12
4 13 11 12 14
3 12 14 13
3 15 17 16
1 15
2 17 18
4 20 16 18 17
3 17 18 20
3 18 20 22
2 19 22
1 24
4 24 25 23 21
4 23 25 22 24
3 26 24 25
1 28
2 25 26
2 30 27
2 29 30
2 30 32
3 29 31 32
0
3 33 31 34
3 32 34 35
4 33 37 36 34
5 36 34 37 38 35
2 38 37
1 39
3 38 41 39
2 42 41
3 42 39 40
2 42 43
3 43 42 44
0
3 46 43 1
2 45 46
4 1 45 3 2
3 2 1 3
5 1 5 2 4 3
