5
95 98
1 1 1 1 1 1 1 1 1 1 1 1 1 1 1 1 1 1 1 1 1 1 1 1 1 1 1 1 1 1 1 1 1 1 1 1 1 1 1 1 1 1 1 1 1 1 1 1 1 1 1 1 1 1 1 1 1 1 1 1 1 1 1 1 1 1 1 1 1 1 1 1 1 1 1 1 1 1 1 1 1 1 1 1 1 1 1 1 1 1 1 1 1 1 1 1 1 1
3 5 1 3
1 6
3 5 4 7
2 7 8
1 7
3 7 10 6
3 9 11 8
4 10 8 9 11
3 9 10 12
1 12
3 12 14 15
1 16
4 14 17 13 15
4 16 17 14 15
2 19 16
2 19 20
3 17 18 20
2 21 18
5 20 22 23 19 21
2 23 21
5 21 23 22 25 24
4 24 25 26 22
3 25 23 24
3 26 27 28
2 28 27
2 27 26
1 29
2 29 28
3 30 29 32
3 34 31 32
2 31 34
2 32 35
1 35
2 37 36
1 39
2 37 39
2 37 40
2 38 42
3 43 41 39
2 43 40
4 45 43 41 42
4 45 46 42 43
3 45 44 46
3 48 46 47
3 48 46 47
5 47 49 48 50 46
2 48 50
3 51 50 48
4 52 53 50 49
3 51 52 50
3 52 54 51
1 56
1 54
4 56 55 58 57
3 58 57 55
2 58 56
0
3 60 58 59
3 61 62 63
3 64 61 62
2 63 61
3 62 64 65
1 63
2 66 67
4 66 69 65 68
2 67 69
1 67
2 71 68
3 71 72 70
3 73 72 74
3 71 72 73
1 74
4 76 74 73 75
4 76 78 74 75
4 77 75 76 79
2 80 79
1 80
1 81
3 81 83 79
3 81 80 83
2 85 83
2 83 86
3 83 84 86
3 85 88 87
2 89 88
3 89 90 87
3 89 90 91
3 92 91 90
4 92 89 90 91
1 91
4 95 93 91 92
3 94 95 93
3 93 94 95
3 94 98 97
2 1 95
97 97
1 1 1 1 1 1 1 1 1 1 1 1 1 1 1 1 1 1 1 1 1 1 1 1 1 1 1 1 1 1 1 1 1 1 1 1 1 1 1 1 1 1 1 1 1 1 1 1 1 1 1 1 1 1 1 1 1 1 1 1 1 1 1 1 1 1 1 1 1 1 1 1 1 1 1 1 1 1 1 1 1 1 1 1 1 1 1 1 1 1 1 1 1 1 1 1 1
5 1 4 2 3 5
3 5 3 4
3 4 3 7
4 5 7 8 6
1 5
2 10 8
2 11 7
3 12 8 11
1 10
1 14
2 12 11
5 15 12 16 13 14
2 17 13
3 14 18 15
3 17 15 16
3 19 16 20
1 18
2 22 21
2 21 22
4 20 23 24 21
2 23 21
4 22 25 26 24
2 23 25
4 28 24 25 26
2 25 28
4 27 30 28 26
2 28 31
2 29 32
1 30
2 34 31
3 35 34 32
3 32 36 35
2 37 36
3 37 36 34
1 39
5 40 36 39 37 38
3 41 39 37
2 38 39
1 40
1 44
3 41 44 43
2 45 44
1 45
2 47 45
2 49 46
2 48 50
2 48 50
2 52 49
3 53 52 49
1 53
2 51 52
3 56 52 53
1 53
3 57 56 54
3 55 58 59
2 59 60
1 60
2 59 60
2 61 63
2 61 62
2 63 61
2 63 64
2 64 66
2 64 68
3 66 65 67
2 70 69
3 70 69 68
2 71 70
3 71 70 72
2 71 73
3 71 75 72
1 75
2 76 74
1 76
5 77 79 76 75 78
1 77
2 79 77
1 82
5 79 81 82 83 80
2 82 80
2 84 83
2 85 83
2 83 86
1 84
1 88
3 88 90 87
2 89 87
2 91 88
2 92 89
3 94 90 91
4 93 95 94 91
2 95 94
2 93 95
3 94 95 97
2 2 97
0
2 1 4
100 99
1 1 1 1 1 1 1 1 1 1 1 1 1 1 1 1 1 1 1 1 1 1 1 1 1 1 1 1 1 1 1 1 1 1 1 1 1 1 1 1 1 1 1 1 1 1 1 1 1 1 1 1 1 1 1 1 1 1 1 1 1 1 1 1 1 1 1 1 1 1 1 1 1 1 1 1 1 1 1 1 1 1 1 1 1 1 1 1 1 1 1 1 1 1 1 1 1 1 1
0
3 3 4 2
4 7 4 5 6
2 7 6
2 8 6
3 9 6 7
3 8 11 9
4 8 10 11 12
5 13 12 9 10 11
3 14 10 11
3 15 11 14
3 13 14 16
0
3 16 18 17
0
4 20 16 19 18
4 21 19 17 20
2 18 19
2 21 23
1 21
4 24 23 21 22
3 23 25 24
3 27 23 24
2 25 24
3 26 29 28
4 30 27 29 28
3 31 29 28
2 32 31
3 29 33 31
4 31 32 34 33
2 32 33
4 36 33 35 34
3 33 37 34
1 38
1 35
2 38 40
1 41
1 40
1 40
3 40 43 44
3 41 45 44
5 44 45 46 43 42
2 43 44
3 45 47 46
2 46 45
2 48 50
2 49 51
2 48 51
2 52 50
3 54 50 52
3 55 54 51
1 55
1 55
2 58 55
3 55 56 58
1 60
1 59
4 60 62 58 61
2 60 63
3 61 64 60
3 64 65 62
4 63 62 66 65
1 65
3 66 64 67
3 65 68 66
2 70 66
2 67 71
2 69 68
1 72
2 70 72
2 73 72
3 76 75 73
0
2 75 78
2 77 78
2 79 80
2 79 80
3 78 80 82
5 82 83 81 80 79
4 82 80 81 84
2 85 82
3 86 82 85
2 87 86
2 87 85
0
3 87 86 90
4 89 91 90 88
1 88
1 91
2 90 93
1 91
2 94 93
3 95 93 96
2 96 97
1 96
2 96 98
4 2 99 97 98
2 1 98
2 1 99
5 1 2 5 4 3
97 96
1 1 1 1 1 1 1 1 1 1 1 1 1 1 1 1 1 1 1 1 1 1 1 1 1 1 1 1 1 1 1 1 1 1 1 1 1 1 1 1 1 1 1 1 1 1 1 1 1 1 1 1 1 1 1 1 1 1 1 1 1 1 1 1 1 1 1 1 1 1 1 1 1 1 1 1 1 1 1 1 1 1 1 1 1 1 1 1 1 1 1 1 1 1 1 1
3 1 5 4
3 2 3 6
2 3 5
4 8 7 6 5
4 8 6 5 9
5 7 10 9 8 6
4 10 8 7 9
1 12
1 12
1 14
2 12 13
4 15 14 13 16
1 16
3 17 15 18
3 16 18 17
4 20 19 17 16
2 21 17
2 21 18
3 19 22 21
3 21 24 20
1 23
2 22 26
5 26 24 25 23 27
2 27 28
2 25 29
4 26 27 30 29
2 27 29
3 32 31 28
2 30 32
4 32 30 33 34
2 32 31
2 32 34
1 35
3 37 36 35
2 36 37
2 38 40
0
1 38
4 40 39 43 41
4 40 44 43 41
1 41
2 44 42
4 44 43 47 46
3 44 46 47
4 46 48 47 45
4 49 47 50 46
3 50 49 51
4 50 48 49 51
1 51
3 51 54 52
3 54 53 52
2 54 55
1 55
3 55 54 56
3 56 55 59
2 57 59
4 61 58 59 57
1 60
3 59 60 63
3 64 63 61
1 64
1 62
2 64 67
2 68 66
4 69 65 66 67
5 67 66 68 69 70
3 69 67 71
3 72 69 68
3 72 70 69
3 73 71 72
1 73
0
4 73 77 74 76
3 76 74 75
2 79 77
1 79
2 77 79
4 78 79 80 81
2 79 81
0
4 84 81 83 85
2 82 83
2 84 87
2 84 85
2 88 85
2 87 90
2 88 90
2 90 92
4 89 90 92 91
1 92
2 91 92
3 96 92 93
4 93 94 96 95
3 1 95 96
3 1 2 3
1 1
3 4 5 2
100 98
1 1 1 1 1 1 1 1 1 1 1 1 1 1 1 1 1 1 1 1 1 1 1 1 1 1 1 1 1 1 1 1 1 1 1 1 1 1 1 1 1 1 1 1 1 1 1 1 1 1 1 1 1 1 1 1 1 1 1 1 1 1 1 1 1 1 1 1 1 1 1 1 1 1 1 1 1 1 1 1 1 1 1 1 1 1 1 1 1 1 1 1 1 1 1 1 1 1
3 2 4 5
4 4 3 5 6
3 5 7 6
1 8
2 7 8
2 10 7
2 8 7
3 9 11 10
1 9
4 11 14 12 13
2 12 14
0
1 15
1 14
3 16 19 17
4 18 19 16 20
1 17
2 20 21
3 23 19 22
4 24 20 21 22
2 24 25
4 23 22 24 25
4 27 26 25 23
2 28 25
3 25 26 27
2 30 28
3 31 30 28
3 30 28 29
2 29 32
2 32 30
1 32
4 34 32 35 36
1 33
2 35 36
4 38 37 36 35
4 38 36 40 39
4 39 41 40 38
3 38 40 41
3 40 39 42
2 44 41
3 42 43 41
4 45 44 43 46
4 43 46 44 47
2 47 46
2 49 45
0
2 47 49
4 52 50 48 49
1 53
1 50
4 54 51 53 52
4 54 56 52 53
1 56
2 55 54
5 57 56 55 58 59
3 58 59 56
2 59 61
4 58 59 62 60
5 62 60 63 59 61
3 64 60 61
3 63 65 61
4 63 65 62 64
2 63 67
3 65 68 64
2 68 69
3 69 67 68
1 70
3 70 69 68
3 70 71 73
3 73 74 72
3 72 71 73
1 75
1 73
2 74 76
3 78 77 75
2 78 76
3 81 80 79
4 79 78 82 81
2 82 79
3 80 81 84
2 81 85
2 86 85
5 84 86 87 83 85
3 87 86 85
3 85 89 88
3 89 87 90
3 90 91 89
1 92
3 92 91 89
2 93 94
4 91 95 94 92
3 95 94 96
4 95 97 94 96
2 95 94
4 1 98 96 95
2 2 98
1 3
4 2 1 4 98
4 5 3 2 1
2 4 2
