1
498 496
1 1 1 1 1 1 1 1 1 1 1 1 1 1 1 1 1 1 1 1 1 1 1 1 1 1 1 1 1 1 1 1 1 1 1 1 1 1 1 1 1 1 1 1 1 1 1 1 1 1 1 1 1 1 1 1 1 1 1 1 1 1 1 1 1 1 1 1 1 1 1 1 1 1 1 1 1 1 1 1 1 1 1 1 1 1 1 1 1 1 1 1 1 1 1 1 1 1 1 1 1 1 1 1 1 1 1 1 1 1 1 1 1 1 1 1 1 1 1 1 1 1 1 1 1 1 1 1 1 1 1 1 1 1 1 1 1 1 1 1 1 1 1 1 1 1 1 1 1 1 1 1 1 1 1 1 1 1 1 1 1 1 1 1 1 1 1 1 1 1 1 1 1 1 1 1 1 1 1 1 1 1 1 1 1 1 1 1 1 1 1 1 1 1 1 1 1 1 1 1 1 1 1 1 1 1 1 1 1 1 1 1 1 1 1 1 1 1 1 1 1 1 1 1 1 1 1 1 1 1 1 1 1 1 1 1 1 1 1 1 1 1 1 1 1 1 1 1 1 1 1 1 1 1 1 1 1 1 1 1 1 1 1 1 1 1 1 1 1 1 1 1 1 1 1 1 1 1 1 1 1 1 1 1 1 1 1 1 1 1 1 1 1 1 1 1 1 1 1 1 1 1 1 1 1 1 1 1 1 1 1 1 1 1 1 1 1 1 1 1 1 1 1 1 1 1 1 1 1 1 1 1 1 1 1 1 1 1 1 1 1 1 1 1 1 1 1 1 1 1 1 1 1 1 1 1 1 1 1 1 1 1 1 1 1 1 1 1 1 1 1 1 1 1 1 1 1 1 1 1 1 1 1 1 1 1 1 1 1 1 1 1 1 1 1 1 1 1 1 1 1 1 1 1 1 1 1 1 1 1 1 1 1 1 1 1 1 1 1 1 1 1 1 1 1 1 1 1 1 1 1 1 1 1 1 1 1 1 1 1 1 1 1 1 1 1 1 1 1 1 1 1 1 1 1 1 1 1 1 1 1 1 1 1 1 1 1 1 1 1 1 1 1 1 1 1 1 1 1 1 1 1 1 1 1 1 1 1 1 1 1 1 1 1 1 1
3 1 2 5
4 6 3 5 2
2 7 5
3 6 5 4
2 7 6
2 7 6
3 7 10 8
3 8 12 11
4 10 9 13 11
4 10 12 13 11
0
1 16
3 17 14 13
2 14 15
4 19 17 18 15
3 20 19 16
4 17 18 21 20
1 21
3 21 19 23
2 20 21
3 22 23 24
2 24 23
2 23 25
5 28 27 24 25 26
2 27 25
3 27 28 30
3 27 28 31
3 32 31 28
1 33
4 33 30 34 32
4 35 34 31 33
3 34 32 35
3 37 34 36
2 36 35
3 36 35 37
3 36 39 40
2 38 40
3 42 40 38
3 40 39 41
0
5 41 44 45 43 42
2 43 42
2 46 44
2 48 46
2 48 49
3 46 47 48
2 48 50
4 49 52 50 48
2 52 51
4 52 53 51 50
4 52 51 54 55
3 52 54 53
3 57 56 53
3 56 54 55
3 58 59 55
2 56 59
2 58 60
1 60
3 63 61 62
4 64 61 60 63
4 61 64 65 62
2 64 62
1 64
1 64
2 66 67
4 68 69 67 66
4 70 71 67 68
2 69 71
1 72
3 72 71 73
3 75 74 71
2 73 75
3 77 75 76
2 74 78
2 76 79
1 78
1 80
4 79 81 80 82
2 82 81
2 82 84
2 82 85
2 86 82
3 83 84 86
4 84 87 86 85
2 89 88
2 90 89
1 91
4 90 91 92 88
2 92 93
3 90 91 94
3 93 91 92
4 94 95 92 96
2 97 93
3 96 97 94
3 95 98 99
2 98 99
2 100 97
1 99
2 101 102
4 103 100 101 102
3 101 104 103
2 103 102
2 103 106
3 107 106 105
3 107 108 106
2 106 107
2 109 108
1 112
2 111 110
4 110 113 112 111
2 112 115
3 113 114 115
3 117 116 114
3 118 117 116
2 117 115
2 116 117
4 121 119 118 120
3 122 121 120
2 122 120
2 121 123
1 122
0
1 124
2 124 125
3 128 125 129
2 130 127
3 131 127 129
2 128 132
2 132 130
3 132 134 131
2 134 132
1 133
3 136 134 135
4 134 135 136 137
3 135 136 137
2 136 139
2 139 138
1 140
4 143 142 141 139
2 143 142
1 141
3 144 143 146
2 145 147
1 145
3 149 146 148
1 150
3 150 147 149
3 152 148 149
3 152 151 153
3 151 153 154
1 153
2 154 152
3 157 154 155
3 154 158 157
2 159 158
2 156 159
1 160
4 161 160 158 159
3 161 160 163
3 163 162 161
2 165 161
1 163
1 165
1 166
2 167 169
3 170 169 167
2 168 167
4 170 168 171 172
1 169
2 171 172
2 171 173
3 174 176 175
4 173 174 175 177
2 174 177
3 175 179 177
1 177
2 178 181
3 181 179 178
3 181 183 179
2 182 180
1 183
3 186 183 184
1 186
1 185
5 189 188 186 185 187
4 188 186 187 189
3 187 189 188
2 191 192
2 192 190
0
3 192 195 193
3 195 196 194
2 193 196
3 194 197 198
2 195 196
3 200 196 198
2 198 200
2 199 200
1 203
1 204
4 202 201 203 204
2 202 204
3 206 203 204
1 208
3 206 209 205
3 207 209 210
2 210 211
4 212 210 211 209
1 210
0
3 214 213 215
2 213 215
3 213 215 216
3 214 218 216
3 215 217 216
1 220
5 221 220 218 217 219
1 222
1 223
3 221 224 220
1 223
3 226 224 223
1 223
4 225 224 226 228
2 225 226
1 226
2 228 229
2 229 230
2 229 231
3 233 230 232
1 231
2 235 236
4 234 233 236 237
3 234 237 236
0
2 238 237
3 238 237 241
3 242 240 241
2 240 242
3 244 241 240
2 241 245
0
2 243 247
3 247 248 244
3 245 247 249
2 247 249
3 249 247 251
3 250 251 252
4 249 251 250 253
0
4 252 255 253 251
3 253 254 252
3 256 257 254
4 257 258 255 256
2 255 259
3 256 259 257
4 259 258 260 261
1 258
3 259 261 263
0
2 261 264
2 262 265
4 265 266 267 263
2 265 264
1 268
2 268 270
2 268 267
0
3 272 273 271
2 274 271
3 271 273 275
5 276 274 272 273 275
2 276 277
2 278 277
5 279 275 276 277 278
3 277 278 276
3 281 279 278
2 280 281
3 283 279 280
2 280 283
3 282 281 285
3 286 284 283
3 286 283 287
3 287 284 285
2 286 285
2 289 287
4 287 288 291 289
3 288 291 292
0
1 293
2 294 291
2 294 293
4 293 297 295 296
5 296 295 298 297 294
4 295 298 297 299
2 298 296
2 301 300
2 302 301
4 301 299 303 300
3 301 302 303
2 305 303
2 302 304
1 304
3 304 306 305
5 305 306 308 307 309
3 308 309 310
1 311
2 309 311
2 309 311
2 311 312
4 314 311 312 313
2 316 313
2 316 317
3 316 317 315
2 315 318
2 320 317
3 319 321 320
2 321 319
3 321 320 319
2 321 320
4 322 324 323 321
3 322 323 325
1 326
2 326 328
1 325
4 330 329 328 327
2 329 327
1 331
4 329 330 332 333
1 332
2 335 334
2 333 336
3 333 336 337
1 336
3 336 339 337
3 336 340 339
3 339 340 341
1 338
0
3 342 344 341
3 343 344 345
2 346 342
3 344 345 343
4 348 347 346 345
1 346
2 347 348
5 348 347 349 350 351
2 350 351
2 352 351
5 351 354 350 353 352
2 355 354
4 355 352 353 354
5 357 353 355 354 356
1 354
0
4 359 358 360 357
2 359 360
1 360
3 361 363 359
2 362 360
2 364 365
3 366 365 363
3 363 366 367
3 364 365 368
2 366 368
4 368 369 367 366
3 368 369 367
3 370 368 369
4 371 369 372 370
1 370
0
2 373 372
3 376 375 374
2 375 378
3 379 378 376
3 377 378 376
3 380 381 377
2 381 380
2 380 381
2 382 381
2 381 383
2 385 382
2 383 387
5 386 387 388 384 385
4 388 389 386 387
3 386 389 390
2 391 390
1 392
1 390
2 394 392
2 394 392
2 393 395
1 396
3 397 398 396
1 396
4 396 400 399 398
3 401 400 397
1 398
2 401 402
0
3 402 405 403
3 403 402 406
3 406 403 405
4 405 407 408 404
5 406 407 405 409 408
2 407 409
3 407 410 409
2 410 411
2 411 413
3 411 412 410
3 415 413 412
1 412
2 414 416
2 418 415
2 417 415
0
2 419 418
4 419 418 421 420
4 421 419 420 422
4 420 421 424 423
4 423 421 425 422
2 422 425
3 425 427 424
3 427 426 428
4 426 428 425 429
2 430 427
2 431 429
2 429 430
3 433 432 429
1 431
5 432 435 431 434 433
2 434 435
1 433
3 435 438 437
5 436 435 439 437 438
3 436 438 439
4 437 440 439 441
3 442 438 441
1 441
3 440 444 442
1 442
2 444 445
3 446 447 444
2 444 445
2 446 447
1 450
2 447 451
4 448 451 450 449
3 451 452 450
3 452 451 450
2 451 455
5 452 455 456 453 454
3 453 454 455
2 454 457
3 458 455 456
2 459 457
3 459 461 458
1 459
1 460
3 464 461 462
3 463 464 462
4 465 463 462 464
1 464
2 467 464
3 468 467 469
3 466 470 468
2 468 469
2 468 471
5 472 473 471 470 469
2 474 471
2 475 474
1 474
2 477 476
0
2 475 476
4 478 477 479 476
4 477 480 478 481
4 478 479 481 480
2 480 482
2 483 481
3 483 481 484
3 483 485 484
3 484 485 487
2 485 484
2 489 486
3 486 489 488
4 488 487 490 491
3 489 488 490
4 492 490 491 489
2 493 491
2 495 493
4 493 494 492 496
2 1 496
3 1 496 2
1 495
4 496 4 2 1
2 3 4
5 6 4 2 5 3
