10
49 47
1 1 1 1 1 1 1 1 1 1 1 1 1 1 1 1 1 1 1 1 1 1 1 1 1 1 1 1 1 1 1 1 1 1 1 1 1 1 1 1 1 1 1 1 1 1 1
7 3 1 7 4 9 8 10
6 11 2 6 3 4 5
3 3 12 10
5 5 9 6 12 7
5 13 7 10 9 11
3 10 6 12
6 12 16 7 8 10 9
7 11 9 16 12 17 10 15
5 15 14 11 13 9
3 12 18 16
5 13 20 17 15 19
4 15 19 17 12
7 13 15 22 18 19 17 16
3 17 19 18
5 24 15 20 17 23
6 22 24 21 20 17 23
5 26 22 20 21 18
6 22 18 23 19 20 21
3 28 21 20
6 22 24 28 26 25 21
6 27 29 25 21 30 26
2 23 30
8 24 31 28 23 29 25 30 32
5 33 24 32 31 29
3 27 25 31
5 29 34 27 30 28
3 32 34 33
5 31 35 30 34 33
5 35 36 29 38 34
6 38 35 34 36 37 31
4 35 32 34 38
6 40 39 41 37 32 33
4 39 38 41 40
5 34 39 43 42 35
2 38 44
4 43 38 41 45
4 37 41 39 43
5 39 43 46 38 45
4 1 44 45 40
4 47 40 2 45
5 46 41 45 47 3
5 47 46 2 42 44
5 43 4 47 2 46
6 1 2 44 5 46 3
4 4 7 45 1
4 6 1 2 4
7 4 9 1 8 5 7 6
6 8 2 7 9 10 1
1 2
48 49
1 1 1 1 1 1 1 1 1 1 1 1 1 1 1 1 1 1 1 1 1 1 1 1 1 1 1 1 1 1 1 1 1 1 1 1 1 1 1 1 1 1 1 1 1 1 1 1 1
5 9 5 2 4 8
5 4 8 2 5 3
1 11
5 8 11 7 5 13
7 6 13 7 12 14 5 8
6 14 6 10 15 9 11
4 8 9 16 14
3 16 8 9
7 17 13 16 9 10 15 14
1 13
5 19 20 13 15 17
4 14 21 17 19
6 15 19 13 20 18 21
5 22 16 20 21 14
3 18 22 21
7 20 23 25 21 22 17 18
7 22 21 23 20 17 19 18
4 26 24 22 23
7 23 25 26 24 20 27 19
6 29 22 25 23 28 21
4 21 29 30 22
2 26 24
6 28 23 24 25 27 26
6 27 25 31 33 30 32
3 29 25 32
5 28 30 29 35 26
6 28 35 32 36 27 31
5 33 36 35 28 37
4 30 38 37 32
6 31 39 37 30 35 34
6 34 33 32 38 35 31
7 35 41 32 38 34 36 40
4 34 33 39 42
5 34 36 38 43 39
4 41 37 39 36
4 44 40 37 42
7 41 45 46 44 37 38 43
5 47 44 43 38 45
6 40 48 45 46 43 41
2 45 48
4 45 48 1 42
7 43 48 42 47 44 46 2
5 44 46 3 2 48
6 45 46 1 4 49 44
7 48 1 47 45 5 3 4
2 46 6
3 2 6 47
5 48 4 3 49 1
47 50
1 1 1 1 1 1 1 1 1 1 1 1 1 1 1 1 1 1 1 1 1 1 1 1 1 1 1 1 1 1 1 1 1 1 1 1 1 1 1 1 1 1 1 1 1 1 1 1 1 1
5 6 1 7 10 3
7 6 8 5 11 4 7 3
6 3 11 10 9 4 6
2 4 9
7 13 9 11 10 7 8 5
4 13 6 15 7
4 11 16 10 12
6 12 14 9 15 13 11
6 15 13 9 12 17 11
4 13 14 11 16
5 13 19 12 20 14
7 19 18 13 16 14 12 21
6 21 18 17 13 19 15
5 17 15 16 22 20
4 24 16 17 19
5 18 23 17 25 22
8 26 24 17 25 19 23 20 22
4 19 25 18 26
4 19 22 20 23
6 25 22 29 28 27 26
5 25 28 26 23 24
6 26 30 25 29 27 24
1 32
3 29 27 24
8 28 29 26 31 30 25 34 27
4 30 29 28 33
8 27 28 34 36 33 29 35 32
5 33 34 36 30 35
4 37 31 36 29
4 36 38 34 31
6 36 40 34 33 37 39
4 40 33 39 32
7 39 36 38 40 34 41 35
2 38 42
3 35 44 36
7 39 37 40 38 45 36 41
4 42 43 41 46
5 41 39 43 46 42
9 47 39 41 44 46 48 42 45 43
6 44 48 46 45 49 41
5 41 48 49 43 45
3 45 50 48
4 45 44 46 48
4 45 47 3 2
7 2 46 47 1 49 4 3
5 2 49 4 48 3
4 5 6 47 49
49 49
1 1 1 1 1 1 1 1 1 1 1 1 1 1 1 1 1 1 1 1 1 1 1 1 1 1 1 1 1 1 1 1 1 1 1 1 1 1 1 1 1 1 1 1 1 1 1 1 1
5 7 9 6 5 4
2 2 11
4 9 10 12 8
5 7 13 10 9 5
5 11 14 9 8 5
6 15 9 13 11 7 8
5 7 14 15 9 12
2 14 15
6 17 9 15 11 13 18
4 14 11 12 15
4 11 12 15 16
4 19 12 15 16
3 19 15 20
4 22 23 21 14
4 16 17 21 15
7 22 17 20 16 25 24 23
4 24 23 26 18
6 27 25 21 26 22 20
8 19 26 24 25 27 23 22 21
7 24 20 23 29 22 25 21
4 25 30 29 27
6 29 25 27 28 22 26
3 27 31 26
2 28 25
5 33 34 27 28 30
6 31 35 28 26 34 30
5 30 33 34 28 31
6 29 33 31 30 34 37
6 31 35 30 37 29 38
6 30 37 36 34 31 35
4 32 31 40 38
6 34 38 39 40 32 35
7 33 40 39 35 42 38 41
9 41 36 40 37 42 43 34 35 38
4 38 36 44 43
1 39
8 40 45 39 42 44 38 46 41
6 41 45 38 40 44 46
6 39 40 44 42 47 45
6 46 41 49 42 44 47
3 43 42 47
5 45 43 48 44 47
5 1 2 49 44 45
4 45 46 2 4
4 48 1 46 49
5 46 2 6 4 5
6 7 5 47 6 4 49
3 2 48 4
4 2 1 8 5
45 48
1 1 1 1 1 1 1 1 1 1 1 1 1 1 1 1 1 1 1 1 1 1 1 1 1 1 1 1 1 1 1 1 1 1 1 1 1 1 1 1 1 1 1 1 1 1 1 1
5 10 8 1 9 3
4 5 4 8 7
4 7 9 8 4
5 5 9 12 11 7
5 9 14 8 7 13
6 11 12 9 13 8 15
4 11 9 10 16
4 11 12 14 10
8 10 15 16 14 13 17 18 12
6 13 10 19 17 16 18
2 14 12
5 21 19 20 12 16
4 15 16 19 22
4 14 22 19 18
4 15 17 20 19
7 17 18 19 16 25 24 21
6 25 23 18 26 19 20
7 24 20 21 27 19 22 18
4 22 21 26 20
5 24 22 28 21 26
7 28 26 24 23 29 22 30
6 28 26 29 22 25 27
8 26 28 32 23 25 31 24 29
5 29 32 26 30 25
6 26 30 28 27 32 34
5 30 32 35 26 27
4 30 33 29 28
6 36 34 32 37 33 28
5 35 34 36 30 33
7 32 37 39 36 33 35 38
7 38 31 35 33 37 39 32
5 39 40 36 38 35
2 40 34
5 34 39 40 36 42
4 35 36 41 38
4 36 39 40 41
5 37 38 44 45 42
4 46 39 44 45
4 42 40 39 44
3 42 40 45
6 43 1 48 41 42 47
4 1 46 45 42
6 4 47 2 48 46 3
3 5 46 45
4 6 45 4 46
50 49
1 1 1 1 1 1 1 1 1 1 1 1 1 1 1 1 1 1 1 1 1 1 1 1 1 1 1 1 1 1 1 1 1 1 1 1 1 1 1 1 1 1 1 1 1 1 1 1 1
6 7 9 6 3 10 5
3 5 3 11
6 12 11 5 6 3 8
5 11 5 9 13 7
5 10 7 8 14 6
5 7 12 6 10 11
4 14 16 9 11
3 14 11 16
8 14 15 17 9 18 12 13 11
5 16 10 18 13 12
4 16 12 18 17
6 15 16 18 21 20 19
5 22 19 17 13 14
8 18 22 20 15 19 21 17 16
7 24 17 16 20 18 15 19
6 18 21 20 25 17 22
5 25 18 23 26 17
6 21 22 19 18 26 24
7 27 26 28 21 19 25 20
5 23 27 21 26 20
9 24 25 21 26 22 29 27 30 28
4 24 31 22 25
4 26 23 28 27
6 29 31 27 24 25 33
3 25 28 26
3 26 34 27
7 36 34 27 30 32 28 33
5 33 36 29 28 35
7 32 35 33 34 31 37 36
4 32 37 31 34
7 36 37 33 32 38 31 39
3 36 39 41
7 41 42 35 36 38 40 37
3 43 34 35
6 41 36 35 38 39 43
2 38 41
8 39 43 38 46 41 37 42 45
7 44 41 46 43 42 39 47
6 42 45 48 47 44 41
5 41 47 43 49 40
5 48 47 42 1 49
5 45 49 42 44 2
5 48 1 2 43 3
3 47 1 46
4 3 47 48 1
6 47 6 4 2 46 49
6 6 49 1 3 2 47
4 8 2 49 5
6 1 7 49 5 8 4
6 5 3 8 6 1 10
47 49
1 1 1 1 1 1 1 1 1 1 1 1 1 1 1 1 1 1 1 1 1 1 1 1 1 1 1 1 1 1 1 1 1 1 1 1 1 1 1 1 1 1 1 1 1 1 1 1 1
5 6 4 2 9 3
7 3 10 9 4 8 2 11
7 7 4 6 3 9 10 8
3 5 11 4
6 13 7 9 10 6 5
7 14 15 11 10 12 6 9
3 8 12 9
6 15 9 16 8 12 11
5 11 17 18 10 14
5 16 15 14 12 19
5 18 11 17 13 15
6 20 18 12 13 19 14
5 16 14 13 19 17
6 14 19 17 20 23 18
4 24 17 22 18
5 25 17 21 24 22
7 18 22 19 20 21 25 26
8 26 25 19 22 20 18 21 27
5 27 24 28 26 21
4 27 20 21 22
2 27 24
3 31 22 30
6 30 32 23 28 24 27
5 33 28 27 24 30
2 28 30
3 32 33 26
5 31 33 28 35 32
2 33 31
5 32 30 29 38 37
5 32 39 37 33 38
4 36 35 34 40
7 38 40 35 39 36 34 33
3 36 38 41
5 39 34 41 36 43
5 40 39 36 41 44
7 45 42 38 44 39 40 41
5 39 40 46 43 45
4 47 43 41 39
5 42 39 40 43 48
6 49 43 46 40 42 47
9 45 49 43 44 1 41 42 48 46
6 46 49 45 1 44 47
4 1 43 49 46
3 49 48 46
5 3 46 49 5 2
8 2 3 49 4 46 6 1 5
6 4 3 2 47 49 48
48 48
1 1 1 1 1 1 1 1 1 1 1 1 1 1 1 1 1 1 1 1 1 1 1 1 1 1 1 1 1 1 1 1 1 1 1 1 1 1 1 1 1 1 1 1 1 1 1 1
4 4 5 7 9
7 5 11 8 4 7 10 3
4 9 10 12 7
7 6 12 8 11 9 7 13
4 10 9 6 7
7 9 14 10 13 6 8 11
7 8 14 13 10 15 16 12
1 12
5 9 11 14 13 10
2 12 10
4 16 19 20 12
2 19 18
3 21 19 20
5 17 21 23 18 19
4 15 22 21 17
4 23 19 25 20
6 26 19 17 23 20 22
7 27 21 22 23 19 25 24
5 24 20 21 22 19
6 20 26 21 23 29 22
5 28 24 26 23 21
4 28 25 29 24
5 24 32 28 25 30
5 28 25 29 26 31
9 25 34 27 31 26 29 28 32 30
7 35 29 30 27 26 31 32
4 30 36 31 33
4 36 34 30 37
3 36 31 34
7 39 34 36 31 35 37 30
5 34 40 38 39 37
8 37 41 34 33 39 38 35 36
2 38 40
5 42 38 37 34 40
7 37 36 41 44 43 42 38
5 44 45 37 39 36
5 44 40 45 41 37
5 40 42 43 39 38
4 40 47 45 48
4 44 42 1 48
5 41 43 2 1 44
5 45 3 47 46 1
7 47 45 43 3 2 1 44
6 2 1 44 45 3 4
7 48 47 5 1 45 46 3
8 7 1 6 5 47 46 4 2
9 4 48 3 7 8 47 6 5 2
5 9 5 6 4 3
50 45
1 1 1 1 1 1 1 1 1 1 1 1 1 1 1 1 1 1 1 1 1 1 1 1 1 1 1 1 1 1 1 1 1 1 1 1 1 1 1 1 1 1 1 1 1
6 10 3 9 8 2 5
3 3 2 7
5 9 8 3 6 10
3 13 10 5
7 11 6 5 14 9 8 7
5 14 12 6 10 9
7 14 7 10 9 12 16 11
6 8 11 13 10 16 17
5 11 9 14 16 15
5 13 10 15 11 19
4 15 19 14 17
2 16 12
6 19 15 21 14 20 17
3 16 20 23
4 24 20 22 21
4 16 23 19 17
6 24 17 22 20 19 26
4 23 18 22 24
6 21 20 24 19 22 23
4 20 22 21 26
7 27 22 26 23 25 30 24
7 24 30 25 23 26 28 27
5 28 27 25 23 29
9 27 24 26 29 28 33 25 32 31
4 29 32 28 25
8 34 33 31 28 32 26 30 35
3 32 30 33
2 35 32
6 35 38 34 30 37 33
4 31 36 32 35
7 35 40 34 36 33 31 38
6 35 36 33 34 39 41
6 37 36 34 40 39 42
3 36 43 37
5 37 39 44 43 36
2 41 44
2 40 43
5 40 1 45 39 42
8 3 1 43 2 42 40 41 45
4 45 41 43 4
6 3 43 4 41 1 45
8 42 45 6 44 2 1 5 43
5 7 43 44 1 2
3 7 3 2
4 9 7 2 4
4 6 1 7 3
4 4 6 2 11
3 10 6 8
2 4 11
5 13 10 11 12 6
50 46
1 1 1 1 1 1 1 1 1 1 1 1 1 1 1 1 1 1 1 1 1 1 1 1 1 1 1 1 1 1 1 1 1 1 1 1 1 1 1 1 1 1 1 1 1 1
5 10 7 1 3 6
5 2 11 10 8 6
5 10 8 12 3 5
4 8 4 11 6
3 5 12 10
5 8 11 7 10 13
7 15 13 9 8 14 16 12
3 11 10 16
6 9 16 15 12 13 10
4 19 11 16 10
4 11 13 18 16
5 16 15 14 17 13
6 16 17 19 15 22 20
7 17 22 21 15 16 23 18
7 22 16 15 19 23 24 20
4 24 22 21 19
7 25 17 20 26 19 21 23
2 25 22
7 19 25 20 24 26 23 28
6 29 22 21 23 26 28
9 21 26 23 25 28 24 30 22 27
4 22 27 31 29
4 30 23 32 31
6 30 31 27 26 28 29
4 29 25 30 26
4 27 34 30 29
4 28 35 30 34
5 28 29 32 36 33
6 38 33 30 35 37 31
5 39 36 38 32 34
5 36 31 35 34 40
6 39 35 37 36 41 33
6 35 36 40 41 33 34
5 37 38 39 43 40
6 36 43 38 41 37 39
1 43
5 42 41 46 37 44
4 1 44 38 45
5 42 39 43 44 1
4 2 44 43 3
6 2 41 43 44 46 3
6 2 44 45 3 46 4
5 6 44 46 3 43
5 2 5 1 7 4
4 8 5 3 1
8 1 8 6 9 4 2 3 5
5 10 8 1 3 7
7 2 10 7 9 6 11 3
7 12 8 10 3 7 11 9
6 10 8 6 11 9 12
