5
99 100
1 1 1 1 1 1 1 1 1 1 1 1 1 1 1 1 1 1 1 1 1 1 1 1 1 1 1 1 1 1 1 1 1 1 1 1 1 1 1 1 1 1 1 1 1 1 1 1 1 1 1 1 1 1 1 1 1 1 1 1 1 1 1 1 1 1 1 1 1 1 1 1 1 1 1 1 1 1 1 1 1 1 1 1 1 1 1 1 1 1 1 1 1 1 1 1 1 1 1 1
2 9 7
5 2 9 8 11 7
6 5 8 4 9 3 11
6 9 8 13 10 12 4
6 5 6 12 14 9 11
2 10 14
8 12 15 8 9 14 7 11 13
7 11 15 16 8 10 9 12
9 18 17 16 10 15 11 12 14 13
8 15 19 16 17 13 12 14 10
6 16 12 14 13 11 18
5 12 19 13 15 21
4 15 17 16 19
7 22 20 15 14 21 16 17
5 15 21 22 18 23
6 17 16 21 20 19 23
6 19 24 17 26 21 25
5 20 27 24 23 25
5 28 19 23 21 22
6 25 29 24 21 26 27
7 30 25 21 28 29 23 22
5 30 26 22 29 25
3 23 30 32
5 33 29 26 25 24
8 26 31 28 33 32 29 30 34
7 35 33 26 32 30 31 27
6 35 33 32 27 29 28
4 37 33 34 31
5 37 31 30 33 38
5 31 34 37 30 39
3 37 40 34
4 41 33 35 32
4 33 41 38 37
5 39 42 38 43 40
5 41 38 43 44 39
5 42 39 38 40 37
3 41 42 43
3 43 46 44
6 45 44 39 42 48 40
5 40 47 41 45 49
3 44 43 48
5 43 45 48 44 42
7 51 47 49 52 48 50 45
6 48 44 47 46 53 49
3 45 52 49
2 52 53
5 51 55 56 50 53
6 55 57 56 52 53 51
5 55 56 51 49 58
7 58 55 52 59 51 57 53
3 53 60 55
3 61 53 58
5 57 59 62 55 58
4 59 62 56 54
9 61 62 64 60 56 55 57 59 58
8 59 58 63 56 62 57 65 64
7 59 63 62 60 58 57 64
6 67 61 60 62 63 66
4 66 65 67 63
6 60 66 69 68 63 67
5 64 62 67 63 61
7 64 63 68 70 71 62 69
6 70 63 71 65 66 67
4 65 71 73 64
6 70 66 71 65 74 68
3 73 75 72
6 75 76 67 73 74 68
9 68 76 73 72 71 70 77 69 74
6 70 72 73 69 76 75
3 79 73 76
3 79 75 77
3 73 76 80
6 81 74 82 78 80 77
7 78 83 76 81 82 77 74
6 77 76 78 79 83 84
7 80 79 81 83 78 82 85
5 80 85 86 83 81
2 81 83
7 82 86 85 84 87 79 88
6 86 83 85 88 81 89
6 90 84 81 88 89 86
5 88 90 89 85 84
6 84 89 88 92 86 83
4 93 89 92 86
4 88 89 93 85
6 93 86 91 88 92 90
3 90 89 88
4 97 96 89 94
3 97 91 93
6 99 94 90 97 91 92
7 92 98 99 91 94 100 96
7 98 95 92 99 96 1 94
7 2 97 96 1 98 100 94
6 96 94 99 2 98 3
6 98 2 3 100 96 99
3 2 98 97
6 5 1 2 4 97 98
6 100 4 3 1 6 7
5 8 3 5 7 99
99 95
1 1 1 1 1 1 1 1 1 1 1 1 1 1 1 1 1 1 1 1 1 1 1 1 1 1 1 1 1 1 1 1 1 1 1 1 1 1 1 1 1 1 1 1 1 1 1 1 1 1 1 1 1 1 1 1 1 1 1 1 1 1 1 1 1 1 1 1 1 1 1 1 1 1 1 1 1 1 1 1 1 1 1 1 1 1 1 1 1 1 1 1 1 1 1
7 4 2 3 8 6 1 5
3 6 8 7
4 5 9 12 4
3 8 10 6
4 14 5 11 7
4 10 7 13 14
4 16 13 8 12
6 11 15 14 10 8 9
5 12 10 15 14 11
6 18 13 19 16 14 15
3 13 11 16
8 16 17 12 21 15 20 19 14
6 19 17 13 22 15 20
6 18 23 14 21 17 22
4 23 18 16 24
5 23 21 18 24 25
6 18 25 23 22 26 19
5 20 22 23 27 18
4 23 24 22 25
6 28 20 25 22 26 23
3 29 24 23
2 25 28
4 27 23 28 30
5 26 30 28 29 24
4 30 27 26 32
5 26 27 34 30 33
6 34 27 32 30 33 35
2 29 35
6 30 31 37 29 33 32
4 37 31 32 30
7 36 33 32 40 35 38 37
4 35 38 39 32
5 39 42 33 35 36
5 38 39 35 42 40
2 37 40
5 39 41 43 38 45
8 45 46 40 43 39 37 42 41
7 38 43 42 40 46 41 39
6 39 47 44 40 42 43
4 44 47 49 46
4 46 45 42 43
5 51 42 43 46 44
3 45 51 43
4 53 46 45 51
4 53 54 51 50
2 55 46
5 48 52 51 47 55
4 52 49 50 53
5 54 49 55 53 52
6 55 51 58 52 57 53
5 51 53 52 54 55
5 61 59 56 55 53
3 62 54 60
4 61 58 59 63
6 55 61 56 64 60 59
7 56 58 63 65 57 64 60
6 65 60 63 61 59 57
5 60 63 66 59 65
7 60 65 63 66 64 67 61
4 64 62 61 69
6 69 64 61 65 66 62
5 63 67 66 65 68
4 68 71 72 67
4 66 73 69 64
2 66 74
5 75 66 73 74 70
5 69 73 74 71 70
5 74 75 73 68 70
4 69 74 70 75
4 79 76 78 71
4 71 73 74 78
7 81 80 76 78 72 75 74
7 81 79 74 82 73 77 75
4 79 81 75 77
3 78 77 76
7 76 84 77 81 83 80 78
5 82 84 86 81 78
4 83 80 82 85
6 87 83 79 81 84 82
5 80 81 83 89 87
4 89 83 84 85
3 82 86 84
5 88 84 85 90 87
6 91 86 88 85 84 92
5 92 86 85 94 93
6 89 95 88 93 91 90
5 87 88 90 91 1
6 93 95 91 92 2 89
5 91 3 93 94 90
4 91 1 94 3
8 93 5 3 92 4 94 91 1
5 95 93 6 92 1
5 93 7 94 4 3
5 6 7 94 3 8
5 4 8 95 1 5
6 5 4 2 9 8 3
5 5 6 3 8 4
6 7 8 3 12 11 10
4 11 6 4 9
96 100
1 1 1 1 1 1 1 1 1 1 1 1 1 1 1 1 1 1 1 1 1 1 1 1 1 1 1 1 1 1 1 1 1 1 1 1 1 1 1 1 1 1 1 1 1 1 1 1 1 1 1 1 1 1 1 1 1 1 1 1 1 1 1 1 1 1 1 1 1 1 1 1 1 1 1 1 1 1 1 1 1 1 1 1 1 1 1 1 1 1 1 1 1 1 1 1 1 1 1 1
6 5 10 4 7 8 9
5 4 8 5 11 2
6 12 10 4 6 7 8
9 8 13 6 4 5 9 7 12 11
3 11 14 9
4 10 7 15 11
6 11 14 16 10 13 7
5 9 16 13 14 17
6 15 13 16 10 9 12
4 17 11 16 12
5 13 19 12 16 18
8 12 13 17 18 20 14 16 19
6 20 13 15 19 14 18
6 17 15 16 20 21 23
5 24 17 16 21 15
4 25 19 24 22
4 19 18 25 26
4 20 25 22 26
8 25 21 28 23 26 24 19 22
6 25 29 22 24 27 21
5 21 27 30 23 26
4 22 28 30 31
7 30 28 27 26 31 29 24
5 31 32 26 29 27
6 33 26 34 27 30 32
3 28 30 29
5 31 32 30 27 33
4 36 31 34 35
5 36 37 30 33 38
4 31 32 30 34
5 36 40 32 37 33
3 38 35 37
5 38 33 36 39 41
5 42 37 34 35 41
7 43 44 42 35 37 38 36
5 41 36 39 42 43
3 40 39 41
5 41 38 47 40 39
4 48 44 47 46
7 40 41 48 46 47 49 42
4 41 44 43 42
5 51 48 50 44 45
4 46 52 43 49
7 53 47 50 51 49 45 46
4 49 45 52 46
7 55 50 51 53 48 52 47
4 55 50 56 52
7 50 57 55 56 53 48 54
5 56 55 49 50 58
8 53 58 52 57 54 56 55 59
5 57 56 55 52 51
1 58
5 58 61 55 59 60
6 62 60 59 54 55 57
5 56 57 63 59 64
4 58 57 65 59
6 62 59 64 61 65 60
7 65 63 64 62 58 60 66
6 66 63 64 60 67 65
7 66 64 69 63 68 60 67
7 62 65 61 63 67 68 64
5 69 66 67 63 70
6 70 67 72 63 69 71
5 72 71 67 69 73
4 74 66 69 72
4 67 74 68 75
4 73 67 70 76
4 71 69 70 77
6 72 74 73 70 69 78
4 74 77 70 71
4 74 72 73 77
6 75 77 78 73 79 74
2 75 74
7 75 77 81 74 83 79 78
5 77 83 79 80 75
5 84 81 77 83 79
8 83 84 80 86 85 77 79 78
8 83 87 85 78 86 80 79 84
3 80 88 83
4 89 87 80 86
4 83 86 89 90
4 85 90 84 83
6 83 92 87 91 84 90
4 91 92 84 87
8 86 91 94 87 88 92 89 93
6 94 86 95 89 90 87
6 94 92 91 90 95 88
6 94 93 90 92 88 95
4 95 93 94 96
4 95 93 90 98
6 92 95 97 99 91 98
6 98 94 95 99 97 93
3 93 97 2
5 98 99 94 96 95
6 97 98 2 96 4 1
4 98 5 97 3
99 95
1 1 1 1 1 1 1 1 1 1 1 1 1 1 1 1 1 1 1 1 1 1 1 1 1 1 1 1 1 1 1 1 1 1 1 1 1 1 1 1 1 1 1 1 1 1 1 1 1 1 1 1 1 1 1 1 1 1 1 1 1 1 1 1 1 1 1 1 1 1 1 1 1 1 1 1 1 1 1 1 1 1 1 1 1 1 1 1 1 1 1 1 1 1 1
6 6 1 9 10 8 7
4 6 7 9 2
6 12 4 9 6 3 10
7 11 4 12 7 8 5 13
4 12 10 11 14
4 15 13 14 12
4 16 12 11 15
4 17 12 9 13
3 11 9 12
6 19 15 16 10 18 17
5 17 19 15 20 13
6 18 20 17 16 21 14
5 19 21 18 13 17
7 20 19 22 21 23 14 15
5 24 21 22 20 19
6 19 17 18 20 22 21
5 21 25 26 22 23
7 23 26 20 25 22 27 18
5 20 21 27 22 25
5 29 21 28 24 23
7 28 22 30 29 24 27 23
5 25 27 26 22 29
6 24 32 31 28 27 23
6 29 24 26 31 30 25
5 29 30 33 26 32
5 28 33 31 26 35
6 30 29 28 31 32 33
3 29 32 31
3 31 33 38
7 36 39 37 31 38 33 30
7 32 40 36 31 33 35 39
7 39 33 37 35 34 41 40
6 42 34 38 39 40 35
7 34 42 41 37 35 40 43
5 35 40 44 42 38
4 39 41 36 44
3 42 43 38
5 39 38 40 41 44
5 42 43 45 48 41
3 44 41 46
7 44 42 46 48 49 43 50
5 51 48 46 44 47
5 45 47 46 49 50
6 52 47 49 45 51 48
4 48 46 50 47
3 51 55 53
7 53 49 50 47 51 52 48
6 57 50 48 49 52 56
7 52 54 57 53 49 50 58
5 59 50 56 51 54
8 51 52 60 53 54 57 55 58
6 59 53 56 55 52 57
6 58 57 56 59 60 54
7 62 57 59 55 54 58 56
4 55 61 63 60
3 57 65 59
2 62 60
5 58 66 64 65 62
7 68 62 66 63 60 65 64
4 67 62 60 69
5 65 66 64 62 67
4 65 64 67 71
5 69 68 67 66 65
6 68 71 72 73 66 64
6 73 67 65 66 74 70
5 72 69 71 73 70
4 67 71 72 70
6 68 71 76 73 70 72
4 78 72 71 76
7 72 76 71 75 77 74 70
4 73 72 75 79
7 72 75 78 77 73 81 76
1 78
4 78 77 74 75
5 76 84 80 82 78
5 77 85 79 82 80
5 80 78 83 79 77
5 83 80 86 78 81
7 79 84 87 82 83 88 80
8 89 83 85 80 82 88 87 86
6 89 84 83 85 87 90
6 87 90 88 89 86 82
4 92 87 91 89
8 86 92 88 90 91 93 89 84
5 90 85 89 94 86
4 88 91 92 95
3 89 94 88
4 92 89 94 2
6 91 1 95 94 3 89
8 95 93 94 3 91 4 90 92
5 3 92 95 93 4
4 3 6 1 4
4 95 4 94 7
7 7 3 4 2 5 1 8
5 95 7 9 2 1
1 2
3 4 9 10
5 7 9 8 10 3
5 12 5 9 4 13
99 100
1 1 1 1 1 1 1 1 1 1 1 1 1 1 1 1 1 1 1 1 1 1 1 1 1 1 1 1 1 1 1 1 1 1 1 1 1 1 1 1 1 1 1 1 1 1 1 1 1 1 1 1 1 1 1 1 1 1 1 1 1 1 1 1 1 1 1 1 1 1 1 1 1 1 1 1 1 1 1 1 1 1 1 1 1 1 1 1 1 1 1 1 1 1 1 1 1 1 1 1
4 2 9 7 8
6 10 6 5 9 7 4
1 9
6 12 11 8 4 10 13
7 9 12 14 11 7 5 10
4 9 8 12 6
4 16 11 14 13
4 11 9 15 10
5 18 11 9 12 17
5 17 14 15 10 13
3 12 11 16
5 13 21 19 18 16
6 16 18 22 19 15 13
7 21 18 23 14 19 16 17
8 23 22 16 24 17 18 15 20
7 19 23 18 20 22 17 21
5 18 23 19 21 26
7 20 27 22 24 18 25 21
4 25 21 24 28
4 27 28 24 23
7 23 24 25 22 29 30 21
3 29 28 23
5 32 23 26 29 28
3 27 33 31
4 31 28 30 32
5 31 34 33 35 27
4 28 35 32 33
4 32 34 28 33
8 37 36 35 29 34 38 30 31
5 35 34 38 30 32
3 35 40 32
5 34 36 33 41 40
7 39 37 41 40 42 33 38
6 41 43 34 39 35 38
6 40 44 37 36 43 42
3 36 44 45
5 41 39 44 37 40
5 38 44 46 45 40
6 44 40 48 39 47 46
4 43 40 45 48
7 49 50 44 43 46 42 45
5 51 44 49 50 42
4 52 45 50 49
3 53 49 44
6 53 48 46 45 51 52
6 52 49 46 50 51 48
5 49 48 52 53 54
6 53 55 54 48 56 51
7 55 56 58 52 53 54 57
5 57 52 55 51 50
1 56
6 60 55 59 58 53 54
5 56 54 61 59 62
6 58 56 57 54 62 59
4 63 58 56 57
5 64 57 59 65 62
3 65 57 64
3 66 64 67
5 62 64 59 63 68
2 62 69
5 66 67 61 62 63
5 69 66 71 67 70
6 71 68 64 66 72 63
5 66 64 67 72 71
4 66 72 71 70
4 73 68 72 70
6 68 71 67 70 76 69
5 76 72 71 74 70
4 72 75 69 76
7 76 70 78 72 74 77 73
6 74 80 79 78 71 73
7 72 81 74 78 76 79 75
7 78 76 77 81 75 82 73
6 81 76 77 80 83 75
4 78 77 83 76
7 82 84 80 83 85 76 79
6 77 80 85 84 78 79
1 86
6 81 79 88 86 83 80
4 86 82 87 83
5 90 87 81 82 86
6 88 89 83 86 84 91
5 88 84 91 87 86
6 90 91 87 93 84 89
5 86 91 90 85 87
6 91 93 86 95 92 89
4 89 96 90 94
4 90 91 95 96
5 89 96 97 90 94
2 90 91
4 98 91 93 96
8 92 100 98 94 96 99 95 93
5 95 99 1 97 98
6 99 95 3 100 1 96
5 3 4 1 98 2
6 99 100 1 97 3 98
5 97 98 4 5 2
5 3 2 5 6 1
3 100 3 7
