1
498 499
1 1 1 1 1 1 1 1 1 1 1 1 1 1 1 1 1 1 1 1 1 1 1 1 1 1 1 1 1 1 1 1 1 1 1 1 1 1 1 1 1 1 1 1 1 1 1 1 1 1 1 1 1 1 1 1 1 1 1 1 1 1 1 1 1 1 1 1 1 1 1 1 1 1 1 1 1 1 1 1 1 1 1 1 1 1 1 1 1 1 1 1 1 1 1 1 1 1 1 1 1 1 1 1 1 1 1 1 1 1 1 1 1 1 1 1 1 1 1 1 1 1 1 1 1 1 1 1 1 1 1 1 1 1 1 1 1 1 1 1 1 1 1 1 1 1 1 1 1 1 1 1 1 1 1 1 1 1 1 1 1 1 1 1 1 1 1 1 1 1 1 1 1 1 1 1 1 1 1 1 1 1 1 1 1 1 1 1 1 1 1 1 1 1 1 1 1 1 1 1 1 1 1 1 1 1 1 1 1 1 1 1 1 1 1 1 1 1 1 1 1 1 1 1 1 1 1 1 1 1 1 1 1 1 1 1 1 1 1 1 1 1 1 1 1 1 1 1 1 1 1 1 1 1 1 1 1 1 1 1 1 1 1 1 1 1 1 1 1 1 1 1 1 1 1 1 1 1 1 1 1 1 1 1 1 1 1 1 1 1 1 1 1 1 1 1 1 1 1 1 1 1 1 1 1 1 1 1 1 1 1 1 1 1 1 1 1 1 1 1 1 1 1 1 1 1 1 1 1 1 1 1 1 1 1 1 1 1 1 1 1 1 1 1 1 1 1 1 1 1 1 1 1 1 1 1 1 1 1 1 1 1 1 1 1 1 1 1 1 1 1 1 1 1 1 1 1 1 1 1 1 1 1 1 1 1 1 1 1 1 1 1 1 1 1 1 1 1 1 1 1 1 1 1 1 1 1 1 1 1 1 1 1 1 1 1 1 1 1 1 1 1 1 1 1 1 1 1 1 1 1 1 1 1 1 1 1 1 1 1 1 1 1 1 1 1 1 1 1 1 1 1 1 1 1 1 1 1 1 1 1 1 1 1 1 1 1 1 1 1 1 1 1 1 1 1 1 1 1 1 1 1 1 1 1 1 1 1 1 1 1 1 1 1 1 1 1 1 1
3 9 5 3
5 7 11 4 10 3
5 10 11 4 5 6
2 7 9
2 12 6
3 13 6 7
6 13 8 11 7 10 16
4 8 16 14 9
3 18 13 14
6 16 12 15 10 11 13
2 13 15
5 19 21 16 15 17
8 17 18 21 14 16 15 20 19
6 22 19 15 17 23 20
7 16 22 15 20 18 19 24
6 24 18 23 22 20 19
9 22 21 24 25 23 26 19 18 20
7 25 26 18 27 21 22 23
2 28 24
4 21 25 22 20
3 23 30 29
3 27 23 30
4 31 30 25 26
6 26 30 24 25 33 27
5 32 25 34 30 26
4 35 34 26 29
5 30 36 28 33 34
4 37 35 29 33
8 37 38 32 34 35 36 31 30
1 34
4 39 38 36 31
4 32 37 40 33
3 41 39 42
3 34 39 36
4 39 36 38 42
4 37 38 36 45
4 43 46 45 37
3 42 39 40
4 48 42 45 41
6 46 47 48 44 43 45
6 48 42 41 50 46 43
4 43 51 47 44
3 50 52 44
5 48 53 51 52 50
5 45 53 52 47 54
4 52 50 53 48
2 50 48
4 49 57 50 48
5 56 51 53 55 54
6 55 57 58 54 52 51
5 52 56 59 60 54
3 58 56 60
7 55 60 62 53 58 54 59
5 57 62 63 56 60
5 60 59 56 57 64
4 56 61 60 62
5 58 60 64 66 62
7 66 59 62 60 61 65 64
3 59 67 65
7 65 63 69 68 60 67 64
5 66 69 65 62 61
3 67 64 63
6 70 65 67 64 69 71
6 65 64 71 67 69 66
5 66 67 73 70 65
5 72 75 67 69 71
9 74 75 68 76 73 70 67 72 69
5 77 73 70 74 76
5 75 74 78 69 77
6 73 72 77 74 70 76
5 73 72 80 76 77
5 77 72 81 78 74
5 73 82 79 77 78
6 76 82 78 74 77 79
4 79 77 75 83
6 79 78 81 84 83 77
4 77 81 84 79
8 79 78 84 87 86 83 85 82
5 87 80 88 85 86
6 81 82 87 89 88 80
7 87 81 85 82 84 88 90
5 83 82 88 85 91
5 85 83 90 88 87
5 89 93 92 84 86
7 87 92 91 85 86 88 89
7 92 90 86 87 95 88 93
5 94 90 92 89 87
6 94 97 91 89 88 96
5 89 90 91 98 92
4 99 91 95 90
7 97 100 91 92 94 98 93
5 101 95 94 92 93
2 96 93
4 103 95 101 94
4 98 104 99 101
4 101 96 99 104
2 101 103
5 98 103 101 106 105
3 105 103 104
5 103 102 108 105 107
7 105 102 109 110 101 104 108
7 102 111 104 107 110 106 103
6 107 104 106 105 111 103
6 112 106 111 107 108 105
8 112 105 108 113 114 110 109 107
4 106 114 108 111
5 107 115 113 109 111
5 117 111 116 112 109
7 111 113 116 110 114 115 118
4 114 112 113 115
5 117 120 119 111 118
5 117 112 114 120 119
4 117 116 122 115
3 121 123 118
7 124 123 118 117 121 120 115
6 119 121 122 123 118 116
7 121 117 125 126 119 118 122
5 119 124 123 127 125
3 126 124 119
1 123
2 128 127
4 124 125 123 127
5 126 123 128 132 129
4 126 131 132 130
5 134 126 131 130 132
4 132 128 126 127
8 131 132 128 136 130 134 135 133
7 137 135 131 134 130 133 136
6 133 138 129 132 135 134
6 135 133 131 137 136 130
2 138 136
7 133 139 132 140 136 134 135
3 142 137 135
6 137 136 140 134 139 135
3 136 139 137
3 142 136 138
5 146 144 142 139 141
4 146 138 145 139
7 145 142 141 140 146 147 139
4 149 147 142 148
4 147 149 150 148
4 151 145 146 149
6 146 149 145 151 144 147
6 147 150 152 151 148 145
3 147 152 153
6 146 153 148 149 151 152
3 149 150 151
7 153 155 152 149 151 156 154
7 151 153 158 150 154 157 149
4 158 157 156 152
5 160 153 154 158 155
7 160 157 152 155 159 153 156
8 161 156 160 159 154 158 162 155
4 154 162 159 160
4 161 164 158 160
3 161 163 157
6 166 158 159 162 165 164
6 161 167 162 166 158 160
4 160 165 161 166
4 168 162 169 165
5 163 162 161 166 164
3 170 169 166
4 169 170 163 165
4 171 165 173 164
5 170 169 166 172 168
4 175 168 169 167
3 170 167 172
5 174 177 173 171 175
4 177 174 172 175
4 173 170 176 177
3 173 179 174
4 180 179 177 181
5 182 181 173 179 178
5 180 174 181 183 176
6 180 175 177 178 181 184
4 184 180 185 183
5 185 179 181 178 182
8 181 179 180 178 183 184 187 186
5 185 187 183 186 179
5 180 188 182 183 189
3 186 183 184
5 187 191 182 188 190
5 184 190 187 188 186
5 186 192 190 188 187
6 189 194 186 192 188 190
5 194 188 192 186 190
6 188 194 196 192 193 190
7 192 189 191 196 195 188 193
3 195 190 197
2 195 194
5 194 195 196 197 198
4 196 200 193 195
3 193 202 199
7 195 198 200 201 199 197 196
7 203 199 200 202 201 195 197
6 198 202 196 203 205 204
6 200 197 203 205 199 204
5 204 198 199 202 200
4 207 201 204 200
3 201 204 207
8 205 210 201 202 207 203 204 209
4 203 202 209 208
7 210 208 212 211 207 209 204
2 205 206
4 210 208 205 206
5 212 208 207 214 210
4 210 208 211 216
4 209 216 210 208
7 218 211 210 214 216 217 209
9 216 217 212 214 219 218 211 210 215
6 211 212 217 213 215 219
7 214 213 212 220 216 218 217
5 220 215 222 219 218
1 218
5 221 224 219 218 215
8 224 219 220 222 225 217 218 221
5 219 221 220 225 226
9 224 218 225 220 222 227 223 221 219
7 222 219 228 227 223 224 221
6 227 222 221 224 228 229
6 229 230 227 224 221 223
5 227 228 226 231 229
2 229 227
7 231 225 227 228 226 233 229
4 225 229 234 231
7 228 227 235 234 229 232 233
4 228 232 233 235
6 232 235 237 230 233 234
7 230 237 238 236 231 233 232
6 239 231 236 232 233 235
5 237 232 235 233 238
7 232 239 234 238 236 237 233
6 239 237 238 241 235 242
6 240 236 239 235 241 238
4 243 239 244 235
4 238 239 245 244
5 245 246 242 244 239
6 241 240 243 242 246 247
4 243 244 248 242
7 242 249 243 247 248 245 240
8 243 245 248 241 244 249 250 242
4 247 248 246 244
8 243 246 248 249 245 250 252 247
4 251 246 245 252
3 249 254 253
4 247 255 249 250
6 255 253 247 256 251 249
5 254 257 249 252 250
6 249 251 256 254 250 258
4 256 251 259 252
5 251 260 256 253 257
7 256 259 254 255 258 257 261
4 257 262 254 255
5 256 255 259 261 257
3 255 256 264
7 261 265 259 263 260 262 257
9 264 257 258 259 263 262 261 260 265
4 259 266 264 263
4 266 267 262 268
4 266 260 262 269
5 263 266 264 268 262
5 271 263 266 265 262
3 269 266 265
4 273 267 272 264
3 270 274 271
5 271 269 270 268 274
5 273 276 272 274 268
4 274 277 270 271
4 278 275 276 273
6 278 273 275 279 272 270
7 273 278 274 280 277 271 279
5 280 273 278 279 276
5 278 281 282 280 276
6 274 279 278 277 282 283
4 283 278 280 279
6 276 285 282 277 279 280
6 277 283 279 286 284 280
4 279 286 283 278
5 287 279 284 283 282
4 283 280 284 288
6 288 287 284 282 283 285
3 285 287 284
4 286 292 285 289
6 288 289 290 291 292 286
3 287 288 294
2 290 292
6 293 296 295 287 292 294
5 293 295 297 289 290
6 294 290 289 291 295 298
6 297 296 294 298 291 295
4 296 292 294 295
4 294 298 293 295
5 299 296 295 298 302
6 303 295 302 294 300 297
6 302 298 296 297 304 303
4 301 297 298 305
7 303 300 302 306 299 304 298
3 300 304 305
7 301 306 299 305 308 302 307
5 304 306 300 308 301
5 308 302 307 304 305
2 304 305
6 306 303 311 305 308 304
5 305 313 312 309 308
7 308 313 305 307 310 311 314
5 310 308 307 309 311
8 308 313 316 310 307 312 314 315
6 311 309 308 312 316 317
5 313 312 314 318 310
3 310 318 315
6 311 318 320 312 314 315
6 314 315 321 317 313 312
7 320 314 321 317 313 318 322
7 315 321 318 323 319 320 317
7 318 317 323 316 319 322 321
8 321 319 320 324 322 316 325 323
7 318 321 317 324 319 320 326
4 324 318 322 320
7 323 321 320 319 328 326 324
5 322 329 326 324 323
4 330 323 325 329
5 331 329 322 327 324
2 325 324
2 332 330
1 325
1 328
5 329 335 331 332 330
7 329 330 332 335 337 328 331
7 336 329 330 332 333 335 334
4 336 333 337 331
7 339 337 340 335 338 334 332
6 335 341 340 334 336 333
3 334 337 340
2 335 339
5 343 335 341 342 340
5 337 345 341 343 344
6 339 344 342 343 337 338
4 340 341 347 343
1 344
3 344 345 346
4 341 349 350 345
6 347 351 350 349 345 348
7 350 348 347 346 344 352 343
3 347 346 345
4 353 346 352 349
4 354 348 355 346
2 348 351
8 356 350 352 353 351 355 348 354
8 357 356 353 351 354 355 350 349
7 358 351 356 354 350 353 352
5 359 354 352 357 351
4 361 358 359 355
5 360 359 362 357 355
5 358 356 361 357 360
5 361 360 356 358 364
4 360 364 359 363
5 362 361 366 363 358
4 363 359 365 358
7 363 364 362 360 368 367 365
6 360 362 365 369 366 361
5 369 364 370 366 363
5 363 369 367 362 368
7 372 365 364 366 370 363 367
6 367 364 365 371 368 369
8 369 374 366 370 367 371 372 365
4 374 367 370 371
5 368 376 367 375 374
4 371 375 372 370
4 374 376 371 375
6 370 376 375 371 377 379
2 371 379
5 377 374 376 375 380
6 382 380 374 379 378 375
3 376 381 375
7 375 383 377 379 381 384 378
4 382 376 379 378
6 382 385 384 379 377 380
4 382 386 380 381
6 385 381 387 388 382 379
5 383 387 380 382 389
5 390 386 389 387 383
4 391 390 387 388
5 390 387 385 386 392
3 389 387 388
6 394 389 392 393 386 391
4 392 391 386 389
3 387 390 395
7 391 389 394 388 397 396 395
7 392 390 395 389 398 394 391
5 399 398 397 394 396
6 394 391 395 392 397 399
5 400 395 392 399 393
6 398 395 401 397 393 400
6 396 397 394 401 403 402
6 397 398 403 400 404 401
7 405 397 401 400 403 398 399
8 406 401 403 402 398 399 405 400
3 399 403 398
4 408 404 405 401
7 408 402 401 400 405 404 407
5 404 401 410 402 406
6 406 405 411 402 407 403
5 405 410 408 411 412
2 413 409
6 413 412 405 409 407 406
4 412 415 411 407
6 415 412 407 411 416 408
5 417 408 413 416 412
7 412 409 410 413 414 416 417
3 417 416 411
8 419 420 411 417 414 418 416 415
4 420 418 416 419
5 418 416 422 419 417
5 418 421 419 420 415
4 420 418 423 419
3 418 422 419
5 417 422 420 425 418
5 427 418 422 421 424
6 419 425 427 426 421 422
5 425 428 421 426 427
4 429 430 425 426
8 426 423 429 425 431 428 427 422
2 426 428
5 425 429 433 431 424
5 431 426 425 433 434
5 430 434 426 429 431
6 427 431 428 433 430 435
5 430 433 437 436 434
7 437 431 438 433 432 430 436
3 432 437 435
7 433 438 435 434 439 432 431
4 440 435 437 441
4 437 435 434 439
5 437 441 434 442 440
7 441 444 443 437 442 439 440
4 443 436 445 440
5 442 443 438 445 441
4 441 445 442 443
6 447 444 445 448 439 440
7 444 446 447 442 443 449 440
2 447 449
5 442 445 449 448 451
6 443 445 450 447 451 444
4 449 451 452 448
7 445 447 446 449 453 454 451
8 450 451 447 449 454 448 446 452
3 450 447 456
6 457 451 448 449 453 455
4 456 451 454 458
7 450 459 458 454 451 452 457
1 460
6 461 454 458 452 459 455
2 459 462
4 458 457 455 460
3 456 463 461
7 465 460 456 457 461 459 464
5 461 464 459 457 465
5 466 463 464 461 458
5 468 460 465 467 462
6 462 467 461 466 469 460
3 461 467 462
3 467 463 469
5 466 471 470 469 463
6 466 473 470 472 469 471
5 468 472 467 470 474
5 475 473 469 472 470
4 467 471 474 473
6 476 474 469 473 472 468
5 470 474 473 477 476
5 479 478 477 472 476
3 477 480 474
7 481 477 474 475 478 476 472
4 477 478 481 476
4 479 478 483 480
7 476 483 480 479 484 478 481
6 482 480 478 481 479 476
6 477 479 486 485 484 481
4 478 484 479 487
5 487 486 483 484 488
6 482 480 483 488 481 487
5 487 489 486 483 490
5 491 482 487 484 489
5 486 484 483 485 490
4 489 486 487 490
3 490 485 492
5 487 488 486 495 491
6 489 494 488 490 487 491
2 488 493
3 490 492 494
6 495 492 493 498 499 490
2 493 496
7 493 498 2 1 499 495 497
4 497 1 493 3
7 497 2 499 4 495 496 494
6 5 2 498 497 3 1
5 3 2 1 5 6
6 498 2 497 6 7 499
6 1 6 498 2 499 3
