10
45 47
3 0 2 0 1 1 1 0 2 0 1 0 0 3 0 0 0 4 0 1 0 0 1 2 1 1 1 0 1 1 1 0 0 0 0 1 0 0 0 1 2 4 1 2 1 2 3
7 1 37 21 3 13 43 22
0
10 23 46 22 40 12 19 47 27 16 42
4 29 19 45 35
10 6 26 2 43 41 7 9 16 42 44
5 39 40 34 46 14
3 34 3 38
8 10 5 38 23 19 37 9 34
0
5 31 29 15 13 35
3 40 4 28
1 7
6 29 12 9 35 25 6
1 30
6 36 33 3 20 25 43
8 4 26 16 7 6 28 29 9
5 21 28 14 6 29
4 45 38 17 11
1 6
2 38 34
6 38 2 1 21 19 12
0
0
10 29 2 35 38 18 19 20 36 34 15
3 26 47 10
0
0
1 8
3 43 11 39
8 13 16 44 19 11 9 27 45
4 2 34 16 44
0
1 12
9 23 11 42 29 34 15 24 12 36
9 40 2 8 31 47 6 15 1 18
3 20 2 27
2 31 17
6 24 39 12 22 25 44
1 5
10 22 36 41 19 34 42 9 26 46 21
2 15 2
6 25 39 3 45 21 27
7 28 20 11 7 25 34 1
7 44 47 15 33 18 37 24
0
45 50
0 0 0 1 3 1 0 2 0 1 0 3 0 1 0 0 3 1 0 2 2 0 0 1 3 1 1 0 0 1 1 0 2 0 3 0 0 1 1 0 2 0 1 1 1 0 0 1 3 1
2 24 5
7 7 20 29 12 50 42 34
3 32 28 48
1 23
6 27 44 33 10 24 21
9 4 38 32 5 50 24 12 11 2
4 37 45 5 1
2 36 47
6 50 25 14 32 15 41
1 18
10 2 30 13 49 4 38 43 14 47 9
1 6
1 3
1 20
9 33 16 22 45 20 14 28 13 15
2 17 26
10 40 21 8 47 28 34 24 41 7 5
9 48 7 17 37 32 31 46 8 20
8 36 23 45 32 39 50 3 40
8 26 15 25 37 20 34 40 14
3 50 27 42
0
7 4 32 33 8 1 34 14
10 1 46 31 16 13 39 22 8 30 20
10 2 31 4 21 44 49 17 12 19 46
9 27 19 4 47 46 20 3 8 49
0
6 15 33 48 10 27 29
5 19 49 14 26 46
4 44 46 36 15
5 6 10 8 13 49
9 49 23 33 8 29 50 1 39 35
10 26 12 8 5 33 17 29 28 21 1
9 36 30 21 29 41 26 12 23 18
8 34 2 25 14 17 39 28 8
7 22 44 43 13 17 26 4
0
8 44 30 4 19 25 27 9 22
6 4 46 47 24 49 14
2 40 50
8 3 32 24 5 4 29 48 37
8 50 40 25 41 46 6 33 36
3 43 45 5
6 20 27 24 3 31 47
9 2 8 42 10 40 46 44 1 18
47 50
1 2 1 0 1 3 1 0 3 0 3 0 1 0 1 3 3 0 0 0 0 2 1 2 2 1 0 0 0 0 0 0 3 2 0 2 1 1 0 1 2 1 0 1 1 0 0 1 0 0
6 31 46 2 33 47 26
2 1 16
6 3 1 12 19 10 15
1 41
7 37 13 42 27 38 41 39
8 47 38 46 12 25 27 5 39
0
10 21 4 6 44 10 2 24 12 43 30
1 21
8 23 21 47 8 32 44 50 33
8 3 38 43 29 46 35 32 6
0
2 12 31
2 18 28
10 18 10 47 14 35 13 38 49 27 44
5 12 6 28 29 36
4 18 22 32 20
9 5 34 20 27 3 16 12 26 17
10 35 26 7 29 44 19 28 39 36 38
2 42 39
6 14 39 5 42 46 35
9 28 21 45 17 41 47 43 9 25
4 30 1 21 8
0
9 32 27 18 31 16 19 36 1 43
8 35 21 15 9 17 13 34 40
5 43 29 20 37 18
5 9 24 23 49 13
9 38 21 8 3 35 14 30 20 25
5 4 29 20 49 19
1 25
5 33 26 30 42 22
5 15 35 26 11 25
9 39 43 24 3 21 10 40 9 50
4 25 31 42 40
8 12 27 18 46 15 41 23 11
3 3 50 17
0
7 45 38 30 4 1 33 44
7 26 31 2 42 17 44 50
8 1 29 13 3 17 28 34 38
1 43
3 14 32 26
2 4 43
0
3 36 41 18
7 45 39 49 38 28 18 50
45 45
1 0 3 1 2 0 2 1 1 3 1 1 2 0 0 2 0 2 1 2 1 3 1 0 0 0 1 1 0 0 0 1 1 1 0 2 1 0 1 0 0 0 2 3 1
5 23 35 25 45 15
5 28 26 6 23 45
3 6 34 5
4 32 19 13 36
1 17
0
8 24 37 19 6 25 12 18 11
2 38 9
4 28 17 9 27
4 28 30 44 12
8 11 35 16 21 15 28 42 40
6 9 2 43 45 41 26
8 16 27 43 29 28 4 41 35
6 36 25 12 4 18 24
8 10 27 31 28 11 45 4 36
3 14 5 8
2 1 8
5 28 44 18 3 23
1 36
3 19 33 23
5 17 43 16 45 13
8 2 32 28 33 25 36 40 18
3 5 34 26
7 45 30 12 6 35 15 31
2 37 3
6 27 37 33 30 34 7
3 26 8 5
1 2
2 28 44
8 20 40 18 9 12 8 39 29
5 16 22 28 42 11
7 2 5 9 35 16 19 34
1 9
5 27 17 21 23 19
7 26 27 44 12 43 17 6
6 4 33 32 19 30 35
2 27 36
9 5 15 20 14 2 45 40 42 31
8 13 2 4 32 29 40 31 11
8 41 7 38 13 33 10 45 22
3 42 21 9
8 15 6 32 34 7 19 14 35
0
7 14 34 37 5 43 27 17
0
50 48
1 1 1 2 1 3 1 0 0 0 1 2 1 2 2 0 1 1 0 1 0 2 1 0 2 1 0 3 3 2 1 0 1 1 1 2 1 2 0 1 2 0 0 0 1 0 2 0
2 35 18
7 32 13 25 18 4 27 33
9 34 31 29 48 4 15 13 24 38
9 40 43 10 8 36 11 38 5 41
7 13 11 38 32 6 8 17
7 7 4 21 48 23 42 43
3 42 18 47
2 37 2
3 9 40 1
1 20
9 43 22 27 28 40 20 31 15 48
6 22 14 4 24 17 23
3 26 36 5
1 25
8 41 3 15 36 4 22 7 42
0
5 8 10 47 27 35
9 9 2 23 18 5 30 11 10 7
5 39 48 1 40 26
6 15 37 4 2 13 19
10 32 48 41 17 4 38 18 34 46 3
7 6 45 41 23 37 31 36
7 47 11 20 10 32 33 37
9 27 2 6 37 22 28 19 44 1
1 41
7 34 13 6 48 36 8 28
4 43 44 20 37
4 35 46 8 1
9 6 30 42 43 23 47 1 20 26
9 41 48 26 17 8 27 29 36 25
9 34 11 44 24 29 42 23 9 3
2 2 33
9 27 10 40 46 7 29 1 13 33
10 9 10 13 4 37 23 35 3 15 1
8 20 39 12 36 11 1 30 38
5 3 34 6 48 37
2 6 23
4 7 36 30 14
10 31 35 36 2 43 26 22 28 38 39
6 35 48 33 13 17 14
9 39 23 48 36 12 19 16 3 33
5 4 7 2 36 41
0
3 20 5 3
4 15 32 47 35
2 48 40
6 42 18 46 32 45 29
0
9 3 46 20 5 7 15 47 45 36
7 40 22 31 35 47 45 4
46 49
1 2 0 0 1 1 1 0 0 1 2 0 0 1 5 2 1 0 2 3 0 0 1 1 0 1 0 3 1 0 0 1 0 1 1 1 3 0 1 1 0 2 0 0 0 2 0 3 0
3 25 35 22
6 48 40 36 41 43 18
1 20
0
9 18 14 42 21 15 20 43 31 25
7 11 19 38 41 44 12 25
5 30 27 26 11 24
10 26 7 14 13 5 33 44 29 47 12
6 26 33 37 45 6 3
1 4
0
0
7 4 8 9 24 11 43 38
3 32 30 2
0
0
4 22 36 12 48
5 22 3 47 16 21
0
9 17 34 1 10 19 41 33 5 46
9 48 39 40 10 8 9 41 23 7
3 48 35 16
6 11 5 46 34 21 14
9 25 29 12 13 37 41 39 31 24
2 36 9
0
1 3
6 29 35 18 21 11 7
4 34 43 49 12
9 27 18 45 26 10 3 12 47 31
0
10 46 28 9 2 31 36 5 11 30 27
3 26 28 9
4 26 28 8 25
4 11 26 16 25
4 10 4 34 9
6 19 43 31 36 23 42
1 39
5 32 42 40 36 24
5 35 45 34 29 13
10 27 24 32 18 28 42 44 33 26 4
9 40 8 11 17 29 49 34 13 6
1 13
7 30 44 16 38 5 22 11
4 6 14 33 20
4 8 33 2 12
45 50
0 1 0 1 2 2 2 1 1 1 1 0 2 0 1 0 3 1 0 0 1 0 2 2 1 1 0 0 1 1 0 1 1 0 0 1 0 2 0 2 1 1 1 1 0 1 0 2 2 1
10 46 32 40 2 12 14 3 5 41 8
5 13 42 11 40 5
10 41 14 48 21 39 29 46 10 12 32
1 38
1 7
2 6 35
9 29 5 19 18 2 10 20 22 30
8 31 35 39 23 18 1 36 17
8 5 16 47 11 45 19 44 10
1 14
5 36 4 18 42 14
6 13 31 20 27 39 38
3 29 16 34
9 20 44 49 6 18 27 40 7 9
2 28 20
1 20
4 42 30 33 1
5 13 6 40 46 29
1 10
2 12 17
4 2 7 29 19
2 21 39
7 41 31 38 46 25 39 33
4 43 18 33 50
0
8 34 23 25 3 5 19 30 47
10 2 43 27 17 3 15 41 1 29 25
0
9 28 27 33 8 29 45 19 32 15
10 4 45 32 46 15 37 3 19 7 25
8 42 12 3 5 37 38 47 11
7 6 28 19 24 42 32 9
9 4 47 1 20 27 44 30 42 13
5 14 8 1 13 24
0
7 1 43 26 32 24 31 2
3 39 37 34
4 9 19 13 31
8 12 9 5 32 8 15 41 31
6 2 41 12 10 43 37
4 46 43 21 10
4 35 34 49 38
8 46 11 44 23 13 48 6 45
0
4 4 5 34 40
47 49
0 2 0 1 0 1 1 0 0 0 3 4 0 1 1 2 1 1 2 0 2 0 1 4 1 1 0 1 0 0 1 1 0 1 0 0 1 2 1 0 1 2 2 2 0 1 1 0 1
9 16 30 13 18 37 24 26 1 49
0
3 13 48 41
10 11 5 22 4 8 36 32 25 2 42
10 7 19 39 15 48 4 10 30 26 37
2 20 40
0
10 7 20 47 14 13 17 1 21 48 5
8 12 9 17 32 3 48 46 21
7 3 29 48 23 6 47 33
3 30 6 17
1 8
4 27 17 8 26
0
8 24 14 32 3 34 33 2 17
9 29 14 47 30 31 16 41 34 49
10 33 46 6 12 48 41 44 3 17 9
3 6 24 1
0
9 40 7 29 34 24 39 13 14 12
0
10 27 48 33 9 39 3 37 28 18 6
6 33 26 20 49 32 11
10 30 42 14 37 21 40 20 25 35 9
4 18 26 4 35
0
0
2 14 1
3 17 12 25
4 20 32 13 39
10 12 47 33 18 1 48 44 31 15 27
9 23 5 37 3 11 17 8 22 18
6 11 18 3 39 32 19
1 27
2 14 43
6 4 34 18 13 24 45
6 30 35 32 13 6 11
5 48 38 28 16 9
5 11 8 23 16 32
6 37 7 11 29 28 17
4 18 29 5 9
6 44 6 37 22 45 20
1 5
9 25 14 28 41 4 46 10 8 19
0
0
8 9 33 11 45 16 38 3 6
45 49
0 2 2 0 0 1 0 0 2 1 1 0 0 1 0 0 0 0 0 0 1 2 0 0 2 1 2 0 0 0 1 3 0 1 1 4 0 2 0 1 3 3 0 3 0 2 0 1 2
2 27 36
6 33 22 5 31 14 27
5 23 14 24 13 19
2 31 47
8 32 4 35 18 42 3 43 24
7 3 6 7 36 46 8 44
2 7 31
10 22 8 6 30 7 42 48 28 11 20
4 2 48 23 6
9 30 35 19 2 38 14 13 34 9
0
6 6 28 26 20 32 47
4 9 6 34 38
4 20 49 31 34
1 40
10 42 12 30 2 21 3 17 41 13 10
1 3
2 46 32
7 40 11 36 43 34 30 26
3 10 13 35
4 4 21 37 17
0
3 25 45 33
3 20 25 10
4 44 25 10 11
2 12 14
2 16 36
10 4 49 19 7 28 39 9 8 47 2
3 16 43 31
4 9 49 12 47
0
2 39 33
0
1 24
8 32 33 13 29 46 9 22 17
2 24 2
7 39 44 9 7 37 36 24
0
2 24 43
10 2 36 1 37 29 24 8 47 4 30
4 26 45 33 36
10 48 49 7 9 6 21 30 42 27 24
4 33 49 22 11
5 40 2 33 21 8
2 37 2
46 48
0 2 0 0 1 0 0 4 0 0 0 0 0 5 0 1 3 1 1 2 2 3 2 0 1 1 0 2 2 0 0 0 0 0 0 3 1 1 0 2 0 0 0 1 1 3 0 1
1 12
9 8 5 25 28 36 13 14 23 45
0
3 37 1 43
2 8 14
10 19 27 9 23 18 28 17 2 24 48
2 28 11
7 23 36 48 42 32 27 15
4 43 9 30 36
3 10 8 15
2 28 29
7 37 19 3 24 1 26 15
1 28
2 29 15
7 43 36 41 33 3 26 13
5 27 32 14 34 22
7 21 43 11 24 28 1 41
0
7 29 32 46 23 18 16 10
0
0
5 26 12 47 9 14
0
3 1 28 12
9 5 9 11 31 46 27 26 37 42
1 37
1 10
7 20 29 38 8 43 40 27
7 16 33 22 48 9 19 20
0
7 28 11 44 25 14 47 2
5 15 17 37 24 12
3 7 34 30
7 30 47 46 26 5 11 12
4 48 29 11 26
8 16 30 38 18 8 1 47 12
10 13 31 24 19 28 3 8 2 38 36
6 7 31 18 29 13 16
10 9 32 45 33 17 16 28 20 35 18
10 27 14 46 17 31 11 16 9 5 29
7 29 24 41 37 30 38 13
9 6 48 32 38 45 39 7 24 18
2 41 9
8 17 4 32 25 26 16 12 39
0
0
