1
499 497
1 2 0 2 0 1 0 0 0 2 1 2 0 3 1 2 0 0 0 1 0 1 0 2 1 0 1 0 1 1 1 2 0 1 0 1 0 2 2 3 1 1 2 1 0 0 1 0 2 3 0 1 0 0 2 0 1 2 1 0 0 1 2 0 0 2 0 2 0 1 0 1 0 0 1 0 0 1 1 1 1 1 0 0 0 1 2 3 0 0 0 4 2 2 1 2 2 0 1 0 1 0 2 0 1 0 2 0 0 1 1 1 3 2 0 2 2 2 0 1 1 1 1 1 0 1 0 1 1 1 1 1 2 0 0 1 0 2 1 2 1 2 1 0 1 2 0 2 1 1 3 1 3 0 1 0 0 0 0 0 1 0 1 0 1 2 0 3 0 1 2 1 0 0 1 1 0 2 1 1 1 0 0 2 2 1 2 0 2 1 3 2 1 0 1 0 1 2 0 0 1 1 2 0 1 0 2 0 2 0 1 2 4 2 1 1 3 1 0 1 0 0 2 1 0 0 1 1 0 1 4 0 0 1 1 0 3 1 0 4 0 1 1 0 0 1 1 0 2 2 2 2 1 0 0 0 1 4 1 0 0 0 3 1 0 1 2 1 0 1 0 0 2 0 0 1 0 0 1 0 3 1 3 1 0 0 2 1 2 0 1 1 2 0 4 1 1 0 1 0 1 3 1 0 3 0 2 2 1 0 1 1 2 2 1 2 1 2 1 0 1 2 1 0 0 2 1 0 1 0 0 0 0 0 1 2 1 0 2 0 0 0 1 1 0 2 1 0 0 1 1 0 1 0 3 1 1 0 3 2 2 1 1 0 1 2 0 1 0 0 1 1 0 0 1 0 1 1 1 1 2 2 0 2 0 0 1 0 3 0 1 1 1 1 0 1 3 2 2 1 0 1 1 0 1 3 0 0 1 1 2 3 0 2 2 0 2 1 1 2 1 0 1 3 1 1 1 0 3 1 1 0 0 2 2 1 1 3 2 0 3 1 0 0 1 0 1 1 1 2 2 3 1 1 4 0 0 1 1 3 2 3 2 0 2 1 0 2 0 0 3 2 1 5 1 2 2 0 2 0 3 0 0 1 0 1 0 2 2 0 0 1 0 1 0 1 0
30 79 405 437 259 245 122 411 417 270 256 267 36 379 298 29 327 356 147 237 376 197 323 192 357 335 176 484 284 494 282
3 396 79 109
25 384 294 173 342 222 339 424 180 382 411 106 118 63 352 121 320 329 2 412 271 358 184 108 497 71
23 383 85 285 310 14 406 172 401 496 272 158 298 404 166 270 286 4 362 28 227 2 332 267
18 493 273 413 386 319 402 421 60 376 400 196 350 246 317 211 367 19 133
35 270 326 177 59 98 311 319 387 359 321 246 337 459 495 413 196 408 211 195 78 153 304 105 162 345 138 144 1 249 386 142 89 333 13 493
25 85 73 289 389 38 418 34 239 304 266 151 28 276 468 294 86 472 229 164 448 255 251 303 291 185
44 133 324 460 93 242 135 384 279 405 147 3 420 373 195 317 424 65 62 129 328 111 346 128 173 149 404 144 100 416 108 238 96 483 27 7 295 285 474 200 481 487 80 90 179
12 316 94 275 342 6 143 140 439 80 295 269 430
22 116 352 135 343 37 28 138 7 34 25 375 383 464 193 430 286 69 257 164 472 438 282
0
12 478 78 426 457 89 10 330 339 419 53 201 397
48 407 329 302 383 326 341 194 139 12 131 433 454 319 275 265 170 22 133 27 19 168 362 331 252 15 11 207 288 166 121 250 33 134 463 242 210 106 214 480 219 205 66 490 461 29 156 203 386
14 144 47 61 113 175 60 492 177 465 312 104 388 478 361
0
38 364 212 110 422 133 208 412 272 84 158 4 25 57 61 268 177 314 137 52 376 51 67 443 150 60 453 231 93 248 367 300 391 267 330 411 163 358 241
30 327 323 487 180 441 274 238 369 143 175 349 149 462 185 170 286 113 8 256 16 183 237 150 157 121 75 233 399 40 39
23 381 456 400 279 100 123 352 36 368 173 3 147 222 492 468 22 256 26 280 450 443 388 418
6 371 247 489 91 433 450
35 130 166 497 34 421 305 395 121 186 118 248 457 24 194 274 207 212 138 154 156 294 319 466 136 416 43 477 91 203 17 174 82 345 370 179
2 325 497
14 52 372 480 436 232 197 42 100 276 17 72 143 244 430
0
44 17 492 356 241 399 268 193 159 279 44 458 42 62 101 55 463 192 374 117 59 497 196 155 455 468 9 257 467 404 293 330 144 105 25 296 287 271 77 184 369 222 298 7 484
30 264 168 35 436 321 223 472 148 78 26 204 353 325 283 259 149 222 310 144 167 345 40 232 491 309 63 46 155 110 209
27 126 442 278 436 308 429 288 464 76 317 374 461 369 15 354 253 67 246 157 119 387 309 330 111 274 383 74
16 407 371 167 278 336 192 159 485 349 442 393 212 58 70 196 310
16 349 323 75 12 76 1 302 426 222 387 447 15 472 198 482 92
21 368 139 487 211 4 446 269 45 196 399 423 396 272 8 297 156 327 256 293 407 27
2 30 195
1 384
27 496 305 366 39 238 164 156 338 126 413 211 13 462 345 107 143 186 247 354 357 199 60 310 296 98 299 292
47 438 465 2 57 250 334 286 135 297 271 491 182 375 317 69 434 318 8 162 226 359 313 104 405 165 388 380 23 289 283 401 338 200 275 79 253 464 11 195 477 442 212 54 486 441 129 70
25 166 129 96 399 185 161 4 430 344 179 187 276 23 406 413 298 165 207 102 63 394 93 100 300 39
44 47 142 309 187 162 286 381 32 395 198 360 232 482 115 189 383 497 216 488 15 78 205 36 468 259 239 251 401 271 111 33 489 427 191 423 375 298 252 443 80 327 130 151 486
32 492 385 212 276 463 351 93 437 448 72 454 228 192 108 7 481 294 486 436 11 250 277 86 361 47 413 9 189 147 272 225 223
38 144 181 353 173 346 327 112 117 122 220 202 469 229 57 78 467 5 488 168 158 358 225 275 213 70 342 279 3 212 385 445 19 88 434 494 424 22 45
28 311 315 239 175 23 352 153 377 140 345 155 56 429 458 14 257 302 135 438 116 440 228 378 193 327 69 121 137
39 7 72 492 2 288 276 44 294 349 125 468 332 163 264 369 215 27 12 138 376 20 429 271 442 448 245 252 63 310 25 83 177 277 366 24 347 441 71 170
48 458 28 380 476 262 372 122 274 283 291 255 85 107 218 21 447 289 277 15 74 55 46 382 235 199 54 305 182 301 258 412 467 284 48 37 282 340 246 279 29 293 393 120 222 110 356 119 472
35 283 233 239 307 410 260 228 450 242 43 168 456 211 27 441 376 74 183 13 363 151 125 91 325 153 294 177 102 227 316 185 305 276 447 25
41 67 293 444 115 228 485 95 349 250 265 402 274 78 345 180 341 308 122 195 304 120 232 285 150 367 237 125 168 370 11 201 380 420 454 156 152 371 170 305 342 127
7 274 427 264 166 127 207 169
7 110 213 364 361 474 440 249
34 32 295 247 154 277 51 173 343 207 468 141 78 380 456 331 353 489 299 439 97 358 422 189 351 74 96 490 196 211 229 398 471 400 263
44 437 495 219 379 112 250 136 477 321 138 59 488 354 427 340 420 38 478 275 74 414 70 68 187 180 100 269 241 156 155 392 471 40 351 134 318 118 39 58 273 230 454 254 84
18 404 491 418 212 128 65 412 43 188 310 203 36 251 438 42 381 86 472
7 482 341 141 186 459 121 322
29 443 291 182 33 226 270 83 426 229 314 482 380 32 16 144 418 462 480 315 449 36 62 4 465 131 362 97 340 454
31 437 428 267 318 315 309 227 209 94 229 44 484 361 55 344 362 424 279 497 51 294 411 453 105 199 218 295 34 393 239 378
39 256 306 55 420 458 77 445 203 117 4 455 80 444 490 327 218 24 58 219 207 17 413 308 385 19 496 52 15 2 229 323 354 264 71 253 235 179 336 124
31 150 416 157 427 50 161 392 446 213 335 7 456 182 367 97 1 338 307 163 251 261 378 464 288 336 409 350 81 471 103 357
20 271 495 50 397 113 166 359 413 272 160 275 246 36 58 208 124 315 183 493 436
3 272 400 15
38 133 426 41 233 267 106 300 12 284 307 51 306 58 68 427 221 229 122 411 400 453 60 203 237 298 92 420 414 251 371 397 238 63 24 405 216 383 456
33 460 350 388 195 169 322 220 283 50 174 84 472 83 134 151 277 114 457 405 160 76 372 60 479 56 335 260 394 450 324 164 147 167
27 261 110 103 311 18 161 454 115 89 207 355 121 97 14 445 266 312 296 306 91 220 222 239 366 17 49 369
43 37 342 412 424 117 135 20 419 15 32 389 339 405 237 352 219 277 411 244 59 97 218 181 401 171 66 49 373 489 457 340 444 254 182 260 310 456 39 268 183 24 56 398
21 389 110 102 72 194 434 254 179 106 14 25 282 47 338 96 128 294 241 161 109 315
30 368 392 365 361 18 470 74 488 87 151 147 247 205 51 219 208 158 143 258 313 481 396 374 399 350 297 55 121 367 138
24 162 74 172 134 32 228 251 484 404 212 44 52 362 255 381 330 48 39 230 322 410 347 43 101
31 150 56 353 408 343 211 269 201 401 371 432 229 166 69 159 221 358 132 424 460 444 359 337 125 153 338 139 185 298 141 439
11 131 211 367 68 390 104 77 189 467 376 43
38 89 245 22 214 398 446 343 354 331 157 348 246 17 185 144 300 462 280 163 271 312 288 223 342 334 65 194 478 104 326 138 351 330 100 323 79 374 173
17 154 298 141 130 263 281 327 248 133 305 235 254 420 426 31 264 382
12 239 115 460 205 249 345 182 472 203 241 402 290
23 181 496 481 484 19 270 353 375 114 494 80 67 345 212 59 97 46 343 450 203 404 122 65
41 62 43 88 440 325 388 246 10 89 435 159 496 395 323 28 199 120 194 99 342 339 205 255 8 419 284 250 50 130 446 360 331 13 251 330 452 217 344 426 244 112
14 437 202 162 241 24 349 213 305 5 172 94 394 415 181
50 114 337 291 399 494 156 304 249 158 380 284 271 90 208 296 55 190 226 458 127 162 79 170 442 7 118 141 171 332 248 282 490 222 136 37 85 77 383 100 374 429 236 329 188 259 34 351 184 286 318
36 13 86 420 387 451 239 407 469 271 447 470 50 412 43 297 315 56 38 207 443 227 54 312 334 259 204 85 347 161 429 480 225 442 23 274 68
48 177 475 405 489 388 463 219 295 231 133 209 99 182 355 34 296 160 411 350 493 136 38 261 407 139 189 450 171 471 37 5 446 320 73 425 487 402 203 415 76 461 342 249 31 297 81 316 44
28 207 300 60 143 216 399 159 76 343 472 244 226 379 232 101 91 27 335 82 214 427 261 325 211 204 384 421 494
42 428 144 209 184 137 293 304 300 65 373 321 1 283 57 486 189 93 418 436 303 134 113 366 463 232 253 451 222 216 27 461 276 447 318 289 187 308 117 124 390 196 307
12 473 229 57 276 143 385 141 194 205 96 309 254
22 18 219 287 459 378 249 320 441 179 403 368 315 325 103 19 442 358 25 322 282 259 233
31 404 232 400 450 107 137 213 282 194 75 95 371 243 362 415 345 38 449 477 3 129 297 124 489 308 55 43 209 5 80 251
5 180 438 135 354 439
9 126 428 34 386 434 216 403 80 225
21 425 100 416 364 368 101 240 151 440 386 243 198 91 455 38 263 201 23 197 146 397
43 224 381 188 31 431 476 444 253 310 197 457 164 232 182 385 294 23 333 153 176 366 27 420 345 477 281 216 319 247 370 383 75 465 401 340 13 442 123 384 40 427 122 434
50 479 62 187 84 63 181 254 421 156 106 471 289 459 247 32 408 494 95 455 419 194 300 164 450 277 310 481 180 129 112 378 108 143 2 295 213 60 44 229 118 410 15 116 190 263 390 342 29 463 411
34 205 189 470 191 399 373 432 58 176 132 27 253 430 177 425 345 265 203 63 277 320 279 165 483 333 381 270 465 119 327 89 490 153 429
34 132 280 182 92 308 338 143 396 222 227 234 278 244 486 186 265 185 89 285 365 214 328 2 9 313 449 361 174 288 34 63 255 273 115
0
15 268 112 126 151 56 287 281 463 350 200 36 80 181 376 362
16 194 476 465 249 126 339 287 369 148 220 165 28 387 327 16 97
21 340 274 262 151 289 452 476 191 207 338 320 304 7 485 441 98 267 184 238 142 439
35 412 329 170 94 315 196 416 49 176 300 263 76 147 2 328 78 257 471 197 207 445 271 366 132 268 210 126 486 286 8 239 227 454 444 93
21 265 267 417 358 70 416 346 406 305 151 124 350 43 285 445 466 244 414 383 409 18
38 171 23 300 420 342 322 452 153 149 71 323 403 131 326 488 64 374 254 238 336 313 31 99 18 268 209 388 205 137 445 200 446 475 66 154 320 378 315
47 90 56 474 209 354 472 88 107 142 92 306 376 479 378 101 270 367 30 403 224 118 321 251 338 180 176 495 157 60 38 263 123 242 119 27 196 330 256 248 384 232 249 287 203 164 489 258
47 378 167 14 131 208 379 290 53 350 266 3 299 458 270 100 111 343 36 234 383 147 334 434 410 235 133 206 280 157 110 489 276 101 494 154 368 420 408 493 284 315 220 114 455 253 402 347
0
1 217
40 259 376 274 355 416 453 321 158 294 135 419 188 341 33 103 136 43 93 363 303 255 96 224 487 455 69 8 145 333 66 177 473 199 495 1 477 336 108 351 154
21 95 398 141 242 200 271 240 142 356 155 175 361 105 401 219 445 302 90 471 48 249
27 175 207 38 26 405 354 78 2 125 299 1 413 141 76 259 380 232 188 84 219 417 361 467 164 425 10 293
7 130 146 226 452 258 373 304
13 296 109 68 451 132 310 489 194 406 159 476 137 19
7 450 236 243 251 472 446 332
27 85 269 100 83 388 71 433 297 46 307 70 446 305 179 417 215 211 185 429 379 120 389 348 318 49 9 159
0
13 452 276 109 241 374 1 418 185 318 346 368 401 110
21 196 112 230 272 482 103 82 286 301 414 105 4 124 462 154 176 217 344 318 89 32
23 95 288 166 332 2 26 373 128 258 126 430 464 21 66 121 152 173 161 58 22 205 311 30
12 116 355 363 4 392 83 211 438 303 202 421 144
44 463 85 418 466 115 254 244 449 205 436 243 377 380 123 406 392 221 315 324 365 424 358 301 92 383 130 162 440 407 373 39 203 100 106 472 479 71 417 339 125 455 46 21 286
7 393 340 112 256 168 186 11
45 441 333 145 379 353 409 74 245 488 448 7 139 387 464 310 57 376 34 309 102 126 44 326 298 495 250 235 198 231 190 324 2 314 260 94 159 92 32 147 216 116 71 20 134 55
28 70 318 206 84 207 327 273 432 330 123 236 58 120 68 399 37 344 113 320 69 254 134 372 397 475 19 292 422
7 432 381 360 352 77 119 103
46 399 219 276 119 305 250 59 77 199 98 388 32 176 167 86 384 47 128 407 89 50 18 115 181 475 240 420 3 71 437 488 1 118 281 284 107 147 352 265 441 10 341 42 370 375 464
6 363 72 477 389 456 177
26 86 198 146 258 276 487 77 73 340 393 210 461 490 459 109 456 494 354 15 130 347 285 468 378 283 291
13 130 324 386 31 112 459 154 162 45 410 493 406 218
21 157 249 340 37 81 7 87 203 478 349 17 496 129 12 189 64 324 45 248 417 149
15 186 299 159 185 115 351 171 413 314 284 76 7 279 345 214
42 420 445 278 157 55 262 451 104 369 171 343 221 161 220 24 229 208 476 393 214 164 48 130 452 440 57 155 475 190 129 45 100 72 194 258 441 333 138 383 419 453 390
18 452 355 301 132 473 334 337 65 113 68 129 87 124 274 387 385 284 35
4 425 83 144 14
30 147 2 362 462 403 260 355 144 71 390 431 479 417 354 146 9 27 173 497 389 118 486 467 149 241 47 127 293 12 450
37 9 436 106 238 71 229 461 160 219 69 481 26 8 439 79 485 76 383 43 340 203 164 170 277 21 142 49 107 130 302 352 313 85 329 314 408 196
4 406 292 419 370
15 392 416 145 199 345 394 194 77 437 189 55 448 72 281 134
5 168 187 286 306 275
33 261 18 270 272 14 359 23 151 495 410 363 51 355 291 373 159 369 220 198 353 183 118 313 294 393 126 98 482 238 334 480 39 383
16 484 42 98 235 192 308 100 311 428 152 187 231 274 139 117 375
8 489 476 495 479 206 87 201 407
45 135 226 430 194 288 438 488 265 88 319 192 22 439 268 431 5 386 489 472 198 267 217 324 200 140 254 457 258 73 30 445 219 116 158 434 325 307 164 209 421 284 291 232 174 418
21 331 489 377 389 329 254 408 87 154 149 284 278 229 99 463 143 370 394 204 306 210
31 422 294 202 252 350 112 414 491 308 357 276 451 163 108 360 175 396 168 118 37 6 185 82 230 48 208 88 397 92 157 116
14 120 214 5 39 13 299 83 51 145 94 390 477 193 137
9 489 186 160 139 269 470 248 270 352
23 487 77 64 428 268 243 188 34 387 102 117 31 363 187 435 361 166 208 408 336 109 129 130
28 76 106 288 303 317 324 93 230 250 248 220 127 96 314 318 3 61 264 302 243 7 415 89 188 284 130 399 346
37 281 153 72 164 495 338 382 220 474 151 230 74 239 12 169 316 144 447 262 372 2 35 483 154 419 444 400 484 443 66 202 277 19 492 463 217 275
22 447 409 88 341 238 315 112 388 288 255 323 191 245 167 351 483 304 436 171 236 330 489
21 476 8 212 289 451 30 56 228 376 199 297 477 401 327 339 231 399 257 220 471 83
49 434 271 489 189 460 61 280 90 228 468 289 335 50 194 201 443 223 350 121 441 188 341 91 41 366 392 85 473 306 453 6 71 99 63 483 227 93 168 380 298 55 382 492 336 3 17 209 177 187
10 328 156 28 164 155 113 143 116 151 220
8 299 112 351 46 284 5 29 89
27 164 288 290 9 256 117 206 58 149 479 366 168 389 49 163 349 128 306 459 205 264 155 292 198 361 210 373
12 326 323 361 22 411 75 8 137 15 427 4 292
38 229 4 197 148 264 14 430 177 203 43 176 440 53 404 23 494 116 428 456 436 223 54 236 388 270 16 387 401 325 302 118 88 310 224 424 175 290 100
30 407 34 148 281 300 420 248 110 65 406 178 239 351 349 485 311 17 340 87 279 78 312 86 134 205 131 252 26 220 94
5 223 117 433 246 351
2 490 305
22 284 325 475 352 25 411 46 197 87 98 431 15 480 454 11 364 412 355 216 60 187 296
47 350 320 6 130 224 205 489 269 492 9 421 443 116 11 324 472 168 416 212 121 466 348 21 88 344 449 170 295 201 437 178 474 432 372 232 254 329 40 267 30 412 256 483 244 249 434 114
27 409 209 444 403 423 146 98 412 172 183 15 474 375 330 208 30 494 117 488 323 245 200 289 469 163 470 315
38 372 106 346 1 466 363 253 150 190 48 379 67 122 494 30 366 491 203 39 439 281 324 38 176 68 165 260 200 180 102 80 415 157 5 235 393 421 64
1 126
30 65 279 161 351 419 464 156 108 153 282 285 332 496 192 407 7 176 288 219 371 391 266 197 436 286 136 122 51 66 325
45 342 406 279 267 166 363 343 344 340 254 109 386 157 330 54 271 105 283 295 52 362 28 69 479 202 493 410 74 495 25 355 400 1 487 19 335 263 50 444 51 60 442 414 48 139
4 274 338 116 72
49 292 195 75 160 443 464 71 232 179 287 49 428 440 274 271 126 80 191 441 343 424 442 302 404 134 166 268 279 295 56 337 423 372 63 369 3 439 209 377 329 417 22 15 339 363 321 315 435 72
49 497 119 427 468 460 283 294 70 374 303 125 86 171 360 177 495 176 363 256 395 77 268 336 373 117 21 444 279 445 288 127 193 390 269 324 455 491 104 209 76 105 45 420 142 417 378 494 436 309
24 372 477 85 472 80 204 242 234 317 193 160 158 16 129 49 407 216 333 397 353 330 497 351 164
18 366 403 276 15 304 187 16 456 99 223 298 417 37 436 101 172 302 113
31 256 317 272 216 278 410 23 248 80 116 185 87 451 459 443 135 16 437 158 227 270 277 210 255 78 268 215 101 263 258 294
23 449 318 151 496 460 287 116 483 299 439 173 434 424 161 330 406 489 301 254 485 85 2 351
14 428 345 487 183 363 194 356 333 468 103 395 38 400 189
46 56 420 356 282 287 353 302 102 72 30 464 32 24 59 83 322 122 315 487 132 171 36 19 468 462 14 202 384 413 483 382 258 457 210 177 249 223 361 494 389 285 147 82 203 21 105
21 481 446 257 468 142 27 194 167 44 320 439 180 267 23 3 319 472 101 195 70 156
18 325 5 439 51 245 352 216 204 488 107 67 295 176 489 181 468 388 369
1 198
26 21 485 425 98 135 266 193 81 387 475 479 180 280 290 213 437 311 496 386 7 278 144 332 274 107 394
3 219 275 190
42 303 253 380 14 196 247 409 204 169 313 100 420 252 145 309 17 429 282 20 423 444 396 193 137 321 116 202 382 114 410 433 48 110 230 428 219 362 306 439 243 293 407
3 130 86 473
50 316 163 123 252 121 215 259 327 333 19 357 320 264 74 278 438 389 465 160 323 62 169 422 65 206 40 104 60 464 64 201 29 340 448 358 487 355 262 241 460 85 30 170 151 193 399 354 478 257 199
46 497 175 129 39 204 437 108 59 465 96 233 93 328 62 40 242 155 239 74 194 447 263 470 303 91 367 72 364 178 431 4 461 443 75 25 172 56 338 38 244 225 105 169 143 235 496
37 103 283 223 132 221 236 449 26 119 379 242 6 206 448 167 47 305 194 345 9 386 27 337 397 214 372 146 364 446 165 88 462 170 431 201 437 467
34 166 270 376 21 222 84 73 473 4 160 169 322 43 129 427 464 134 196 49 53 304 40 281 98 176 102 247 12 435 410 422 402 77 30
45 226 429 393 426 464 401 26 55 360 344 435 446 163 93 246 133 156 385 463 497 340 457 115 34 259 3 65 155 317 237 293 129 249 32 149 50 92 239 291 436 119 454 319 202 11
48 342 43 438 315 124 407 441 300 114 487 103 96 97 21 106 242 334 389 110 167 68 225 428 292 347 177 313 254 421 395 333 75 179 294 486 240 133 317 494 289 346 70 2 245 420 182 417 13
36 98 236 192 223 220 257 212 328 239 368 377 338 251 269 172 424 366 19 198 163 177 123 365 249 390 122 399 152 298 456 359 419 32 237 276 438
45 129 109 200 140 30 201 481 65 172 168 476 323 423 133 193 181 208 251 48 178 151 58 105 370 233 280 18 439 447 259 260 421 434 258 272 285 494 485 490 230 34 152 229 141 284
18 99 371 121 47 315 447 58 216 66 38 76 281 173 259 320 56 497 412
23 120 128 478 257 32 55 263 406 237 470 239 262 382 246 493 422 349 60 458 162 387 281 451
13 347 128 58 393 242 149 7 34 306 415 52 331 114
21 30 486 355 281 136 387 259 97 402 308 103 320 332 431 445 480 475 52 150 401 484
41 266 492 196 349 375 275 5 385 99 430 170 21 361 226 32 7 115 414 313 252 49 38 150 439 157 475 423 481 169 182 297 298 152 227 308 286 278 203 322 448 470
32 427 318 148 91 232 27 63 240 214 274 133 346 255 365 14 59 73 125 200 50 224 181 70 434 147 462 156 310 292 236 390 139
44 71 170 449 111 37 138 236 483 76 380 472 47 292 281 496 98 328 109 423 438 90 205 257 369 206 330 376 421 339 335 13 315 199 451 349 232 145 50 482 79 56 402 310 207
50 203 449 184 245 230 107 320 393 375 401 217 135 315 139 335 185 77 189 494 339 360 355 477 478 53 111 378 497 421 413 371 187 156 372 193 423 268 314 136 158 493 306 396 12 316 37 177 24 176 243
18 210 354 441 409 412 357 130 24 364 406 189 165 1 16 127 15 353 337
30 358 75 406 449 464 241 57 476 113 155 189 376 67 488 96 346 350 418 484 243 359 338 330 466 124 58 117 61 444 343
1 448
48 294 162 265 430 123 290 101 129 172 485 171 17 199 457 403 42 240 412 130 443 327 348 344 278 85 428 300 441 353 76 215 469 451 131 152 40 356 27 219 54 87 81 313 433 336 401 370 440
19 337 147 435 439 296 338 256 137 273 68 467 461 303 114 133 471 4 301 36
13 243 489 415 279 218 336 470 113 116 39 434 382 314
11 39 82 300 476 367 200 474 138 249 128 411
4 239 231 404 197
23 414 387 475 140 3 234 179 248 350 21 412 69 187 240 220 473 366 196 161 365 231 404 159
37 160 304 493 283 238 260 165 477 131 44 181 452 1 89 127 361 393 271 474 351 259 376 14 411 219 146 422 438 98 208 349 6 218 177 215 60 360
13 465 297 434 107 61 318 331 272 250 157 242 212 174
39 170 445 390 239 72 443 208 395 138 470 237 119 254 123 203 332 136 6 399 154 142 314 28 9 416 422 456 257 63 169 105 10 125 141 426 365 97 118 106
31 372 68 302 140 2 31 248 154 94 297 378 375 440 177 82 478 457 238 222 84 37 441 184 157 277 492 93 395 438 487 317
20 338 83 104 388 446 363 376 48 220 17 254 62 142 272 262 319 21 112 69 331
12 487 204 334 67 313 202 471 315 17 227 82 469
46 217 85 455 174 150 192 194 347 88 285 432 385 97 372 457 361 96 462 456 268 234 391 212 334 257 233 450 310 427 171 485 439 461 356 377 305 236 153 273 382 412 392 348 473 43 317
45 113 354 449 68 195 31 397 99 226 272 217 331 135 133 42 198 485 225 464 178 450 287 250 215 309 157 151 61 231 414 213 306 291 95 191 147 300 284 167 330 4 221 457 455 391
5 115 345 92 214 21
39 146 108 153 380 427 466 265 412 175 468 60 416 64 413 297 334 320 426 290 178 321 395 172 369 155 100 425 497 231 356 207 121 455 22 224 485 325 419 253
25 154 289 26 32 279 302 324 188 106 172 223 128 437 293 101 77 40 235 291 259 34 55 416 249 51
18 214 24 310 305 20 181 368 264 341 407 299 90 252 56 391 484 255 445
43 256 300 362 390 314 207 84 453 452 176 366 279 462 248 107 356 451 347 172 81 214 70 247 234 178 260 38 235 379 126 204 310 94 143 71 456 455 193 454 337 15 495 158
22 241 238 38 497 288 171 99 235 196 217 225 310 398 365 359 199 138 313 86 103 309 101
39 323 341 260 379 256 322 27 454 385 313 40 374 305 417 295 207 317 240 284 434 45 52 195 9 141 136 309 487 485 418 408 394 167 382 391 69 134 10 193
9 123 23 32 192 150 200 210 229 281
15 486 400 393 17 492 401 353 303 68 168 325 25 333 98 313
34 151 220 347 428 234 244 494 168 293 127 50 493 247 367 201 80 483 299 176 45 307 196 31 257 424 183 286 57 110 432 435 335 16 28
21 62 102 494 432 220 150 229 243 137 35 74 233 43 152 212 309 126 156 129 88 15
33 496 250 438 13 242 392 352 220 193 160 25 55 267 39 350 310 364 495 386 170 221 381 226 99 117 349 342 228 255 425 365 86 402
42 398 405 383 61 135 466 86 434 36 212 256 356 33 124 264 475 455 85 170 162 305 68 253 476 164 337 393 481 428 161 472 392 364 440 461 345 167 453 98 211 41 15
28 426 204 408 472 22 183 53 220 5 362 153 308 126 109 125 313 406 89 127 84 403 315 117 344 132 366 404 311
17 425 143 11 326 351 211 100 155 30 304 264 260 42 491 336 205 406
38 208 362 419 344 90 212 410 108 472 40 133 475 268 85 293 192 442 300 128 171 384 64 197 173 267 127 43 414 379 481 492 118 87 432 202 213 199 26
13 290 83 122 100 3 468 282 439 5 399 153 175 481
31 53 393 105 86 267 198 170 312 378 215 248 339 289 164 16 346 327 103 114 309 39 390 14 124 144 286 263 425 460 266 466
19 54 348 349 226 241 449 217 324 39 107 312 332 283 105 85 194 252 29 407
24 36 25 393 67 26 95 398 203 466 473 178 188 259 387 212 355 160 100 57 255 8 180 343 383
16 339 464 368 240 304 23 202 366 342 282 290 352 430 188 433 485
42 289 316 72 347 279 398 94 47 313 216 325 290 243 63 467 4 430 415 471 251 371 162 32 60 137 244 465 226 109 212 27 195 476 357 234 314 90 329 487 359 376 404
26 473 486 247 364 388 326 284 114 132 60 270 428 162 492 368 13 391 317 163 457 248 185 407 446 444 341
38 250 447 458 186 388 147 172 304 444 469 48 121 410 450 62 94 430 337 440 253 330 9 429 32 18 58 1 317 298 456 145 90 307 367 264 381 99 428
2 73 484
38 245 4 424 420 285 219 8 471 78 308 375 218 368 133 203 128 192 450 81 232 383 256 441 93 289 334 34 45 191 324 291 488 446 235 314 472 210 56
13 465 490 171 101 61 57 159 3 400 137 334 240 24
9 202 78 177 325 393 51 379 146 7
0
2 2 197
15 139 163 252 186 355 339 382 24 155 292 136 379 109 100 69
24 210 273 319 471 91 135 250 302 389 31 96 354 154 278 448 496 155 383 382 74 93 128 156 164
19 486 127 130 336 408 57 483 353 438 263 303 33 482 479 126 162 314 98 283
7 373 185 354 35 117 201 283
42 494 383 78 472 389 291 35 420 455 197 55 132 41 254 477 235 282 85 493 454 182 4 323 367 453 71 285 414 82 347 436 475 28 151 222 111 106 242 169 399 424 141
12 49 10 309 441 396 333 14 110 294 295 376 216
4 220 274 463 187
21 372 422 170 332 163 49 124 460 346 162 352 165 141 343 104 407 367 135 146 228 167
21 99 159 347 438 435 281 38 79 290 266 420 480 346 117 486 351 223 167 183 235 109
20 459 138 208 227 28 178 197 385 381 247 279 347 216 23 231 117 17 55 311 434
11 339 39 133 140 107 296 304 156 134 316 66
2 5 298
38 466 119 300 97 299 173 47 192 82 443 28 290 107 402 265 96 234 179 454 241 14 431 225 78 231 43 111 194 280 57 253 133 75 196 393 71 146 433
25 294 375 399 81 35 63 257 352 253 197 363 420 132 126 107 3 214 223 457 360 17 485 225 264 156
33 51 337 495 12 169 279 86 104 294 109 315 59 257 148 207 418 353 326 352 288 389 171 72 40 26 180 42 365 174 60 220 224 472
44 58 17 48 115 166 323 341 486 451 352 315 77 111 169 67 278 124 160 419 372 135 450 303 420 177 343 142 436 210 205 414 43 223 156 262 256 301 204 217 309 332 452 288 434
47 181 369 248 366 433 342 405 294 95 41 66 206 202 168 207 384 258 228 27 25 314 476 39 450 420 182 417 169 180 231 283 178 134 59 394 291 145 322 296 219 336 393 137 365 404 411 191
19 479 444 413 141 59 41 132 377 429 460 483 405 80 114 357 285 194 60 159
28 481 390 339 316 480 187 349 305 443 312 147 81 40 326 180 402 198 471 494 114 346 217 37 275 9 389 422 253
44 165 429 311 155 163 134 489 181 161 210 296 367 72 149 462 191 370 31 188 102 217 233 496 133 441 333 143 327 146 142 298 295 314 175 437 91 9 418 236 359 442 281 316 71
21 371 217 123 335 322 317 48 67 428 415 380 62 107 368 176 164 50 314 231 474 113
15 33 359 439 321 88 288 159 96 227 19 344 250 418 469 420
11 159 59 285 427 277 326 475 1 108 179 245
17 26 355 104 165 457 27 247 205 84 151 356 34 123 480 11 78 15
4 390 315 243 388
45 353 24 432 167 463 248 289 99 220 453 444 335 11 188 460 171 373 81 180 164 129 478 374 212 391 69 350 25 425 479 183 256 484 135 223 295 371 79 20 216 186 426 441 415 121
42 63 52 394 110 417 65 229 374 186 109 31 77 97 396 87 412 147 270 128 154 404 42 329 427 257 395 221 486 22 38 180 104 453 435 115 96 198 43 302 437 352 400
23 24 275 260 165 120 337 58 324 331 148 43 304 479 405 15 76 492 236 457 276 142 284 64
14 158 244 195 58 173 345 347 154 334 405 292 8 245 214
36 362 240 359 95 478 254 78 42 488 475 30 84 274 348 132 242 358 360 351 282 334 171 441 285 86 386 381 68 126 25 226 410 479 310 229 45
39 105 294 336 291 165 158 463 63 276 94 278 235 71 217 17 337 227 377 326 452 115 231 316 206 374 243 403 383 112 42 272 340 437 264 154 8 422 414 177
22 192 490 7 354 79 180 100 325 251 193 82 408 20 189 92 338 222 249 210 31 420 139
46 413 183 489 209 64 265 30 361 151 353 69 179 200 87 177 431 395 374 255 197 432 175 290 49 360 464 66 218 446 294 113 147 411 121 54 125 364 167 346 226 73 152 37 274 309 15
17 148 99 291 35 39 63 180 73 118 378 348 115 60 22 51 143 43
15 489 444 340 235 338 27 409 149 475 194 282 186 234 85 388
26 371 433 494 464 409 368 14 92 473 282 482 329 23 184 281 492 493 271 186 237 266 331 129 139 424 361
27 80 264 408 390 157 410 76 165 334 227 424 423 455 381 187 73 22 463 251 472 61 392 10 411 437 41 435
27 19 390 137 426 492 292 439 62 9 206 33 261 388 305 135 58 150 465 325 230 451 331 148 30 345 14 61
44 29 441 19 479 495 438 383 494 8 333 382 181 119 94 256 128 392 77 150 431 192 278 142 342 327 98 449 108 445 344 439 86 318 320 285 70 62 288 223 54 55 280 93 286
25 327 430 191 415 361 119 307 382 3 153 89 203 38 169 236 487 127 330 47 219 417 409 114 74 73
26 54 407 455 129 252 378 369 463 367 196 221 201 423 263 331 338 259 445 347 146 380 219 396 414 56 304
31 126 57 330 405 84 496 259 333 210 153 151 10 366 135 140 109 52 314 262 266 152 413 139 400 107 178 204 241 73 215 51
17 112 72 205 175 183 308 403 192 209 339 384 10 493 496 321 191 305
49 36 203 184 477 429 63 424 245 125 488 385 145 61 435 143 344 412 12 453 428 364 50 420 69 269 131 156 355 469 148 496 88 276 311 484 454 8 164 169 16 421 431 186 448 467 192 235 150 132
5 152 456 476 146 410
4 313 194 24 410
13 257 429 46 431 85 108 438 242 493 67 420 202 415
10 362 339 378 22 463 313 107 93 43 412
34 375 479 143 34 124 327 72 355 46 4 256 230 299 402 8 368 473 308 59 423 425 432 181 18 214 453 417 105 220 347 180 477 80 231
11 173 264 396 297 357 367 331 303 433 181 489
49 143 292 369 355 447 33 189 36 95 432 215 328 365 15 176 206 1 480 339 362 444 124 236 492 386 167 307 423 404 293 71 420 360 397 103 283 244 235 402 493 440 240 393 76 181 125 39 385 344
41 211 340 260 103 143 171 290 437 72 396 254 350 388 173 247 394 401 482 361 371 393 492 51 237 392 395 453 174 10 153 3 128 25 384 413 292 176 474 307 383 160
35 286 91 236 175 34 281 486 149 320 479 75 393 17 401 93 215 342 384 143 85 120 291 11 368 102 481 29 20 137 304 237 147 470 21 130
25 302 444 231 163 414 162 270 51 489 25 376 286 255 437 308 409 121 139 34 180 47 118 341 361 159
23 143 66 429 234 14 470 33 467 466 85 126 252 375 473 160 477 211 491 130 118 134 478 140
39 40 324 178 305 97 169 235 496 351 218 5 449 315 202 314 59 252 490 381 31 362 245 400 124 99 6 168 136 237 60 142 150 110 474 116 352 470 307 10
48 239 473 380 298 337 61 312 104 363 302 481 254 123 202 191 69 465 375 49 407 249 293 459 137 468 246 194 118 78 383 365 189 29 1 89 488 328 119 451 62 442 344 16 381 98 487 415 372
20 73 402 125 453 438 336 308 361 416 212 78 457 148 431 2 82 385 35 462 68
2 60 307
41 402 130 403 308 391 52 257 131 214 88 474 327 119 488 484 273 169 174 221 389 104 292 386 109 128 404 440 343 295 356 465 421 107 216 317 414 281 224 167 450 296
20 30 215 13 90 49 387 237 246 484 76 126 369 293 119 157 370 435 155 131 71
15 342 278 75 125 304 230 254 189 417 331 117 419 275 424 390
26 176 52 308 232 204 247 229 97 267 121 46 154 20 437 326 207 25 205 72 413 186 143 138 317 233 406
21 358 307 177 104 272 247 469 175 122 487 206 48 379 169 36 97 366 471 39 362 63
24 354 213 28 471 462 129 374 199 300 376 143 223 390 400 345 341 131 406 11 381 30 285 225 257
10 374 433 416 336 255 134 311 220 249 202
36 231 468 74 42 378 404 147 7 393 429 177 347 232 233 197 272 432 439 486 310 34 414 434 431 397 121 35 440 284 211 51 268 43 395 71 66
18 414 477 383 452 4 426 335 470 64 87 424 297 305 59 460 304 280 151
44 238 121 384 412 53 440 37 135 228 227 352 189 427 280 187 262 24 231 462 284 444 163 324 99 149 277 464 273 414 263 164 167 318 133 492 57 449 488 288 129 10 223 174 329
30 277 383 309 483 361 151 468 236 15 80 185 369 452 294 191 158 144 146 114 346 473 282 354 315 72 120 424 256 318 486
0
17 328 395 435 330 140 493 111 491 482 191 338 371 468 271 88 294 359
28 421 368 420 88 208 416 119 352 252 122 240 358 302 480 113 33 425 270 95 210 248 237 255 486 23 15 174 253
21 413 75 221 265 351 355 258 154 20 80 286 222 364 240 150 319 192 58 447 250 437
34 274 94 455 194 218 359 278 310 459 255 478 309 465 306 272 269 86 490 138 297 108 377 149 145 356 4 443 493 39 320 307 60 383 77
15 206 192 119 44 134 353 222 246 120 326 456 432 492 319 278
48 44 48 425 125 451 209 72 163 344 380 252 83 353 401 340 267 434 421 189 303 274 280 212 412 377 435 217 191 392 155 457 364 310 294 301 172 200 466 282 149 332 302 32 420 78 204 272 158
27 58 247 370 250 482 179 261 461 172 187 214 354 253 456 89 41 185 219 252 155 176 444 19 362 342 443 336
40 394 404 461 50 22 423 73 383 194 82 209 329 69 32 373 212 242 195 437 391 309 294 208 450 443 439 474 479 473 188 298 158 410 232 10 330 428 416 319 342
49 303 18 355 110 211 366 199 467 192 190 302 329 53 52 354 430 320 136 177 293 62 152 170 132 3 155 335 280 418 243 191 384 409 39 370 452 317 123 226 455 218 162 29 103 392 299 298 51 203
28 282 156 200 289 400 370 440 148 257 143 235 187 220 194 52 388 233 83 16 31 177 184 492 333 321 27 209 142
47 265 86 244 320 140 319 458 175 309 201 46 151 129 243 301 403 272 331 303 290 298 496 250 220 372 7 477 216 352 266 492 234 130 99 283 221 445 131 118 75 476 223 199 385 300 144 161
3 123 445 255
1 151
43 137 98 119 118 37 411 281 466 253 472 314 401 250 102 407 339 384 369 294 323 366 440 152 186 270 15 305 215 247 417 171 266 145 335 459 437 158 120 489 212 166 177 477
31 54 414 279 138 90 194 160 144 353 46 292 99 245 444 335 11 40 197 466 152 488 394 303 151 207 378 293 286 381 406 124
49 226 282 425 95 487 202 388 248 383 220 419 460 347 77 175 114 134 346 339 156 362 119 66 461 259 23 249 74 333 452 222 242 65 467 169 296 272 436 237 254 105 219 451 139 140 267 227 96 457
22 435 1 266 496 284 113 200 117 469 64 8 131 154 350 398 447 109 396 230 354 297 77
31 427 199 101 141 198 110 389 312 328 243 423 208 305 68 44 463 293 195 72 378 225 297 136 288 127 277 340 361 74 2 472
47 397 233 376 140 423 139 242 113 156 161 153 251 198 163 215 262 235 461 230 1 280 476 496 265 207 471 111 128 193 475 420 291 35 453 308 114 60 134 87 333 316 444 149 396 4 23 225
28 283 408 368 403 217 421 251 295 62 433 191 244 209 353 45 162 180 475 445 337 67 171 4 274 459 137 184 422
26 475 104 354 167 123 267 457 324 26 50 460 190 11 100 126 137 225 198 181 339 40 386 17 1 210 434
0
34 40 30 10 184 165 143 405 169 238 178 387 312 2 195 299 267 161 459 4 291 272 360 364 171 211 95 106 397 71 122 13 334 307 74
45 310 96 311 98 219 90 150 221 247 173 338 434 181 132 423 63 343 407 125 172 406 195 260 320 200 37 410 370 114 138 361 45 225 5 26 75 276 324 25 4 308 74 402 154 314
27 24 10 86 75 33 227 325 91 276 264 125 60 277 244 353 222 89 201 2 170 198 361 398 22 425 336 274
27 142 308 314 19 354 58 380 426 138 166 184 342 318 463 464 479 90 170 493 423 335 4 404 312 242 212 440
49 216 188 143 154 234 301 65 11 98 43 203 410 144 365 202 310 209 460 262 138 400 393 413 12 195 366 82 230 14 377 200 101 163 271 325 13 156 254 381 293 31 118 351 81 44 416 457 424 244
30 237 211 24 417 90 319 495 263 449 111 3 78 380 22 133 331 227 173 141 56 26 33 287 199 16 348 316 372 491 429
39 439 126 70 329 66 330 225 369 320 379 430 464 138 261 212 222 180 422 348 277 25 203 154 93 467 97 116 96 457 349 294 173 433 473 14 427 280 244 89
44 357 41 396 478 391 409 3 485 74 214 162 325 171 239 442 32 196 487 24 356 453 339 253 130 267 428 91 202 407 306 436 63 234 397 469 473 351 286 33 289 497 440 208 164
35 442 329 123 200 117 245 270 297 339 368 72 478 421 133 473 331 113 400 477 83 296 88 468 392 455 229 448 204 335 334 118 343 17 277 491
45 408 89 252 197 399 134 40 278 232 140 254 489 423 29 359 45 175 482 265 47 135 330 302 199 439 369 23 315 446 237 34 386 124 393 200 412 48 244 336 67 99 216 7 98 411
4 150 165 162 144
20 33 326 411 255 394 381 335 285 52 297 282 470 221 76 135 442 377 283 155 133
50 269 16 463 247 43 447 250 36 345 360 148 53 300 6 266 473 70 335 488 373 263 472 216 353 301 225 236 136 178 23 48 299 484 327 59 205 199 210 155 316 256 391 285 143 365 84 105 38 227 349
46 86 285 489 22 149 366 371 70 38 188 189 345 115 238 163 39 19 97 464 391 130 319 41 3 55 339 265 221 402 37 357 232 289 48 123 424 230 296 110 151 147 351 127 213 359 61
35 96 352 102 22 275 211 367 55 376 76 13 403 72 32 390 418 222 476 263 363 162 177 432 148 426 151 289 247 73 108 97 143 25 150 469
2 213 63
48 93 292 7 45 53 150 213 490 313 218 104 329 354 3 477 469 114 234 262 390 455 64 211 96 142 453 225 34 137 12 48 293 411 312 188 176 391 351 407 161 479 304 239 40 369 207 353 132
28 348 52 338 326 495 488 225 441 264 152 154 272 124 226 228 331 239 102 51 175 408 401 352 292 318 440 166 137
3 335 456 364
1 361
11 234 441 363 101 228 84 430 243 157 201 74
40 327 392 331 456 49 82 409 57 326 314 426 147 122 452 95 155 76 282 394 42 202 310 245 483 459 318 182 251 167 353 450 166 373 240 142 455 351 108 328 368
0
9 485 393 105 110 86 385 336 398 289
34 17 9 438 213 155 138 453 480 182 191 479 55 382 176 395 137 127 107 215 376 109 360 118 307 194 422 442 446 136 209 268 362 133 62
26 98 353 61 428 229 55 182 358 199 399 345 170 320 494 470 140 423 476 383 70 286 100 122 317 356 371
50 422 312 223 396 62 479 385 53 263 64 189 470 266 431 75 162 69 244 119 131 231 475 384 108 5 173 274 280 196 441 206 442 146 278 455 226 184 218 342 103 247 401 31 348 95 54 380 183 241 234
10 277 120 223 188 301 23 453 206 160 339
4 258 107 101 128
38 112 39 460 289 233 57 186 160 210 417 375 451 349 441 176 483 152 171 469 445 215 51 324 87 428 317 40 311 459 102 117 254 165 330 256 16 481 495
33 450 309 112 73 67 134 206 63 98 324 441 401 338 102 245 14 201 379 100 271 213 423 235 468 215 167 191 311 481 115 387 16 314
3 226 484 89
36 218 69 40 305 362 426 215 407 291 52 183 224 338 447 279 334 294 147 412 457 136 272 343 8 374 327 107 226 401 246 429 120 391 290 493 274
41 290 67 472 33 236 275 387 257 116 263 244 238 226 16 474 159 390 459 298 313 278 447 79 124 260 382 11 328 384 100 470 337 27 24 314 96 439 363 213 4 333
31 486 16 396 95 436 67 416 351 164 193 330 129 374 182 187 459 287 485 431 494 362 112 253 345 57 472 113 77 172 165 260
25 12 476 173 161 491 327 217 301 324 178 409 76 125 275 32 257 225 5 123 470 276 112 70 229 478
2 413 77
40 97 254 177 384 477 321 309 329 372 99 73 428 326 386 410 320 59 278 33 388 190 160 198 338 122 412 151 19 392 71 105 98 66 91 89 255 390 104 21 281
7 159 372 249 17 314 31 493
41 261 497 478 266 122 352 355 143 383 274 23 196 73 210 19 162 296 311 446 314 320 64 488 215 163 211 289 375 278 461 440 116 402 298 200 178 221 264 459 109 167
10 313 128 59 8 329 286 322 325 249 188
40 148 122 9 389 183 8 411 381 268 402 464 222 250 403 466 479 195 310 277 152 267 246 102 164 398 99 67 441 14 3 203 371 448 182 492 460 19 238 258 157
39 264 223 62 37 177 408 233 415 102 132 150 452 93 208 479 405 366 119 88 309 126 284 430 442 343 105 381 265 304 310 274 451 124 242 225 113 282 69 229
21 282 126 430 397 80 409 201 486 202 393 325 450 418 419 67 188 301 451 247 473 438
5 265 193 138 234 473
17 444 275 264 276 418 372 389 193 321 362 104 37 393 147 426 360 478
30 376 394 369 366 435 92 87 359 475 295 260 470 464 201 8 52 140 414 490 184 361 60 434 226 466 407 16 221 46 174
22 157 281 376 207 464 373 384 364 45 242 427 102 377 15 220 213 69 272 50 195 164 179
45 469 396 372 243 496 273 228 72 101 114 388 200 84 436 331 249 162 137 35 444 213 391 179 314 490 108 253 475 73 342 422 23 326 47 221 131 330 126 196 455 251 497 397 53 112
24 296 428 131 63 451 418 94 230 26 485 356 367 25 328 128 66 376 333 342 365 175 120 169 8
44 337 78 408 186 333 283 280 219 272 174 4 91 129 483 315 379 356 284 166 332 177 11 259 170 83 107 115 44 324 364 2 189 244 470 394 81 114 3 267 435 57 15 248 45
22 40 434 462 23 187 378 298 348 335 49 439 155 328 202 414 150 94 138 313 363 352 280
48 67 194 386 267 282 285 75 256 183 11 411 325 39 388 403 484 89 202 243 199 165 95 354 31 451 434 173 483 140 351 40 209 185 279 269 34 134 442 219 246 257 247 251 18 472 363 59 100
41 13 349 434 62 437 335 119 206 428 183 50 487 111 451 22 211 170 11 241 99 266 16 88 471 18 470 57 410 38 55 316 31 221 117 83 75 147 275 189 28 439
20 363 406 358 88 203 241 436 109 250 249 42 452 120 218 374 65 293 422 463 438
34 93 246 24 210 271 253 20 264 196 290 225 25 334 126 155 47 320 114 22 65 102 356 1 351 484 440 466 274 52 460 406 132 115 156
14 143 378 193 323 92 368 364 392 250 117 137 18 66 420
1 306
47 26 372 187 3 96 67 437 286 373 125 145 9 168 141 312 113 272 274 394 233 341 349 12 159 162 63 493 175 74 87 497 39 220 226 186 315 235 109 482 334 107 139 490 142 410 495 95
48 342 481 398 246 385 114 20 227 369 17 155 27 480 200 100 315 432 322 96 132 95 463 363 286 331 429 323 443 162 211 137 413 73 395 235 464 431 487 492 484 5 372 442 128 482 98 470 422
24 146 448 93 216 330 10 255 114 30 284 417 202 285 294 196 339 194 449 11 342 475 415 421 253
25 259 93 294 457 407 27 97 478 495 279 456 88 132 116 222 314 38 59 343 208 344 125 85 175 301
20 351 140 384 259 394 304 399 265 95 490 311 257 291 134 334 69 444 485 119 91
25 375 123 420 481 436 393 320 404 389 189 60 274 70 278 224 210 464 226 373 246 257 271 148 291 368
46 39 252 479 24 483 292 462 173 243 212 345 153 147 433 69 391 347 489 167 263 205 86 21 227 324 353 446 440 351 372 172 84 238 221 73 47 77 112 449 134 431 125 183 484 210 184
10 336 316 424 146 281 403 475 485 181 421
0
29 430 424 355 53 382 442 282 127 133 201 17 45 408 290 209 154 193 441 350 497 172 218 409 168 11 437 368 309 231
42 83 66 172 249 245 31 199 231 406 338 432 137 240 299 292 128 274 17 288 111 287 49 291 41 156 104 234 330 168 149 389 456 183 131 259 271 474 5 384 170 203 403
14 244 241 279 260 235 414 130 385 30 290 400 272 472 128
38 170 289 372 248 332 440 334 103 83 320 33 387 437 358 213 42 198 424 63 172 93 106 337 286 1 452 151 292 418 121 432 306 100 201 115 276 247 262
14 350 71 336 107 402 474 161 471 284 486 359 268 153 41
2 139 201
2 466 61
37 89 317 76 150 437 12 195 315 446 396 280 361 319 444 381 279 103 438 304 328 365 256 107 162 252 254 322 138 59 4 235 91 285 420 113 397 119
36 330 406 423 299 49 4 17 143 495 254 83 194 215 494 162 257 465 297 11 300 434 62 14 37 311 245 460 61 213 265 320 435 276 230 360 90
33 465 8 21 433 481 289 49 38 187 117 351 241 288 69 133 172 296 3 393 274 25 57 487 371 263 412 378 438 477 460 468 223 36
47 96 215 105 482 73 361 362 397 360 430 188 414 274 193 473 396 16 149 201 2 469 309 28 348 114 288 253 474 359 268 42 87 39 131 29 317 312 406 254 3 151 197 116 205 408 248 329
43 363 427 317 187 73 116 434 208 224 106 122 475 425 490 55 119 110 248 229 484 369 65 400 260 336 107 327 382 446 463 127 372 165 244 221 399 445 62 196 308 409 497 225
50 284 299 258 66 376 418 287 14 201 189 391 46 20 52 51 163 430 167 416 116 29 215 241 274 297 279 467 403 17 476 466 224 355 296 252 439 325 110 45 175 341 236 488 248 448 123 211 300 182 217
47 405 101 136 149 209 353 361 418 258 217 224 248 162 144 176 298 120 331 442 351 13 192 191 417 261 264 486 463 346 48 431 269 18 36 1 6 19 385 347 342 81 480 114 280 27 358 398
26 132 466 70 285 243 322 229 182 22 213 277 148 361 402 67 167 369 45 147 76 399 324 469 127 210 34
5 353 486 181 26 29
11 177 342 445 3 302 275 453 78 330 123 64
2 53 88
50 159 104 351 63 126 205 121 412 485 216 101 478 40 240 456 91 360 377 122 300 375 473 31 439 319 132 190 402 468 231 442 97 315 135 228 44 37 208 261 147 355 350 481 397 324 301 192 345 3 35
34 63 108 372 167 214 125 68 413 401 54 8 489 52 137 464 334 20 187 113 139 472 447 271 344 346 152 427 82 270 138 110 322 166 481
47 318 316 218 174 6 53 22 401 165 52 173 145 487 114 290 11 217 21 45 362 234 442 466 238 185 284 253 112 299 270 46 428 58 178 144 340 222 440 118 82 125 358 287 248 356 350 258
15 353 45 383 134 59 354 360 352 44 98 291 115 320 369 75
40 227 183 113 185 358 237 299 79 375 238 466 211 447 335 85 285 214 164 112 417 126 400 76 369 80 431 319 415 268 497 462 320 234 23 292 271 444 376 455 259
39 145 169 253 377 490 491 201 392 314 199 236 304 72 467 128 205 321 162 334 311 412 244 401 488 361 440 464 373 352 447 149 86 18 419 181 406 158 359 369
18 272 100 97 324 147 232 175 329 256 491 354 118 489 205 311 281 288 203
16 273 263 217 249 40 117 497 347 428 226 475 101 116 197 65 194
10 43 366 415 278 367 285 389 451 194 24
28 286 5 245 494 88 308 350 138 194 465 53 272 372 391 413 358 111 128 26 313 22 394 398 132 56 295 393 260
33 5 478 220 393 178 349 19 489 230 491 251 279 49 310 304 74 464 119 293 98 6 416 364 302 218 80 82 254 236 155 212 267 39
49 203 304 204 97 153 491 3 43 233 238 113 225 494 111 179 286 312 352 240 431 35 207 121 387 273 310 285 313 99 336 146 71 60 329 425 75 278 210 116 332 490 156 252 2 250 206 290 375 461
10 99 244 332 309 263 129 180 462 319 293
22 45 369 133 304 124 311 380 330 93 346 236 258 480 240 106 9 210 200 439 431 421 128
50 376 39 468 228 265 347 316 374 92 3 491 94 278 21 281 445 18 155 166 191 121 33 67 140 366 77 148 398 267 381 258 192 236 245 300 143 375 480 492 425 208 295 157 93 428 233 472 495 165 136
5 462 441 473 61 344
16 180 486 148 160 242 196 309 106 391 66 324 130 75 146 380 183
19 252 129 205 51 184 122 496 367 403 174 147 365 254 263 8 296 356 132 138
15 331 41 119 153 481 319 427 168 471 264 299 127 370 313 173
26 345 368 298 234 140 463 146 189 479 489 50 229 141 288 240 303 31 98 470 75 160 133 372 415 24 393
49 396 123 495 442 362 142 21 330 26 69 109 422 260 136 298 333 277 184 335 347 112 62 231 181 436 157 368 176 390 304 435 423 371 243 331 207 440 126 100 355 170 366 356 83 93 460 161 18 193
49 417 333 112 355 277 36 98 228 335 230 337 204 297 305 467 21 331 344 381 354 160 341 489 291 494 456 146 178 409 253 475 433 265 257 238 183 3 454 123 287 311 349 157 453 71 100 124 429 46
24 439 410 266 171 6 329 381 399 492 299 65 205 411 325 114 416 305 179 177 408 470 98 166 219
17 175 180 198 105 230 314 332 276 224 306 343 369 171 72 213 100 108
48 150 317 302 342 219 485 410 244 234 322 197 165 133 400 369 3 381 281 137 344 217 456 246 31 44 489 252 14 262 164 341 52 479 374 102 280 301 435 264 66 442 401 332 221 453 328 495 41
42 25 94 67 290 273 341 258 375 302 209 369 331 214 210 69 129 188 346 158 142 87 65 311 208 181 409 377 163 242 130 494 245 391 51 83 354 492 85 277 352 55 240
42 208 419 149 370 201 43 475 399 487 323 368 344 27 174 57 72 15 108 274 138 471 337 263 256 277 340 441 345 202 162 47 184 70 225 338 120 333 352 248 404 469 483
47 335 281 377 148 190 278 74 45 384 449 81 492 485 431 408 55 172 287 305 189 77 322 469 215 291 58 205 139 32 209 67 72 429 237 456 15 182 316 18 307 490 436 94 228 409 28 388
37 361 389 156 293 409 322 261 443 257 184 183 375 466 460 485 220 376 348 124 408 395 37 279 31 104 318 385 412 210 312 207 454 398 459 309 148 470
41 251 319 204 332 64 384 295 17 297 76 148 441 387 171 289 404 198 118 233 40 147 127 14 4 103 242 403 63 354 200 96 99 275 136 299 29 368 65 303 401 438
23 85 213 120 323 136 282 269 427 494 135 169 124 331 374 365 342 278 207 340 270 359 112 99
42 4 269 349 218 207 491 201 47 18 209 364 123 119 109 426 171 330 252 90 241 144 441 131 68 33 163 158 468 412 434 211 296 267 335 240 255 479 183 338 233 389 465
11 285 116 463 324 415 409 11 432 23 421 399
32 107 123 202 377 29 147 451 261 288 252 226 436 244 102 294 336 6 397 3 78 497 274 370 360 197 424 313 5 178 450 52 383
15 29 26 337 405 245 289 54 449 384 387 216 161 332 238 435
5 61 466 133 218 404
47 287 43 308 243 370 124 294 361 405 31 110 21 398 44 239 66 249 381 285 277 281 137 59 393 217 118 425 48 353 312 301 41 418 270 240 100 479 327 60 430 402 46 139 98 276 164 350
49 185 244 316 468 196 87 471 413 417 350 273 447 200 107 215 469 17 175 184 47 21 445 228 53 299 329 140 240 401 106 68 170 76 149 266 451 163 368 349 166 64 127 31 195 410 159 416 38 304
25 315 462 96 181 36 355 310 188 104 227 13 139 142 53 294 311 317 216 191 190 4 407 486 30 244
31 246 489 407 219 201 389 35 99 14 237 83 430 437 412 302 34 144 199 192 380 484 369 290 240 278 486 259 65 218 322 210
48 342 417 320 344 317 176 80 40 294 288 363 26 69 360 401 314 30 374 160 469 295 289 345 114 328 385 139 166 18 408 441 81 446 135 97 124 35 210 341 477 478 475 361 167 173 309 247 428
29 122 12 207 148 375 70 466 384 474 419 405 431 64 145 208 129 230 416 198 319 40 83 226 248 414 149 43 389 281
35 205 24 301 214 295 381 27 227 355 11 304 85 452 59 276 335 25 292 162 402 1 78 153 427 61 491 147 238 185 474 475 4 485 286 28
30 153 228 423 146 359 283 57 397 285 297 45 104 263 262 69 443 60 155 433 168 81 412 137 442 26 170 345 468 294 41
44 378 119 209 482 282 320 157 240 104 196 407 390 388 234 7 420 331 435 116 298 312 246 32 415 396 150 302 10 356 110 275 192 307 354 118 46 44 237 486 310 336 299 267 128
0
35 481 70 111 107 364 14 309 181 419 337 451 338 115 369 432 75 473 404 349 219 302 480 214 413 40 318 206 411 45 266 73 280 176 321 468
30 145 334 491 67 450 264 403 124 420 153 472 328 63 382 155 347 445 174 105 206 478 222 131 449 176 30 196 205 365 446
6 181 489 247 44 438 468
17 388 80 89 48 437 114 79 497 452 399 354 342 157 429 40 465 75
7 432 71 365 481 154 55 289
10 182 309 116 293 19 236 75 74 102 136
26 192 142 447 421 413 463 320 495 406 53 35 210 237 61 456 4 173 200 193 241 261 170 17 351 290 450
40 460 255 165 402 394 226 327 488 89 4 428 83 97 60 472 106 481 126 384 292 273 471 282 214 105 401 466 114 355 191 220 249 56 216 160 448 280 28 49 195
18 428 122 132 157 5 45 240 129 144 81 415 332 32 29 277 468 433 197
17 294 221 213 462 240 359 306 483 23 330 289 134 199 247 207 405 264
31 13 397 78 242 102 320 417 431 240 374 126 193 323 147 422 159 293 307 185 174 330 62 294 345 93 104 35 420 74 304 333
8 492 437 414 386 490 76 275 319
44 439 370 72 220 493 314 348 385 490 16 75 196 470 354 343 332 87 25 403 119 393 161 138 210 444 357 188 306 98 192 230 338 279 166 255 254 124 289 111 391 154 312 79 351
6 107 408 37 465 384 495
47 113 162 238 304 230 491 284 385 119 319 147 440 201 89 45 41 102 217 145 26 24 331 3 334 250 451 87 379 142 180 278 351 457 339 14 233 459 52 224 340 223 476 333 221 210 271 71
42 148 124 364 304 76 394 275 315 226 292 110 494 475 234 15 147 409 407 321 37 13 391 113 372 27 309 3 488 204 424 211 491 129 112 43 283 154 254 368 8 361 44
50 456 409 5 52 318 237 59 67 464 445 73 238 110 317 342 496 28 39 192 222 344 474 278 162 225 484 236 152 11 472 84 184 471 187 297 113 336 325 402 476 266 374 394 18 376 106 227 461 383 282
12 82 64 258 459 253 446 89 357 464 140 382 133
20 380 110 294 400 362 137 168 58 156 273 359 200 115 12 481 160 142 114 139 419
34 96 489 72 218 347 342 189 440 430 122 368 172 24 398 447 227 145 202 41 209 186 395 429 54 77 217 94 426 1 472 253 491 10 234
44 55 63 123 103 272 18 384 476 72 109 466 306 368 114 321 166 425 230 217 440 175 486 22 465 359 312 37 430 203 481 188 54 491 493 258 471 100 64 201 483 84 132 424 182
34 434 264 54 229 49 226 473 175 377 430 152 1 311 130 433 215 285 83 249 128 243 424 61 132 288 421 124 189 122 405 347 350 441 93
45 291 374 410 241 251 33 273 137 473 173 433 261 7 383 24 341 22 25 299 394 488 446 485 303 343 119 153 64 57 468 294 222 405 376 147 101 186 126 113 83 390 317 165 436 234
46 469 157 125 261 242 372 240 345 82 13 6 5 327 253 64 468 337 445 338 244 93 297 457 474 441 216 238 180 40 130 359 352 175 383 143 71 39 368 454 186 182 298 295 403 339 421
27 294 337 95 266 382 365 462 283 133 398 359 425 393 60 116 370 164 355 340 251 482 226 59 144 282 494 272
36 159 5 334 461 19 236 405 337 299 102 404 371 103 463 48 228 23 138 313 31 488 369 441 304 68 27 261 495 338 408 53 202 450 385 346 478
8 371 254 213 43 106 182 242 470
2 238 400
9 146 145 354 136 397 478 490 372 314
9 19 107 250 382 28 372 371 396 92
26 325 358 211 7 57 355 487 131 469 243 341 385 374 210 229 494 291 191 148 171 10 58 424 297 96 139
17 471 370 341 192 59 203 12 414 116 101 60 494 336 243 82 28 474
26 6 387 113 493 266 298 407 328 249 214 318 154 100 492 222 239 485 130 452 482 138 441 329 73 404 496
38 486 171 116 55 398 69 75 474 209 284 406 348 149 193 202 5 487 256 36 439 289 41 50 409 96 475 472 456 141 489 363 232 228 495 481 368 393 497
43 434 374 317 438 143 281 480 315 327 97 426 134 266 215 45 15 130 84 423 413 17 243 183 489 174 11 356 295 391 428 270 210 319 337 443 253 395 316 40 299 244 2 287
49 250 441 393 322 106 94 18 366 56 387 177 259 51 242 385 123 355 131 377 180 227 203 188 296 16 374 404 334 295 353 453 82 211 31 384 305 133 437 61 163 416 231 378 101 398 235 491 52 118
22 345 379 366 364 460 129 159 137 333 138 267 157 63 430 321 42 266 98 427 342 476 256
34 58 406 117 334 116 339 131 452 427 411 14 169 395 384 218 216 224 88 151 118 144 289 97 463 316 23 400 28 365 392 300 210 184 307
46 458 191 248 9 309 199 41 113 274 5 249 144 330 354 372 446 427 213 12 11 432 344 160 205 497 476 110 218 340 339 138 474 56 311 346 414 265 257 352 55 317 391 332 465 227 45
16 421 327 242 313 94 28 48 81 427 203 371 282 162 27 155 334
48 24 457 345 163 98 307 308 142 77 316 358 371 278 405 204 111 233 89 109 127 434 54 8 32 259 176 239 120 110 177 55 384 313 382 392 411 85 452 437 306 297 203 76 404 270 79 341 229
