5
99 96
2 0 0 1 1 2 1 0 1 1 1 0 0 0 1 0 1 1 2 1 1 1 1 1 0 1 2 4 0 0 0 2 2 1 1 1 1 1 0 2 0 0 0 1 1 3 0 1 0 0 1 2 1 4 1 2 1 0 1 0 0 2 0 0 0 2 3 2 1 0 1 2 2 0 1 1 0 0 1 0 0 1 2 1 3 1 3 1 3 0 3 0 0 2 2 2
2 14 58
1 55
2 53 69
0
0
1 76
2 23 38
1 41
2 74 54
0
0
2 83 91
0
0
0
1 48
0
0
1 96
2 76 52
1 17
2 51 44
2 5 56
2 30 46
2 89 25
1 67
0
1 43
0
2 24 3
0
0
0
2 5 16
2 72 61
1 74
0
1 54
1 96
1 54
2 31 16
2 21 32
1 90
2 53 4
1 15
2 6 61
1 38
2 64 61
0
0
0
1 79
2 66 57
0
0
2 38 95
1 28
0
2 75 44
1 84
1 60
1 72
0
0
1 54
2 60 17
2 34 89
0
1 11
1 58
1 89
1 40
1 91
1 7
0
0
2 34 84
2 28 40
1 43
0
1 81
2 89 79
1 69
1 75
1 70
1 70
1 36
2 21 51
0
2 92 74
0
2 58 10
1 38
1 69
2 79 12
1 25
2 75 74
2 77 43
2 22 51
100 95
2 0 1 1 1 3 1 2 0 2 3 2 0 0 0 1 0 2 0 0 0 0 1 3 1 2 0 2 2 1 1 0 0 0 2 1 0 1 3 1 0 2 1 0 0 3 2 3 1 0 0 1 1 1 2 0 2 3 1 0 2 0 3 0 2 2 0 1 1 2 2 0 1 0 1 1 0 1 0 0 2 1 1 0 1 3 0 1 2 0 1 2 1 1 0
0
0
1 77
0
1 60
0
2 90 52
2 16 70
1 50
2 30 38
2 94 91
2 25 47
0
0
1 66
0
2 35 82
0
2 39 70
2 28 64
2 85 66
1 22
1 62
2 56 7
2 85 2
0
2 64 90
0
2 24 89
0
0
1 4
2 81 34
0
0
0
0
0
1 18
0
1 51
2 79 3
2 35 61
2 81 92
2 13 11
0
2 85 83
2 64 74
0
1 40
2 71 69
0
1 48
0
2 14 30
1 45
1 22
1 83
2 17 22
2 81 83
2 43 7
1 55
1 24
1 33
2 61 85
1 55
1 79
2 62 57
0
0
1 89
1 64
1 29
1 35
2 31 12
1 62
0
0
1 46
0
1 83
2 40 83
0
2 44 30
1 10
2 67 18
1 40
0
2 80 34
0
1 65
1 53
1 88
1 14
1 24
1 43
0
1 39
1 85
0
95 95
0 1 0 1 2 2 0 1 1 0 2 2 0 0 0 2 0 1 2 2 2 0 0 4 1 1 1 3 1 1 1 2 2 0 1 0 1 0 0 3 1 2 1 0 1 0 0 1 1 0 1 1 0 0 0 0 1 4 0 0 1 0 3 0 2 0 0 1 0 1 0 2 2 1 3 0 2 2 1 0 1 0 2 2 1 2 0 2 0 1 0 0 1 4 1
1 52
2 33 77
0
1 22
0
0
2 49 20
1 48
2 40 91
2 73 17
1 28
1 10
1 52
1 68
1 65
0
1 68
1 11
2 67 57
2 72 23
1 5
1 77
1 69
2 4 27
1 9
2 70 68
0
0
0
1 43
1 85
1 2
1 23
2 68 84
1 30
1 53
0
2 95 73
1 7
1 70
2 25 52
0
2 29 27
1 38
1 37
1 26
1 8
0
2 28 75
0
0
0
1 37
1 39
1 88
0
2 32 13
0
1 87
1 14
0
1 10
2 53 28
2 95 5
1 32
0
2 63 23
2 15 5
0
2 62 18
2 79 32
2 33 51
1 95
0
2 77 69
1 76
1 22
0
0
2 92 91
0
1 34
2 85 68
2 13 65
1 39
2 7 83
2 81 67
0
0
1 4
1 89
0
2 35 19
2 52 37
1 32
100 97
0 0 0 0 0 0 1 1 2 1 0 4 0 1 0 0 1 1 1 0 1 2 1 3 0 1 2 1 0 1 0 2 0 1 0 1 0 0 1 2 2 1 0 3 2 2 1 1 0 1 0 0 3 0 0 1 1 1 1 1 0 1 1 2 1 1 2 1 2 0 1 3 1 2 1 1 1 3 4 2 0 1 3 2 0 2 1 1 2 1 1 1 0 0 1 1 0
1 55
1 90
2 50 37
1 50
1 89
0
1 35
2 87 65
0
2 78 44
0
0
0
1 55
1 33
1 93
2 32 63
2 80 20
1 94
0
2 21 95
2 96 47
0
2 52 18
1 44
0
2 37 93
1 15
1 28
1 28
2 11 42
1 94
2 67 8
1 61
2 76 72
0
2 10 54
2 93 78
1 14
0
0
2 7 35
0
1 78
0
1 37
2 31 78
2 51 94
1 86
2 95 37
0
0
1 15
1 34
1 26
0
2 32 6
2 62 61
1 95
2 14 47
0
1 63
2 28 20
0
1 32
2 6 28
1 31
0
2 1 69
1 71
1 67
0
1 21
0
1 29
0
2 96 46
1 72
0
1 92
0
2 70 59
0
2 47 25
2 62 68
0
0
1 71
2 89 60
0
1 61
1 21
2 75 1
0
2 19 79
0
1 62
2 38 80
1 65
2 77 66
99 100
1 0 2 1 0 1 0 1 0 1 1 0 1 1 1 3 0 0 0 0 1 1 1 1 1 1 0 1 1 1 0 2 0 1 3 2 3 2 0 2 0 2 2 1 1 2 1 1 0 2 2 0 1 1 2 2 1 1 1 3 1 2 1 0 0 1 1 1 1 0 0 0 1 0 1 5 2 0 0 0 1 1 0 2 2 2 0 1 0 1 0 2 1 0 0 2 0 1 2 0
2 21 67
0
1 97
2 45 30
1 95
2 2 12
2 11 82
2 62 65
1 73
2 23 91
2 44 39
2 43 30
2 63 84
0
1 12
0
0
0
2 64 20
0
2 100 81
2 3 62
1 30
0
0
2 1 63
0
0
0
2 52 19
2 51 62
2 76 95
0
0
1 53
1 90
2 80 92
1 4
0
1 95
1 58
2 94 74
1 55
0
2 77 29
1 39
1 95
0
1 37
1 45
0
2 1 60
0
2 27 76
1 50
2 45 33
1 93
0
0
0
0
1 5
0
2 59 90
2 16 10
2 83 3
1 53
1 67
1 37
2 41 88
0
1 86
2 81 49
2 45 62
1 67
1 88
2 55 27
0
0
0
0
1 81
0
2 27 20
1 2
1 69
1 36
2 21 47
1 27
2 48 59
2 3 17
0
0
2 9 52
0
2 28 56
1 85
1 19
1 43
